24.84 150.84 0.16 0 0
25 0 0 25 0
0 25 0 0 25
0 0 25 0 0
25 23.62 0.7 1.38 7
7 7 7 22.55 115.38
2.45 0 0 25 0
0 25 0 0 25
0 0 25 0 0
25 21.96 15.26 3.04 23.7
1.15 1.3 6 7 7
7 24.72 129.09 0.28 0
0 25 0 0 25
0 0 25 0 0
25 0 0 25 20.31
5.28 4.69 20.24 0.36 4.76
6 6 7 7 24.2
122.97 0.8 0 0 25
0 0 25 0 0
25 0 0 25 0
0 25 22.19 5.96 2.81
21.96 2.72 3.04 6 6
6 7 24.92 127.31 0.08
0 0 25 0 0
25 0 0 25 0
0 25 0 0 25
23.59 24.18 1.41 0 0
25 6 6 6 6
22.61 115.95 2.39 0 0
25 0 0 25 0
0 25 0 0 25
21.83 14.76 3.17 0 0
25 23.62 1.23 1.38 5
7 7 7 20.05 85.72
4.95 0 0 25 0
0 25 0 0 25
0 0 25 22.05 14.6
2.95 20.35 12.04 4.65 23.57
1.62 1.43 5 6 7
7 22.32 97.21 2.68 0
0 25 0 0 25
0 0 25 0 0
25 21.71 12.83 3.29 19.83
5.15 5.17 20.1 0.85 4.9
5 6 6 7 21.91
90.78 3.09 0 0 25
0 0 25 0 0
25 0 0 25 22
12.41 3 21.84 5.61 3.16
21.96 3.49 3.04 5 6
6 6 24.65 129.07 0.35
0 0 25 0 0
25 0 0 25 0
0 25 20.04 5.14 4.96
0 0 25 20.39 0.71
4.61 5 5 7 7
22.48 95.89 2.52 0 0
25 0 0 25 0
0 25 0 0 25
20.34 5.17 4.66 22.17 12.8
2.83 20.24 0.91 4.76 5
5 6 7 24.39 108.78
0.61 0 0 25 0
0 25 0 0 25
0 0 25 19.77 5.51
5.23 19.71 4.95 5.29 16.38
0.51 8.62 5 5 6
6 24.38 122.86 0.62 0
0 25 0 0 25
0 0 25 0 0
25 21.85 5.81 3.15 0
0 25 22.19 2.91 2.81
5 5 5 7 21.86
91 3.14 0 0 25
0 0 25 0 0
25 0 0 25 21.72
5.53 3.28 21.97 12.73 3.03
21.87 3.32 3.13 5 5
5 6 24.86 127.42 0.14
0 0 25 0 0
25 0 0 25 0
0 25 23.43 24.29 1.57
0 0 25 0 0
25 5 5 5 5
22.42 115.96 2.58 0 0
25 0 0 25 0
0 25 21.9 15.1 3.1
0 0 25 0 0
25 23.56 1.06 1.44 4
7 7 7 20.12 86.41
4.88 0 0 25 0
0 25 0 0 25
21.93 14.61 3.07 0 0
25 20.1 11.53 4.9 23.55
1.75 1.45 4 6 7
7 22.18 96.63 2.82 0
0 25 0 0 25
0 0 25 21.96 13.32
3.04 0 0 25 19.93
5.16 5.07 20 0.82 5
4 6 6 7 21.8
90.6 3.2 0 0 25
0 0 25 0 0
25 21.94 12.78 3.06 0
0 25 22.34 5.8 2.66
21.73 3.01 3.27 4 6
6 6 20.19 86.63 4.81
0 0 25 0 0
25 0 0 25 21.84
14.19 3.16 20.27 11.74 4.73
0 0 25 23.59 1.55
1.41 4 5 7 7
18.42 61 6.58 0 0
25 0 0 25 0
0 25 22.24 14.03 2.76
20.45 11.38 4.55 18.31 8.47
6.69 23.76 1.94 1.24 4
5 6 7 20 68.11
5 0 0 25 0
0 25 0 0 25
21.71 12.93 3.29 20.18 10.24
4.82 20.08 5.56 4.92 19.95
1.24 5.05 4 5 6
6 22.25 96.26 2.75 0
0 25 0 0 25
0 0 25 21.98 13.14
3.02 20.05 5.23 4.95 0
0 25 20.06 1.03 4.94
4 5 5 7 19.59
69.23 5.41 0 0 25
0 0 25 0 0
25 21.93 13.31 3.07 19.89
5.24 5.11 19.84 9.83 5.16
19.99 1.15 5.01 4 5
5 6 21.76 90.44 3.24
0 0 25 0 0
25 0 0 25 21.78
13.26 3.22 21.73 5.62 3.27
0 0 25 21.91 3.5
3.09 4 5 5 5
24.58 129.53 0.42 0 0
25 0 0 25 0
0 25 19.76 5.53 5.24
0 0 25 0 0
25 19.9 0.7 5.1 4
4 7 7 22.18 95.56
2.82 0 0 25 0
0 25 0 0 25
20.03 5.26 4.97 0 0
25 21.97 13.74 3.03 20.21
1.05 4.79 4 4 6
7 24.36 108.77 0.64 0
0 25 0 0 25
0 0 25 19.93 5.48
5.07 0 0 25 20.03
5.19 4.97 15.93 0.31 9.07
4 4 6 6 22.34
96.36 2.66 0 0 25
0 0 25 0 0
25 20.37 5.35 4.63 21.62
12.99 3.38 0 0 25
20.05 0.92 4.95 4 4
5 7 20.2 68.08 4.8
0 0 25 0 0
25 0 0 25 20.18
5.49 4.82 21.89 12.78 3.11
20.01 10.31 4.99 19.75 1.31
5.25 4 4 5 6
24.57 108.06 0.43 0 0
25 0 0 25 0
0 25 20.04 5.28 4.96
19.98 5.28 5.02 0 0
25 16.36 0.43 8.64 4
4 5 5 24.27 122.59
0.73 0 0 25 0
0 25 0 0 25
21.68 6.6 3.32 0 0
25 0 0 25 21.84
3.02 3.16 4 4 4
7 21.75 89.97 3.25 0
0 25 0 0 25
0 0 25 22.05 5.75
2.95 0 0 25 22.05
13.02 2.95 22.13 3.28 2.87
4 4 4 6 22.01
90.04 2.99 0 0 25
0 0 25 0 0
25 21.65 5.64 3.35 22.02
13.55 2.98 0 0 25
21.69 3.4 3.31 4 4
4 5 24.85 127.11 0.15
0 0 25 0 0
25 0 0 25 23.6
24.44 1.4 0 0 25
0 0 25 0 0
25 4 4 4 4
22.3 75.88 2.7 0 0
25 0 0 25 21.73
53.95 3.27 0 0 25
0 0 25 0 0
25 23.74 2.4 1.26 3
7 7 7 22.65 75.19
2.35 0 0 25 0
0 25 20.11 31.65 4.89
0 0 25 0 0
25 20.07 9.3 4.93 20.09
0.94 4.91 3 6 7
7 22.45 72.91 2.55 0
0 25 0 0 25
21.79 35.57 3.21 0 0
25 0 0 25 18.23
3.05 6.77 22.37 3.63 2.63
3 6 6 7 22.39
73.92 2.61 0 0 25
0 0 25 21.73 33.14
3.27 0 0 25 0
0 25 23.87 24.95 1.13
0 0 25 3 6
6 6 22.44 75.59 2.56
0 0 25 0 0
25 20.26 31.72 4.74 0
0 25 19.76 9.27 5.24
0 0 25 20.09 0.87
4.91 3 5 7 7
22.49 75.95 2.51 0 0
25 0 0 25 17.97
11.99 7.03 0 0 25
20.03 9.54 4.97 18.3 5.02
6.7 18.03 0.68 6.97 3
5 6 7 22.24 73.12
2.76 0 0 25 0
0 25 20.25 14.98 4.75
0 0 25 19.95 7.11
5.05 18.26 3.28 6.74 18.22
2.59 6.78 3 5 6
6 22.15 72.69 2.85 0
0 25 0 0 25
21.95 36.32 3.05 0 0
25 18.31 3.42 6.69 0
0 25 21.72 3.44 3.28
3 5 5 7 22.22
72.8 2.78 0 0 25
0 0 25 20.05 15.95
4.95 0 0 25 18.14
3.02 6.86 20.19 7.42 4.81
17.9 2.31 7.1 3 5
5 6 22.33 73.16 2.67
0 0 25 0 0
25 21.97 33.56 3.03 0
0 25 23.64 25.34 1.36
0 0 25 0 0
25 3 5 5 5
20.3 49.26 4.7 0 0
25 0 0 25 22.21
54.12 2.79 20.11 7.65 4.89
0 0 25 0 0
25 23.58 2.77 1.42 3
4 7 7 20.42 49.97
4.58 0 0 25 0
0 25 20.07 31.61 4.93
20.01 7.53 4.99 0 0
25 19.82 9.25 5.18 20.06
1.26 4.94 3 4 6
7 20.33 46.97 4.67 0
0 25 0 0 25
21.75 35.59 3.25 20.15 7.82
4.85 0 0 25 18.5
3.36 6.5 21.61 3.92 3.39
3 4 6 6 20.34
50.35 4.66 0 0 25
0 0 25 19.81 31.02
5.19 20.05 7.81 4.95 20.01
9.69 4.99 0 0 25
19.67 1.25 5.33 3 4
5 7 20.14 50.1 4.86
0 0 25 0 0
25 18.3 12.6 6.7 19.85
8.09 5.15 19.84 8.78 5.16
18.22 5.11 6.78 18.25 0.72
6.75 3 4 5 6
19.78 47.85 5.22 0 0
25 0 0 25 21.58
35.46 3.42 20.19 7.8 4.81
18.02 3.11 6.98 0 0
25 21.95 4.26 3.05 3
4 5 5 22.34 55.82
2.66 0 0 25 0
0 25 21.99 52.69 3.01
20.06 5.3 4.94 0 0
25 0 0 25 20.04
1.76 4.96 3 4 4
7 22.33 56.85 2.67 0
0 25 0 0 25
19.74 29.6 5.26 20.25 4.82
4.75 0 0 25 19.93
9.31 5.07 16.54 0.63 8.46
3 4 4 6 21.98
56.93 3.02 0 0 25
0 0 25 19.85 30.29
5.15 19.95 5.06 5.05 20
9.18 5 0 0 25
16.39 0.37 8.61 3 4
4 5 22.09 52.06 2.91
0 0 25 0 0
25 21.77 51.4 3.23 21.64
4.11 3.36 0 0 25
0 0 25 22.15 4.78
2.85 3 4 4 4
24.7 89.39 0.3 0 0
25 0 0 25 20.26
44.6 4.74 0 0 25
0 0 25 0 0
25 20.07 0.98 4.93 3
3 7 7 24.3 82.58
0.7 0 0 25 0
0 25 18.79 22.86 6.21
0 0 25 0 0
25 20.13 8.66 4.87 19.9
2.78 5.1 3 3 6
7 24.75 85.78 0.25 0
0 25 0 0 25
20.01 28.48 4.99 0 0
25 0 0 25 20.26
20.72 4.74 0 0 25
3 3 6 6 24.44
82.85 0.56 0 0 25
0 0 25 18.2 23.29
6.8 0 0 25 19.9
7.99 5.1 0 0 25
20.05 3.28 4.95 3 3
5 7 23.84 76.96 1.16
0 0 25 0 0
25 16.28 5.03 8.72 0
0 25 19.93 6.36 5.07
20.37 6.61 4.63 20.04 4.58
4.96 3 3 5 6
24.67 86.22 0.33 0 0
25 0 0 25 19.69
28.88 5.31 0 0 25
20.03 20.51 4.97 0 0
25 0 0 25 3
3 5 5 22.34 60.13
2.66 0 0 25 0
0 25 19.91 45.65 5.09
21.73 8.87 3.27 0 0
25 0 0 25 20.01
1.36 4.99 3 3 4
7 21.5 53.72 3.5 0
0 25 0 0 25
18.76 23.41 6.24 21.99 9.16
3.01 0 0 25 19.77
7.89 5.23 20.38 3.42 4.62
3 3 4 6 22.08
54.38 2.92 0 0 25
0 0 25 18.31 23.22
6.69 21.8 8.72 3.2 20.11
7.98 4.89 0 0 25
20.18 3.22 4.82 3 3
4 5 24.55 68.85 0.45
0 0 25 0 0
25 19.97 44.44 5.03 20.06
4.46 4.94 0 0 25
0 0 25 16.78 0.89
8.22 3 3 4 4
24.31 75.21 0.69 0 0
25 0 0 25 21.91
48.87 3.09 0 0 25
0 0 25 0 0
25 22.01 7.69 2.99 3
3 3 7 24.26 75.33
0.74 0 0 25 0
0 25 21.96 29.58 3.04
0 0 25 0 0
25 21.82 27.05 3.18 0
0 25 3 3 3
6 24.23 75.8 0.77 0
0 25 0 0 25
21.97 29.74 3.03 0 0
25 21.64 26.62 3.36 0
0 25 0 0 25
3 3 3 5 22.35
48.41 2.65 0 0 25
0 0 25 22.01 47.91
2.99 21.69 7.68 3.31 0
0 25 0 0 25
21.74 8.21 3.26 3 3
3 4 24.92 80.15 0.08
0 0 25 0 0
25 23.62 71.31 1.38 0
0 25 0 0 25
0 0 25 0 0
25 3 3 3 3
22.55 75.51 2.45 0 0
25 21.85 54.09 3.15 0
0 25 0 0 25
0 0 25 0 0
25 23.65 2.35 1.35 2
7 7 7 22.62 75.66
2.38 0 0 25 19.91
31.32 5.09 0 0 25
0 0 25 0 0
25 20.03 9.2 4.97 20.23
1.03 4.77 2 6 7
7 22.25 72.35 2.75 0
0 25 22.04 35.87 2.96
0 0 25 0 0
25 0 0 25 18.68
3.47 6.32 21.88 3.46 3.12
2 6 6 7 22.65
73.83 2.35 0 0 25
21.65 32.9 3.35 0 0
25 0 0 25 0
0 25 23.77 25.2 1.23
0 0 25 2 6
6 6 20.03 50.14 4.97
0 0 25 21.76 54.12
3.24 0 0 25 0
0 25 19.53 8.18 5.47
0 0 25 23.53 2.71
1.47 2 5 7 7
19.76 50.13 5.24 0 0
25 19.89 31.85 5.11 0
0 25 0 0 25
19.86 7.97 5.14 20.01 9.4
4.99 19.93 1.2 5.07 2
5 6 7 19.86 47.15
5.14 0 0 25 21.77
36.15 3.23 0 0 25
0 0 25 20.14 7.79
4.86 17.86 3.05 7.14 21.95
4.28 3.05 2 5 6
6 22.25 57.1 2.75 0
0 25 22.07 51.74 2.93
0 0 25 0 0
25 19.85 5.23 5.15 0
0 25 19.97 1.79 5.03
2 5 5 7 22.45
56.38 2.55 0 0 25
20.06 30.21 4.94 0 0
25 0 0 25 20.15
5.1 4.85 20.25 8.99 4.75
15.97 0.44 9.03 2 5
5 6 22.04 51.1 2.96
0 0 25 22.06 52.21
2.94 0 0 25 0
0 25 21.64 4.47 3.36
0 0 25 21.82 4.66
3.18 2 5 5 5
22.45 75.78 2.55 0 0
25 19.92 31.41 5.08 0
0 25 19.96 9.7 5.04
0 0 25 0 0
25 19.95 0.83 5.05 2
4 7 7 22.54 75.5
2.46 0 0 25 17.97
12.93 7.03 0 0 25
20.02 9.18 4.98 0 0
25 17.83 5.17 7.17 18.27
0.59 6.73 2 4 6
7 22.45 71.98 2.55 0
0 25 20.21 15.44 4.79
0 0 25 20.08 7.55
4.92 0 0 25 18.36
3.44 6.64 18.21 2.28 6.79
2 4 6 6 20.24
49.47 4.76 0 0 25
19.98 31.51 5.02 0 0
25 19.96 9.39 5.04 19.87
8.14 5.13 0 0 25
20.16 1.28 4.84 2 4
5 7 20.29 49.11 4.71
0 0 25 18.14 12.07
6.86 0 0 25 20.12
9.18 4.88 20.46 7.7 4.54
18.38 5.56 6.62 18.15 0.84
6.85 2 4 5 6
22.16 56.36 2.84 0 0
25 19.84 30.36 5.16 0
0 25 19.94 9.27 5.06
20.14 4.88 4.86 0 0
25 16.64 0.41 8.36 2
4 5 5 22.4 72.86
2.6 0 0 25 21.8
34.84 3.2 0 0 25
18.82 3.63 6.18 0 0
25 0 0 25 21.76
3.89 3.24 2 4 4
7 22.29 72.99 2.71 0
0 25 19.89 15.46 5.11
0 0 25 18.48 3.52
6.52 0 0 25 19.78
7.59 5.22 17.86 2.14 7.14
2 4 4 6 20.04
47 4.96 0 0 25
21.74 36.24 3.26 0 0
25 18.06 3.14 6.94 19.79
7.61 5.21 0 0 25
22.24 4.14 2.76 2 4
4 5 22.55 73.77 2.45
0 0 25 21.68 33.09
3.32 0 0 25 23.63
25.28 1.37 0 0 25
0 0 25 0 0
25 2 4 4 4
20.2 30.18 4.8 0 0
25 20.25 26.7 4.75 19.79
27.79 5.21 0 0 25
0 0 25 20.39 13.21
4.61 20.09 1.4 4.91 2
3 7 7 20.38 30.31
4.62 0 0 25 21.88
34.8 3.12 20.31 26.94 4.69
0 0 25 0 0
25 16.79 2.64 8.21 21.99
3.96 3.01 2 3 6
7 20.27 29.15 4.73 0
0 25 22.04 32.78 2.96
19.97 25.95 5.03 0 0
25 0 0 25 23.62
26.22 1.38 0 0 25
2 3 6 6 19.91
29.48 5.09 0 0 25
19.65 28.26 5.35 18.25 9.36
6.75 0 0 25 20.09
8.76 4.91 18.09 8.83 6.91
18.3 1.02 6.7 2 3
5 7 20.08 29.66 4.92
0 0 25 21.98 33.79
3.02 18.23 9.09 6.77 0
0 25 19.81 7.64 5.19
16.21 2.59 8.79 18.17 2.75
6.83 2 3 5 6
19.85 27.32 5.15 0 0
25 19.83 27.98 5.17 20.19
11.7 4.81 0 0 25
17.79 2.91 7.21 19.97 10.83
5.03 18.71 2.92 6.29 2
3 5 5 20.75 29.97
4.25 0 0 25 18.23
8.48 6.77 20.09 27.24 4.91
20.08 8.78 4.92 0 0
25 17.87 8.7 7.13 18.6
1.21 6.4 2 3 4
7 19.98 29.13 5.02 0
0 25 19.96 16 5.04
19.99 27.81 5.01 19.96 7.31
5.04 0 0 25 16.21
2.5 8.79 18.41 2.74 6.59
2 3 4 6 20.55
29.92 4.45 0 0 25
18.44 8.22 6.56 18.04 9
6.96 20.39 8.93 4.61 19.76
8.76 5.24 16.47 4.86 8.53
16.06 0.6 8.94 2 3
4 5 20 27.85 5
0 0 25 19.96 11.74
5.04 19.63 27.17 5.37 18.37
2.92 6.63 0 0 25
19.9 11.05 5.1 18.49 2.92
6.51 2 3 4 4
22.17 36.75 2.83 0 0
25 21.62 32.03 3.38 18.07
22.69 6.93 0 0 25
0 0 25 16.42 5.96
8.58 20.39 3.9 4.61 2
3 3 7 22.29 36.46
2.71 0 0 25 21.79
29.08 3.21 20.03 28.66 4.97
0 0 25 0 0
25 20.11 21.58 4.89 0
0 25 2 3 3
6 22.09 31.76 2.91 0
0 25 21.83 31.92 3.17
15.87 4.26 9.13 0 0
25 20.01 5.22 4.99 16.66
4.53 8.34 20.24 5.61 4.76
2 3 3 5 22.22
37.15 2.78 0 0 25
20.24 12 4.76 18.43 22.49
6.57 19.77 6.97 5.23 0
0 25 16.21 5.49 8.79
16.62 2.41 8.38 2 3
3 4 21.69 28.43 3.31
0 0 25 21.71 28.05
3.29 21.88 28.62 3.12 0
0 25 0 0 25
21.74 27.88 3.26 0 0
25 2 3 3 3
24.8 90 0.2 0 0
25 19.99 44.69 5.01 0
0 25 0 0 25
0 0 25 0 0
25 19.8 0.72 5.2 2
2 7 7 24.31 82.46
0.69 0 0 25 18.56
23.43 6.44 0 0 25
0 0 25 0 0
25 19.96 8.62 5.04 19.97
2.69 5.03 2 2 6
7 24.66 85.74 0.34 0
0 25 20.11 28.77 4.89
0 0 25 0 0
25 0 0 25 20.02
20.7 4.98 0 0 25
2 2 6 6 22.22
60.3 2.78 0 0 25
19.97 44.61 5.03 0 0
25 0 0 25 21.9
9.59 3.1 0 0 25
20.13 1.28 4.87 2 2
5 7 21.84 55.11 3.16
0 0 25 17.98 23.02
7.02 0 0 25 0
0 25 21.74 8.36 3.26
20.07 8.34 4.93 20.14 3.4
4.86 2 2 5 6
24.48 68.71 0.52 0 0
25 20.21 44.69 4.79 0
0 25 0 0 25
19.93 4.78 5.07 0 0
25 16.29 0.91 8.71 2
2 5 5 24.25 83.21
0.75 0 0 25 18.14
23.28 6.86 0 0 25
20.03 8.25 4.97 0 0
25 0 0 25 19.9
2.94 5.1 2 2 4
7 23.78 77.56 1.22 0
0 25 16.38 4.83 8.62
0 0 25 19.78 6.48
5.22 0 0 25 19.97
5.97 5.03 20.17 5.08 4.83
2 2 4 6 21.61
55.09 3.39 0 0 25
18.05 23.51 6.95 0 0
25 19.75 7.87 5.25 21.85
8.87 3.15 0 0 25
20.09 3.31 4.91 2 2
4 5 24.72 86.11 0.28
0 0 25 19.97 28.94
5.03 0 0 25 20.08
20.18 4.92 0 0 25
0 0 25 0 0
25 2 2 4 4
22.1 36.14 2.9 0 0
25 18.41 22.91 6.59 21.86
32.39 3.14 0 0 25
0 0 25 16.28 5.88
8.72 20.25 3.78 4.75 2
2 3 7 22.24 36.65
2.76 0 0 25 20.51
29.42 4.49 21.77 28.35 3.23
0 0 25 0 0
25 19.79 21.27 5.21 0
0 25 2 2 3
6 22.28 37.12 2.72 0
0 25 18.15 23.03 6.85
19.94 11.24 5.06 0 0
25 20.02 6.7 4.98 16.73
5.88 8.27 16.46 2.45 8.54
2 2 3 5 21.91
30.88 3.09 0 0 25
16.57 4.43 8.43 21.82 31.62
3.18 20.12 6.33 4.88 0
0 25 16.44 4.34 8.56
20.06 5.48 4.94 2 2
3 4 24.56 45.16 0.44
0 0 25 19.95 28.59
5.05 19.83 28.53 5.17 0
0 25 0 0 25
16.07 17.31 8.93 0 0
25 2 2 3 3
24.28 75.8 0.72 0 0
25 22.22 48.66 2.78 0
0 25 0 0 25
0 0 25 0 0
25 21.96 7.08 3.04 2
2 2 7 24.21 75.6
0.79 0 0 25 21.99
28.96 3.01 0 0 25
0 0 25 0 0
25 21.83 27.41 3.17 0
0 25 2 2 2
6 21.97 47.85 3.03 0
0 25 22.04 48.25 2.96
0 0 25 0 0
25 21.89 8.12 3.11 0
0 25 21.99 7.89 3.01
2 2 2 5 24.33
75.16 0.67 0 0 25
21.92 29.05 3.08 0 0
25 22.27 27.27 2.73 0
0 25 0 0 25
0 0 25 2 2
2 4 22.02 28.38 2.98
0 0 25 21.6 28.44
3.4 21.67 28.04 3.33 0
0 25 0 0 25
21.51 28.34 3.49 0 0
25 2 2 2 3
24.93 80.02 0.07 0 0
25 23.63 71.42 1.37 0
0 25 0 0 25
0 0 25 0 0
25 0 0 25 2
2 2 2 22.51 76.12
2.49 21.84 53.73 3.16 0
0 25 0 0 25
0 0 25 0 0
25 0 0 25 23.63
2.17 1.37 1 7 7
7 20.4 50.67 4.6 22.02
52.37 2.98 0 0 25
0 0 25 0 0
25 0 0 25 20.02
7.77 4.98 23.69 3.06 1.31
1 6 7 7 22.13
56.36 2.87 21.81 52.65 3.19
0 0 25 0 0
25 0 0 25 0
0 25 19.98 5.42 5.02
20.07 1.58 4.93 1 6
6 7 21.74 52.21 3.26
21.78 51.87 3.22 0 0
25 0 0 25 0
0 25 0 0 25
21.91 4.32 3.09 21.91 4.26
3.09 1 6 6 6
22.49 75.31 2.51 20.06 31.93
4.94 0 0 25 0
0 25 0 0 25
20.12 9.48 4.88 0 0
25 19.76 0.85 5.24 1
5 7 7 20.07 49.5
4.93 19.94 31.79 5.06 0
0 25 0 0 25
0 0 25 19.66 9.41
5.34 19.95 8.27 5.05 20.08
1.33 4.92 1 5 6
7 22.31 56.88 2.69 20.32
29.28 4.68 0 0 25
0 0 25 0 0
25 20.3 9.22 4.7 20.02
4.76 4.98 16.48 0.43 8.52
1 5 6 6 22.28
72.68 2.72 21.77 36.14 3.23
0 0 25 0 0
25 0 0 25 18.12
3.4 6.88 0 0 25
22.03 3.58 2.97 1 5
5 7 19.87 46.96 5.13
21.63 36.5 3.37 0 0
25 0 0 25 0
0 25 18.32 3.37 6.68
19.83 7.94 5.17 21.68 3.9
3.32 1 5 5 6
22.43 73.91 2.57 21.8 32.32
3.2 0 0 25 0
0 25 0 0 25
23.7 25.84 1.3 0 0
25 0 0 25 1
5 5 5 22.67 75.35
2.33 20.03 31.73 4.97 0
0 25 0 0 25
19.86 9.3 5.14 0 0
25 0 0 25 20.07
0.99 4.93 1 4 7
7 20.53 50.08 4.47 20.02
31.4 4.98 0 0 25
0 0 25 19.91 9.5
5.09 0 0 25 19.92
7.47 5.08 19.86 1.31 5.14
1 4 6 7 22.57
56.34 2.43 19.94 29.62 5.06
0 0 25 0 0
25 20.19 8.89 4.81 0
0 25 20.32 5.35 4.68
16.4 0.38 8.6 1 4
6 6 22.49 75.9 2.51
18.61 12.36 6.39 0 0
25 0 0 25 19.73
9.57 5.27 18.23 4.64 6.77
0 0 25 17.9 0.57
7.1 1 4 5 7
19.85 49.31 5.15 17.91 12.92
7.09 0 0 25 0
0 25 20.13 9.28 4.87
18.48 5.02 6.52 20.03 8.08
4.97 18.27 0.72 6.73 1
4 5 6 22.05 72.86
2.95 19.99 15.71 5.01 0
0 25 0 0 25
19.93 7.83 5.07 17.78 3.16
7.22 0 0 25 18.29
2.4 6.71 1 4 5
5 22.16 72.73 2.84 21.86
36.58 3.14 0 0 25
0 0 25 17.93 3.26
7.07 0 0 25 0
0 25 21.91 3.57 3.09
1 4 4 7 19.83
46.59 5.17 21.95 36.43 3.05
0 0 25 0 0
25 17.95 3.26 7.05 0
0 25 20.22 8 4.78
21.64 4.13 3.36 1 4
4 6 22.16 73.24 2.84
20.03 15.53 4.97 0 0
25 0 0 25 17.9
3.13 7.1 19.97 7.15 5.03
0 0 25 18.41 2.48
6.59 1 4 4 5
22.68 73.54 2.32 21.88 32.8
3.12 0 0 25 0
0 25 23.82 25.28 1.18
0 0 25 0 0
25 0 0 25 1
4 4 4 20.58 29.74
4.42 20.35 27.61 4.65 0
0 25 20.02 27.69 4.98
0 0 25 20.01 12.67
4.99 0 0 25 20.2
1.13 4.8 1 3 7
7 19.99 30.13 5.01 19.87
27.83 5.13 0 0 25
18.01 8.96 6.99 0 0
25 19.9 13.29 5.1 18.23
4.7 6.77 18.09 1 6.91
1 3 6 7 19.63
28.22 5.37 20.38 27.58 4.62
0 0 25 19.61 11.55
5.39 0 0 25 19.82
11.47 5.18 18.39 2.77 6.61
17.95 2.63 7.05 1 3
6 6 20.5 29.36 4.5
22.13 35.62 2.87 0 0
25 20.03 27.17 4.97 0
0 25 16.3 2.52 8.7
0 0 25 22.04 4.33
2.96 1 3 5 7
20.47 29.86 4.53 22.03 33.83
2.97 0 0 25 17.96
9.62 7.04 0 0 25
16.15 2.56 8.85 19.7 7.43
5.3 17.94 2.45 7.06 1
3 5 6 20.03 29.7
4.97 21.84 32.65 3.16 0
0 25 19.86 25.87 5.14
0 0 25 23.62 26.43
1.38 0 0 25 0
0 25 1 3 5
5 20.12 30.35 4.88 18.18
8.84 6.82 0 0 25
19.88 27.79 5.12 19.76 9.35
5.24 18.05 8.72 6.95 0
0 25 17.96 1 7.04
1 3 4 7 20.17
29.46 4.83 18.36 9.05 6.64
0 0 25 18.59 8.79
6.41 19.76 9.25 5.24 18.17
8.78 6.83 18.19 4.59 6.81
16.35 0.49 8.65 1 3
4 6 20.08 30 4.92
20 15.1 5 0 0
25 20.18 27.41 4.82 20.04
7.57 4.96 16.46 2.78 8.54
0 0 25 17.72 2.66
7.28 1 3 4 5
20.09 27.25 4.91 19.98 11.48
5.02 0 0 25 20.16
28.03 4.84 18.22 2.7 6.78
20.2 11.12 4.8 0 0
25 18.05 2.72 6.95 1
3 4 4 22.16 36.65
2.84 22.02 32.24 2.98 0
0 25 18.19 22.51 6.81
0 0 25 16.1 6.16
8.9 0 0 25 20.1
3.87 4.9 1 3 3
7 21.86 31.77 3.14 21.61
31.62 3.39 0 0 25
16.47 4.4 8.53 0 0
25 16.49 3.96 8.51 20.1
5.93 4.9 20.16 5.63 4.84
1 3 3 6 22.21
37.01 2.79 21.93 28.54 3.07
0 0 25 20.11 28.87
4.89 0 0 25 19.86
21.47 5.14 0 0 25
0 0 25 1 3
3 5 22.31 36.96 2.69
20.12 11.78 4.88 0 0
25 18.59 23.08 6.41 20.03
6.89 4.97 16.38 5.56 8.62
0 0 25 16.08 2.22
8.92 1 3 3 4
21.94 28.09 3.06 22 27.87
3 0 0 25 22.03
27.75 2.97 0 0 25
22.12 28.2 2.88 0 0
25 0 0 25 1
3 3 3 20.29 29.98
4.71 20.27 27.27 4.73 20.21
27.5 4.79 0 0 25
20.2 12.81 4.8 0 0
25 0 0 25 20.4
1.07 4.6 1 2 7
7 20.39 29.61 4.61 20.28
27.36 4.72 18.19 8.73 6.81
0 0 25 19.95 12.91
5.05 0 0 25 18.32
5.05 6.68 18.2 1.01 6.8
1 2 6 7 20.3
26.87 4.7 19.76 27.43 5.24
20.32 11.64 4.68 0 0
25 19.99 12.07 5.01 0
0 25 17.97 2.72 7.03
18 2.93 7 1 2
6 6 20.12 28.97 4.88
18.27 8.69 6.73 20.22 27.69
4.78 0 0 25 20.2
13.68 4.8 18.13 4.71 6.87
0 0 25 18.39 0.93
6.61 1 2 5 7
20.08 30.29 4.92 18.32 8.77
6.68 18.07 8.89 6.93 0
0 25 20.17 12.43 4.83
18.08 4.54 6.92 18.17 5.07
6.83 16.42 0.7 8.58 1
2 5 6 19.96 27.63
5.04 20.03 11.23 4.97 19.92
27.66 5.08 0 0 25
20.15 11.14 4.85 18.75 2.84
6.25 0 0 25 18.25
2.44 6.75 1 2 5
5 20.13 30.1 4.87 21.77
35.71 3.23 19.87 27.51 5.13
0 0 25 16.07 2.49
8.93 0 0 25 0
0 25 21.86 4.49 3.14
1 2 4 7 20.15
29.81 4.85 21.93 33.8 3.07
18.26 8.56 6.74 0 0
25 16.34 2.25 8.66 0
0 25 20.17 7.75 4.83
18.18 2.8 6.82 1 2
4 6 20.36 30.11 4.64
20.03 15.04 4.97 19.64 26.8
5.36 0 0 25 16.53
2.49 8.47 20.04 7.63 4.96
0 0 25 18.4 2.93
6.6 1 2 4 5
20.53 30.5 4.47 21.98 31.31
3.02 20.18 25.14 4.82 0
0 25 23.59 26.77 1.41
0 0 25 0 0
25 0 0 25 1
2 4 4 18.05 6.51
6.95 18.53 6.78 6.47 18.07
7.09 6.93 18.33 7.11 6.67
20.04 12.41 4.96 18.2 7.16
6.8 18.19 6.85 6.81 16.09
0.59 8.91 1 2 3
7 18.33 7.14 6.67 17.82
6.71 7.18 19.64 11.01 5.36
18.23 6.98 6.77 20.17 11.81
4.83 17.98 7.16 7.02 16.02
2.23 8.98 16.29 2.48 8.71
1 2 3 6 18
7.3 7 19.69 11.18 5.31
17.81 7.07 7.19 18.32 7.01
6.68 20.25 11.56 4.75 16.28
2.32 8.72 17.9 6.75 7.1
16.37 2.19 8.63 1 2
3 5 18.21 6.36 6.79
20.07 11.85 4.93 18.03 6.6
6.97 18.59 6.41 6.41 16.26
2.17 8.74 20.16 11.32 4.84
18.44 6.87 6.56 16.43 2.23
8.57 1 2 3 4
19.98 9.19 5.02 20.23 9.88
4.77 19.65 9.83 5.35 16.21
4.03 8.79 19.91 9.75 5.09
16.3 4.24 8.7 16.42 4.19
8.58 16.24 3.95 8.76 1
2 3 3 22.23 36.48
2.77 22.05 31.93 2.95 18.8
22.8 6.2 0 0 25
16.59 5.65 8.41 0 0
25 0 0 25 20.04
3.43 4.96 1 2 2
7 22.14 31.88 2.86 21.71
31.67 3.29 16.06 4.27 8.94
0 0 25 16.17 4.96
8.83 0 0 25 20.09
5.93 4.91 19.67 5.45 5.33
1 2 2 6 22.12
36.56 2.88 20.06 11.95 4.94
18.05 22.66 6.95 0 0
25 16.53 6 8.47 19.94
7.19 5.06 0 0 25
16.48 2.46 8.52 1 2
2 5 22.1 36.82 2.9
21.94 29.38 3.06 19.92 28.57
5.08 0 0 25 20.27
21 4.73 0 0 25
0 0 25 0 0
25 1 2 2 4
20.36 10.22 4.64 19.71 8.75
5.29 16.48 3.9 8.52 19.91
8.53 5.09 16.71 3.97 8.29
20.1 9.61 4.9 17.03 4.19
7.97 16.34 4.19 8.66 1
2 2 3 22 28.98
3 21.65 27.56 3.35 21.9
27.91 3.1 0 0 25
21.97 28.03 3.03 0 0
25 0 0 25 0
0 25 1 2 2
2 24.6 89.24 0.4 20.06
44.84 4.94 0 0 25
0 0 25 0 0
25 0 0 25 0
0 25 20.19 1.07 4.81
1 1 7 7 22.58
60.44 2.42 19.96 44.55 5.04
0 0 25 0 0
25 0 0 25 0
0 25 22.06 9.04 2.94
20.07 1.3 4.93 1 1
6 7 24.5 69.29 0.5
19.99 44.71 5.01 0 0
25 0 0 25 0
0 25 0 0 25
19.84 4.59 5.16 16.35 0.73
8.65 1 1 6 6
24.27 82.53 0.73 18.43 22.77
6.57 0 0 25 0
0 25 0 0 25
20.01 8.91 4.99 0 0
25 20.09 2.99 4.91 1
1 5 7 21.84 54.6
3.16 18.19 23.76 6.81 0
0 25 0 0 25
0 0 25 19.94 7.59
5.06 21.7 8.93 3.3 20.1
3.35 4.9 1 1 5
6 24.65 85.43 0.35 20.31
28.85 4.69 0 0 25
0 0 25 0 0
25 19.93 20.83 5.07 0
0 25 0 0 25
1 1 5 5 24.16
83.2 0.84 17.9 23.51 7.1
0 0 25 0 0
25 20.03 8.35 4.97 0
0 25 0 0 25
19.93 2.92 5.07 1 1
4 7 21.93 55.44 3.07
18.06 23.17 6.94 0 0
25 0 0 25 19.9
7.99 5.1 0 0 25
21.78 8.44 3.22 19.96 3.33
5.04 1 1 4 6
24.02 77.09 0.98 16.51 4.68
8.49 0 0 25 0
0 25 20.18 6.14 4.82
20.25 6.21 4.75 0 0
25 20.29 4.63 4.71 1
1 4 5 24.76 85.72
0.24 20.26 28.14 4.74 0
0 25 0 0 25
20.17 20.95 4.83 0 0
25 0 0 25 0
0 25 1 1 4
4 22.41 36.53 2.59 18.25
22.59 6.75 0 0 25
21.97 31.74 3.03 0 0
25 16.56 6.14 8.44 0
0 25 19.95 3.86 5.05
1 1 3 7 22.2
36.62 2.8 18.14 22.83 6.86
0 0 25 19.92 11.69
5.08 0 0 25 16.75
6.03 8.25 19.97 7.11 5.03
16.4 2.34 8.6 1 1
3 6 22.2 36.93 2.8
19.73 28.94 5.27 0 0
25 21.54 29.45 3.46 0
0 25 19.89 21.32 5.11
0 0 25 0 0
25 1 1 3 5
21.78 31.53 3.22 16.71 4.52
8.29 0 0 25 21.71
31.82 3.29 20.16 5.5 4.84
16.7 4.31 8.3 0 0
25 19.96 5.3 5.04 1
1 3 4 24.48 44.86
0.52 20.09 28.77 4.91 0
0 25 20.1 28.1 4.9
0 0 25 16.41 17.19
8.59 0 0 25 0
0 25 1 1 3
3 22.16 36.51 2.84 18.16
22.87 6.84 22.04 32.38 2.96
0 0 25 16.27 6.13
8.73 0 0 25 0
0 25 19.68 3.8 5.32
1 1 2 7 21.99
36.37 3.01 18.48 22.93 6.52
19.93 11.85 5.07 0 0
25 16.71 5.8 8.29 0
0 25 20.13 7.28 4.87
16.09 2.44 8.91 1 1
2 6 21.56 30.78 3.44
16.47 4.36 8.53 21.95 32.5
3.05 0 0 25 17
4.41 8 20.02 5.76 4.98
0 0 25 19.88 5.31
5.12 1 1 2 5
22.03 37.47 2.97 19.89 28.94
5.11 21.71 28.72 3.29 0
0 25 19.97 21.27 5.03
0 0 25 0 0
25 0 0 25 1
1 2 4 19.83 9.73
5.17 16.86 4.19 8.14 20.1
9.7 4.9 19.87 9.58 5.13
16.11 3.96 8.89 16.54 4.1
8.46 19.83 9.38 5.17 16.17
4.05 8.83 1 1 2
3 24.55 44.82 0.45 19.96
28.33 5.04 20.11 29.2 4.89
0 0 25 16.19 16.84
8.81 0 0 25 0
0 25 0 0 25
1 1 2 2 24.32
75.48 0.68 21.84 48.58 3.16
0 0 25 0 0
25 0 0 25 0
0 25 0 0 25
22.13 7.65 2.87 1 1
1 7 21.89 47.79 3.11
22.14 48.72 2.86 0 0
25 0 0 25 0
0 25 0 0 25
21.92 7.84 3.08 21.72 7.98
3.28 1 1 1 6
24.26 75.57 0.74 21.7 29.02
3.3 0 0 25 0
0 25 0 0 25
21.99 27.46 3.01 0 0
25 0 0 25 1
1 1 5 24.28 75.86
0.72 21.92 29.53 3.08 0
0 25 0 0 25
21.6 26.81 3.4 0 0
25 0 0 25 0
0 25 1 1 1
4 21.77 28.28 3.23 21.96
27.35 3.04 0 0 25
22.13 28.02 2.87 0 0
25 22.12 28.37 2.88 0
0 25 0 0 25
1 1 1 3 21.75
27.95 3.25 22.01 28.14 2.99
22.12 28.1 2.88 0 0
25 22.11 27.82 2.89 0
0 25 0 0 25
0 0 25 1 1
1 2 24.92 79.53 0.08
23.65 71.9 1.35 0 0
25 0 0 25 0
0 25 0 0 25
0 0 25 0 0
25 1 1 1 1
