25 150 0 0 0
25 0 0 25 0
0 25 0 0 25
0 0 25 0 0
25 25 0 0 7
7 7 7 7 24.69
123.75 0.31 0 0 25
0 0 25 0 0
25 0 0 25 0
0 25 24.79 1.78 0.21
24.99 0 0.01 6 7
7 7 7 25 125.59
0 0 0 25 0
0 25 0 0 25
0 0 25 0 0
25 24.4 0.02 0.6 24.99
0 0.01 6 6 7
7 7 25 124.95 0
0 0 25 0 0
25 0 0 25 0
0 25 0 0 25
25 0.54 0 24.51 0
0.49 6 6 6 7
7 25 125 0 0
0 25 0 0 25
0 0 25 0 0
25 0 0 25 24.75
0.28 0.25 24.72 0.25 0.28
6 6 6 6 7
25 125 0 0 0
25 0 0 25 0
0 25 0 0 25
0 0 25 25 25
0 0 0 25 6
6 6 6 6 24.73
123.94 0.27 0 0 25
0 0 25 0 0
25 0 0 25 24.8
1.54 0.2 0 0 25
24.99 0 0.01 5 7
7 7 7 24.59 98.57
0.41 0 0 25 0
0 25 0 0 25
0 0 25 24.81 1.43
0.19 24.51 1.12 0.49 24.97
0 0.03 5 6 7
7 7 24.82 99.62 0.18
0 0 25 0 0
25 0 0 25 0
0 25 24.82 1.23 0.18
24.5 0.01 0.5 24.98 0.02
0.02 5 6 6 7
7 24.82 99.23 0.18 0
0 25 0 0 25
0 0 25 0 0
25 24.78 1.16 0.22 24.98
0.65 0.02 24.37 0.01 0.63
5 6 6 6 7
24.81 99.11 0.19 0 0
25 0 0 25 0
0 25 0 0 25
24.73 1.38 0.27 24.77 0.3
0.23 24.67 0.23 0.33 5
6 6 6 6 25
125.54 0 0 0 25
0 0 25 0 0
25 0 0 25 24.44
0.02 0.56 0 0 25
24.99 0.01 0.01 5 5
7 7 7 24.79 99.57
0.21 0 0 25 0
0 25 0 0 25
0 0 25 24.59 0.07
0.41 24.79 1.21 0.21 24.98
0 0.02 5 5 6
7 7 24.99 100.93 0.01
0 0 25 0 0
25 0 0 25 0
0 25 24.49 0.02 0.51
24.52 0.05 0.48 24.98 0.02
0.02 5 5 6 6
7 25 100.46 0 0
0 25 0 0 25
0 0 25 0 0
25 24.52 0.01 0.48 25
0.65 0 24.36 0 0.64
5 5 6 6 6
25 124.99 0 0 0
25 0 0 25 0
0 25 0 0 25
24.99 0.44 0.01 0 0
25 24.58 0 0.42 5
5 5 7 7 24.77
99.1 0.23 0 0 25
0 0 25 0 0
25 0 0 25 24.98
0.75 0.02 24.85 1.26 0.15
24.28 0.01 0.72 5 5
5 6 7 24.98 100.41
0.02 0 0 25 0
0 25 0 0 25
0 0 25 24.99 0.66
0.01 24.54 0 0.46 24.4
0.02 0.6 5 5 5
6 6 25 125.04 0
0 0 25 0 0
25 0 0 25 0
0 25 24.78 0.37 0.22
0 0 25 24.63 0.18
0.37 5 5 5 5
7 24.78 99.29 0.22 0
0 25 0 0 25
0 0 25 0 0
25 24.83 0.18 0.17 24.69
1.26 0.31 24.81 0.16 0.19
5 5 5 5 6
25 125 0 0 0
25 0 0 25 0
0 25 0 0 25
25 25 0 0 0
25 0 0 25 5
5 5 5 5 24.74
124.2 0.26 0 0 25
0 0 25 0 0
25 24.72 1.38 0.28 0
0 25 0 0 25
24.96 0 0.04 4 7
7 7 7 24.51 98.45
0.49 0 0 25 0
0 25 0 0 25
24.8 1.62 0.2 0 0
25 24.36 1.31 0.64 24.95
0 0.05 4 6 7
7 7 24.78 99.88 0.22
0 0 25 0 0
25 0 0 25 24.73
1.16 0.27 0 0 25
24.43 0.04 0.57 24.96 0.02
0.04 4 6 6 7
7 24.75 99.36 0.25 0
0 25 0 0 25
0 0 25 24.66 1.25
0.34 0 0 25 24.97
0.56 0.03 24.45 0 0.55
4 6 6 6 7
24.75 99.14 0.25 0 0
25 0 0 25 0
0 25 24.81 1.36 0.19
0 0 25 24.79 0.27
0.21 24.71 0.17 0.29 4
6 6 6 6 24.52
98.67 0.48 0 0 25
0 0 25 0 0
25 24.75 1.49 0.25 24.47
1.15 0.53 0 0 25
24.95 0 0.05 4 5
7 7 7 24.19 73.41
0.81 0 0 25 0
0 25 0 0 25
24.77 1.56 0.23 24.51 1.29
0.49 24.24 1.07 0.76 24.96
0 0.04 4 5 6
7 7 24.53 74.26 0.47
0 0 25 0 0
25 0 0 25 24.81
1.33 0.19 24.5 1 0.5
24.58 0.02 0.42 24.97 0
0.03 4 5 6 6
7 24.47 73.98 0.53 0
0 25 0 0 25
0 0 25 24.74 1.33
0.26 24.47 0.98 0.53 24.99
0.51 0.01 24.53 0 0.47
4 5 6 6 6
24.69 99.62 0.31 0 0
25 0 0 25 0
0 25 24.71 1.33 0.29
24.64 0.04 0.36 0 0
25 24.97 0 0.03 4
5 5 7 7 24.47
74.33 0.53 0 0 25
0 0 25 0 0
25 24.78 1.53 0.22 24.57
0.02 0.43 24.44 0.91 0.56
24.95 0 0.05 4 5
5 6 7 24.85 75.59
0.15 0 0 25 0
0 25 0 0 25
24.78 0.76 0.22 24.53 0
0.47 24.45 0.01 0.55 24.99
0.04 0.01 4 5 5
6 6 24.75 99.5 0.25
0 0 25 0 0
25 0 0 25 24.74
1.06 0.26 24.98 0.51 0.02
0 0 25 24.46 0
0.54 4 5 5 5
7 24.59 73.9 0.41 0
0 25 0 0 25
0 0 25 24.8 1.24
0.2 24.99 0.55 0.01 24.39
1.07 0.61 24.46 0.01 0.54
4 5 5 5 6
24.81 99.44 0.19 0 0
25 0 0 25 0
0 25 24.72 1.07 0.28
24.8 0.19 0.2 0 0
25 24.79 0.18 0.21 4
5 5 5 5 25
125.46 0 0 0 25
0 0 25 0 0
25 24.51 0.02 0.49 0
0 25 0 0 25
24.99 0.02 0.01 4 4
7 7 7 24.74 99.8
0.26 0 0 25 0
0 25 0 0 25
24.48 0.03 0.52 0 0
25 24.79 1.15 0.21 24.99
0.02 0.01 4 4 6
7 7 24.99 100.93 0.01
0 0 25 0 0
25 0 0 25 24.47
0.04 0.53 0 0 25
24.55 0.01 0.45 24.99 0.02
0.01 4 4 6 6
7 24.99 100.53 0.01 0
0 25 0 0 25
0 0 25 24.42 0.01
0.58 0 0 25 25
0.55 0 24.49 0.01 0.51
4 4 6 6 6
24.66 99.9 0.34 0 0
25 0 0 25 0
0 25 24.55 0.01 0.45
24.65 1.24 0.35 0 0
25 24.98 0.01 0.02 4
4 5 7 7 24.55
74.47 0.45 0 0 25
0 0 25 0 0
25 24.53 0.01 0.47 24.69
1.29 0.31 24.47 0.99 0.53
24.97 0.03 0.03 4 4
5 6 7 24.79 75.56
0.21 0 0 25 0
0 25 0 0 25
24.44 0.06 0.56 24.65 0.83
0.35 24.62 0.01 0.38 25
0.04 0 4 4 5
6 6 25 100.95 0
0 0 25 0 0
25 0 0 25 24.48
0.02 0.52 24.55 0.01 0.45
0 0 25 24.99 0
0.01 4 4 5 5
7 24.73 75.48 0.27 0
0 25 0 0 25
0 0 25 24.51 0.04
0.49 24.54 0 0.46 24.79
0.93 0.21 24.97 0.01 0.03
4 4 5 5 6
24.99 100.53 0.01 0 0
25 0 0 25 0
0 25 24.43 0.01 0.57
24.99 0.59 0.01 0 0
25 24.46 0 0.54 4
4 5 5 5 25
124.97 0 0 0 25
0 0 25 0 0
25 25 0.59 0 0
0 25 0 0 25
24.44 0 0.56 4 4
4 7 7 24.69 99.2
0.31 0 0 25 0
0 25 0 0 25
24.99 0.55 0.01 0 0
25 24.76 1.32 0.24 24.49
0 0.51 4 4 4
6 7 24.99 100.3 0.01
0 0 25 0 0
25 0 0 25 25
0.7 0 0 0 25
24.62 0.04 0.38 24.35 0
0.65 4 4 4 6
6 24.78 99.06 0.22 0
0 25 0 0 25
0 0 25 24.99 0.57
0.01 24.71 1.44 0.29 0
0 25 24.45 0 0.55
4 4 4 5 7
24.55 74.02 0.45 0 0
25 0 0 25 0
0 25 24.97 0.55 0.03
24.76 1.17 0.24 24.43 1.04
0.57 24.51 0 0.49 4
4 4 5 6 24.99
100.6 0.01 0 0 25
0 0 25 0 0
25 24.99 0.51 0.01 24.4
0.01 0.6 0 0 25
24.5 0 0.5 4 4
4 5 5 25 125.02
0 0 0 25 0
0 25 0 0 25
24.72 0.39 0.28 0 0
25 0 0 25 24.61
0.26 0.39 4 4 4
4 7 24.74 99.31 0.26
0 0 25 0 0
25 0 0 25 24.81
0.26 0.19 0 0 25
24.84 1.16 0.16 24.69 0.19
0.31 4 4 4 4
6 24.76 99.46 0.24 0
0 25 0 0 25
0 0 25 24.64 0.31
0.36 24.81 1.01 0.19 0
0 25 24.67 0.34 0.33
4 4 4 4 5
25 125 0 0 0
25 0 0 25 0
0 25 25 25 0
0 0 25 0 0
25 0 0 25 4
4 4 4 4 24.69
74.84 0.31 0 0 25
0 0 25 24.78 50.7
0.22 0 0 25 0
0 25 0 0 25
24.99 0 0.01 3 7
7 7 7 24.82 75.16
0.18 0 0 25 0
0 25 24.38 25.72 0.62
0 0 25 0 0
25 24.51 0.44 0.49 24.96
0.01 0.04 3 6 7
7 7 24.77 74.77 0.23
0 0 25 0 0
25 24.74 26.3 0.26 0
0 25 0 0 25
24.43 0.38 0.57 24.61 0
0.39 3 6 6 7
7 24.69 74.72 0.31 0
0 25 0 0 25
24.69 25.9 0.31 0 0
25 0 0 25 24.71
0.29 0.29 24.73 0.27 0.27
3 6 6 6 7
24.77 74.84 0.23 0 0
25 0 0 25 24.8
25.62 0.2 0 0 25
0 0 25 24.99 24.98
0.01 0 0 25 3
6 6 6 6 24.73
74.8 0.27 0 0 25
0 0 25 24.52 25.99
0.48 0 0 25 24.49
0.49 0.51 0 0 25
24.97 0.01 0.03 3 5
7 7 7 24.65 75.31
0.35 0 0 25 0
0 25 24.18 1.39 0.82
0 0 25 24.47 0.47
0.53 24.23 0.28 0.77 25
0.02 0 3 5 6
7 7 24.79 74.94 0.21
0 0 25 0 0
25 24.56 1.47 0.44 0
0 25 24.52 0.3 0.48
24.41 0.46 0.59 24.54 0.01
0.46 3 5 6 6
7 24.8 74.79 0.2 0
0 25 0 0 25
24.56 1.2 0.44 0 0
25 24.48 0.23 0.52 24.66
0.33 0.34 24.64 0.31 0.36
3 5 6 6 6
24.67 74.78 0.33 0 0
25 0 0 25 24.72
26.38 0.28 0 0 25
24.43 0.41 0.57 0 0
25 24.6 0.01 0.4 3
5 5 7 7 24.72
74.45 0.28 0 0 25
0 0 25 24.48 2.12
0.52 0 0 25 24.4
0.54 0.6 24.52 0.29 0.48
24.48 0 0.52 3 5
5 6 7 24.71 74.58
0.29 0 0 25 0
0 25 24.74 1.98 0.26
0 0 25 24.56 0.44
0.44 24.43 0.48 0.57 24.08
0 0.92 3 5 5
6 6 24.84 74.62 0.16
0 0 25 0 0
25 24.81 25.76 0.19 0
0 25 24.72 0.31 0.28
0 0 25 24.69 0.25
0.31 3 5 5 5
7 24.83 74.57 0.17 0
0 25 0 0 25
24.59 1.15 0.41 0 0
25 24.76 0.13 0.24 24.58
0.31 0.42 24.84 0.24 0.16
3 5 5 5 6
24.74 75.02 0.26 0 0
25 0 0 25 24.73
25.54 0.27 0 0 25
24.99 24.98 0.01 0 0
25 0 0 25 3
5 5 5 5 24.6
49.99 0.4 0 0 25
0 0 25 24.73 50.45
0.27 24.51 0.74 0.49 0
0 25 0 0 25
24.98 0 0.02 3 4
7 7 7 24.4 49.87
0.6 0 0 25 0
0 25 24.54 25.76 0.46
24.55 0.87 0.45 0 0
25 24.5 0.5 0.5 24.99
0.02 0.01 3 4 6
7 7 24.51 49.65 0.49
0 0 25 0 0
25 24.84 26.21 0.16 24.54
0.76 0.46 0 0 25
24.49 0.6 0.51 24.4 0
0.6 3 4 6 6
7 24.64 49.86 0.36 0
0 25 0 0 25
24.67 25.79 0.33 24.4 0.66
0.6 0 0 25 24.71
0.29 0.29 24.71 0.27 0.29
3 4 6 6 6
24.58 49.99 0.42 0 0
25 0 0 25 24.38
25.63 0.62 24.53 0.73 0.47
24.54 0.61 0.46 0 0
25 25 0.01 0 3
4 5 7 7 24.51
50.06 0.49 0 0 25
0 0 25 24.22 1.49
0.78 24.46 0.77 0.54 24.5
0.48 0.5 24.27 0.24 0.73
24.99 0.01 0.01 3 4
5 6 7 24.44 49.71
0.56 0 0 25 0
0 25 24.47 1.9 0.53
24.52 0.75 0.48 24.54 0.32
0.46 24.38 0.42 0.62 24.55
0 0.45 3 4 5
6 6 24.46 49.75 0.54
0 0 25 0 0
25 24.79 26.29 0.21 24.49
0.76 0.51 24.48 0.51 0.52
0 0 25 24.47 0
0.53 3 4 5 5
7 24.47 49.66 0.53 0
0 25 0 0 25
24.52 1.93 0.48 24.53 0.71
0.47 24.41 0.66 0.59 24.49
0.24 0.51 24.36 0.02 0.64
3 4 5 5 6
24.53 49.97 0.47 0 0
25 0 0 25 24.78
25.65 0.22 24.42 0.68 0.58
24.75 0.27 0.25 0 0
25 24.71 0.24 0.29 3
4 5 5 5 24.83
50.81 0.17 0 0 25
0 0 25 24.71 50.18
0.29 24.46 0.01 0.54 0
0 25 0 0 25
24.99 0.01 0.01 3 4
4 7 7 24.76 50.76
0.24 0 0 25 0
0 25 24.49 25.31 0.51
24.45 0.02 0.55 0 0
25 24.68 0.55 0.32 24.97
0.01 0.03 3 4 4
6 7 24.75 50.57 0.25
0 0 25 0 0
25 24.77 25.95 0.23 24.49
0 0.51 0 0 25
24.43 0.44 0.57 24.59 0.01
0.41 3 4 4 6
6 24.81 50.83 0.19 0
0 25 0 0 25
24.45 25.31 0.55 24.52 0.01
0.48 24.51 0.55 0.49 0
0 25 24.98 0.03 0.02
3 4 4 5 7
24.72 50.58 0.28 0 0
25 0 0 25 24.35
1.29 0.65 24.57 0.01 0.43
24.45 0.56 0.55 24.21 0.25
0.79 24.98 0.03 0.02 3
4 4 5 6 24.72
50.47 0.28 0 0 25
0 0 25 24.72 26.14
0.28 24.49 0.04 0.51 24.41
0.49 0.59 0 0 25
24.52 0 0.48 3 4
4 5 5 24.72 50.19
0.28 0 0 25 0
0 25 24.72 50.38 0.28
24.97 0.53 0.03 0 0
25 0 0 25 24.49
0 0.51 3 4 4
4 7 24.7 50.24 0.3
0 0 25 0 0
25 24.41 25.55 0.59 24.97
0.49 0.03 0 0 25
24.51 0.57 0.49 24.51 0.05
0.49 3 4 4 4
6 24.82 50.33 0.18 0
0 25 0 0 25
24.49 25.16 0.51 24.98 0.5
0.02 24.65 0.55 0.35 0
0 25 24.5 0.02 0.5
3 4 4 4 5
24.69 50.33 0.31 0 0
25 0 0 25 24.75
50.27 0.25 24.63 0.2 0.37
0 0 25 0 0
25 24.79 0.34 0.21 3
4 4 4 4 25
76.52 0 0 0 25
0 0 25 24.56 48.88
0.44 0 0 25 0
0 25 0 0 25
25 0.04 0 3 3
7 7 7 24.99 75.9
0.01 0 0 25 0
0 25 24.25 24.57 0.75
0 0 25 0 0
25 24.71 0.97 0.29 24.61
0 0.39 3 3 6
7 7 24.98 75.97 0.02
0 0 25 0 0
25 24.49 24.88 0.51 0
0 25 0 0 25
24.47 0.31 0.53 24.69 0.21
0.31 3 3 6 6
7 25 75.89 0 0
0 25 0 0 25
24.57 24.54 0.43 0 0
25 0 0 25 24.99
25.01 0.01 0 0 25
3 3 6 6 6
25 75.98 0 0 0
25 0 0 25 24.33
24.44 0.67 0 0 25
24.74 1.07 0.26 0 0
25 24.43 0.01 0.57 3
3 5 7 7 25
75.56 0 0 0 25
0 0 25 23.93 0.47
1.07 0 0 25 24.75
1 0.25 24.53 0.48 0.47
24.27 0.01 0.73 3 3
5 6 7 25 75.38
0 0 0 25 0
0 25 24.39 0.72 0.61
0 0 25 24.75 0.65
0.25 24.41 0.25 0.59 24.31
0.14 0.69 3 3 5
6 6 25 76.02 0
0 0 25 0 0
25 24.58 24.83 0.42 0
0 25 24.35 0.2 0.65
0 0 25 24.8 0.22
0.2 3 3 5 5
7 24.98 75.5 0.02 0
0 25 0 0 25
24.21 0.78 0.79 0 0
25 24.19 0.18 0.81 24.71
0.82 0.29 24.35 0.28 0.65
3 3 5 5 6
25 75.88 0 0 0
25 0 0 25 24.43
24.7 0.57 0 0 25
24.98 25.01 0.02 0 0
25 0 0 25 3
3 5 5 5 24.77
51.17 0.23 0 0 25
0 0 25 24.44 49.16
0.56 24.72 0.74 0.28 0
0 25 0 0 25
24.99 0.01 0.01 3 3
4 7 7 24.81 50.58
0.19 0 0 25 0
0 25 24.07 24.52 0.93
24.73 0.8 0.27 0 0
25 24.82 1.11 0.18 24.56
0 0.44 3 3 4
6 7 24.73 50.74 0.27
0 0 25 0 0
25 24.56 25.03 0.44 24.76
0.81 0.24 0 0 25
24.11 0.23 0.89 24.76 0.27
0.24 3 3 4 6
6 24.74 50.96 0.26 0
0 25 0 0 25
24.1 24.4 0.9 24.73 0.76
0.27 24.79 1 0.21 0
0 25 24.52 0 0.48
3 3 4 5 7
24.82 50.08 0.18 0 0
25 0 0 25 24.16
0.55 0.84 24.79 0.73 0.21
24.72 0.99 0.28 24.43 0.43
0.57 24.29 0.01 0.71 3
3 4 5 6 24.82
50.57 0.18 0 0 25
0 0 25 24.56 24.97
0.44 24.77 0.77 0.23 24.42
0.22 0.58 0 0 25
24.77 0.13 0.23 3 3
4 5 5 24.98 52.27
0.02 0 0 25 0
0 25 24.42 48.95 0.58
24.36 0.02 0.64 0 0
25 0 0 25 24.99
0.01 0.01 3 3 4
4 7 24.99 51.5 0.01
0 0 25 0 0
25 24.21 24.51 0.79 24.52
0.03 0.48 0 0 25
24.7 0.99 0.3 24.54 0.01
0.46 3 3 4 4
6 25 51.59 0 0
0 25 0 0 25
24.22 24.58 0.78 24.42 0.05
0.58 24.68 0.88 0.32 0
0 25 24.57 0.01 0.43
3 3 4 4 5
24.99 51.64 0.01 0 0
25 0 0 25 24.38
48.98 0.62 25 0.49 0
0 0 25 0 0
25 24.51 0.01 0.49 3
3 4 4 4 24.98
75.02 0.02 0 0 25
0 0 25 24.98 50.43
0.02 0 0 25 0
0 25 0 0 25
24.57 0.02 0.43 3 3
3 7 7 25 75
0 0 0 25 0
0 25 24.85 25.35 0.15
0 0 25 0 0
25 24.37 0.57 0.63 24.57
0.29 0.43 3 3 3
6 7 25 75.01 0
0 0 25 0 0
25 24.98 26.05 0.02 0
0 25 0 0 25
24.5 24.46 0.5 0 0
25 3 3 3 6
6 24.99 75.01 0.01 0
0 25 0 0 25
24.68 25.27 0.32 0 0
25 24.44 0.78 0.56 0
0 25 24.51 0.32 0.49
3 3 3 5 7
24.99 75.04 0.01 0 0
25 0 0 25 24.33
0.45 0.67 0 0 25
24.48 0.58 0.52 24.53 0.51
0.47 24.56 0.53 0.44 3
3 3 5 6 24.98
75.03 0.02 0 0 25
0 0 25 24.99 26.14
0.01 0 0 25 24.43
24.43 0.57 0 0 25
0 0 25 3 3
3 5 5 24.78 49.73
0.22 0 0 25 0
0 25 25 50.4 0
24.74 0.74 0.26 0 0
25 0 0 25 24.61
0 0.39 3 3 3
4 7 24.76 49.74 0.24
0 0 25 0 0
25 24.71 25.4 0.29 24.77
0.77 0.23 0 0 25
24.36 0.69 0.64 24.52 0.28
0.48 3 3 3 4
6 24.8 49.84 0.2 0
0 25 0 0 25
24.72 25.29 0.28 24.72 0.65
0.28 24.31 0.78 0.69 0
0 25 24.48 0.41 0.52
3 3 3 4 5
24.99 50.57 0.01 0 0
25 0 0 25 24.98
50.51 0.02 24.45 0.02 0.55
0 0 25 0 0
25 24.47 0.01 0.53 3
3 3 4 4 25
75.05 0 0 0 25
0 0 25 24.75 49.8
0.25 0 0 25 0
0 25 0 0 25
24.68 0.72 0.32 3 3
3 3 7 25 75.01
0 0 0 25 0
0 25 24.78 25.19 0.22
0 0 25 0 0
25 24.74 25.28 0.26 0
0 25 3 3 3
3 6 25 75.03 0
0 0 25 0 0
25 24.77 25.2 0.23 0
0 25 24.76 25.24 0.24
0 0 25 0 0
25 3 3 3 3
5 24.69 49.81 0.31 0
0 25 0 0 25
24.72 49.7 0.28 24.72 0.84
0.28 0 0 25 0
0 25 24.75 0.77 0.25
3 3 3 3 4
25 75 0 0 0
25 0 0 25 25
75 0 0 0 25
0 0 25 0 0
25 0 0 25 3
3 3 3 3 24.62
75.32 0.38 0 0 25
24.72 50.35 0.28 0 0
25 0 0 25 0
0 25 0 0 25
24.99 0 0.01 2 7
7 7 7 24.69 74.79
0.31 0 0 25 24.56
26 0.44 0 0 25
0 0 25 0 0
25 24.53 0.46 0.47 24.96
0.01 0.04 2 6 7
7 7 24.84 74.59 0.16
0 0 25 24.83 26.22
0.17 0 0 25 0
0 25 0 0 25
24.51 0.74 0.49 24.27 0
0.73 2 6 6 7
7 24.72 74.7 0.28 0
0 25 24.83 25.74 0.17
0 0 25 0 0
25 0 0 25 24.67
0.28 0.33 24.73 0.33 0.27
2 6 6 6 7
24.72 74.83 0.28 0 0
25 24.75 25.73 0.25 0
0 25 0 0 25
0 0 25 24.97 25
0.03 0 0 25 2
6 6 6 6 24.46
50.01 0.54 0 0 25
24.79 50.5 0.21 0 0
25 0 0 25 24.57
0.69 0.43 0 0 25
24.98 0 0.02 2 5
7 7 7 24.51 49.81
0.49 0 0 25 24.5
25.83 0.5 0 0 25
0 0 25 24.51 0.87
0.49 24.51 0.48 0.49 24.97
0.01 0.03 2 5 6
7 7 24.61 49.6 0.39
0 0 25 24.77 26.2
0.23 0 0 25 0
0 25 24.49 0.7 0.51
24.58 0.48 0.42 24.56 0.01
0.44 2 5 6 6
7 24.46 49.71 0.54 0
0 25 24.77 25.91 0.23
0 0 25 0 0
25 24.57 0.6 0.43 24.81
0.25 0.19 24.73 0.19 0.27
2 5 6 6 6
24.68 50.48 0.32 0 0
25 24.78 50.49 0.22 0
0 25 0 0 25
24.57 0.03 0.43 0 0
25 24.97 0 0.03 2
5 5 7 7 24.73
50.94 0.27 0 0 25
24.5 25.53 0.5 0 0
25 0 0 25 24.43
0.01 0.57 24.38 0.49 0.62
24.99 0 0.01 2 5
5 6 7 24.84 50.62
0.16 0 0 25 24.75
26.08 0.25 0 0 25
0 0 25 24.29 0.02
0.71 24.37 0.53 0.63 24.48
0.02 0.52 2 5 5
6 6 24.77 50.18 0.23
0 0 25 24.79 50.25
0.21 0 0 25 0
0 25 24.98 0.48 0.02
0 0 25 24.55 0
0.45 2 5 5 5
7 24.81 50.12 0.19 0
0 25 24.47 25.47 0.53
0 0 25 0 0
25 24.97 0.45 0.03 24.54
0.59 0.46 24.56 0.02 0.44
2 5 5 5 6
24.7 50.32 0.3 0 0
25 24.77 50.23 0.23 0
0 25 0 0 25
24.74 0.24 0.26 0 0
25 24.75 0.25 0.25 2
5 5 5 5 24.77
74.98 0.23 0 0 25
24.56 25.73 0.44 0 0
25 24.4 0.58 0.6 0
0 25 0 0 25
24.98 0 0.02 2 4
7 7 7 24.76 74.99
0.24 0 0 25 24.19
1.36 0.81 0 0 25
24.56 0.56 0.44 0 0
25 24.31 0.27 0.69 25
0 0 2 4 6
7 7 24.8 74.61 0.2
0 0 25 24.57 1.63
0.43 0 0 25 24.6
0.26 0.4 0 0 25
24.53 0.68 0.47 24.32 0
0.68 2 4 6 6
7 24.79 74.6 0.21 0
0 25 24.5 1.31 0.5
0 0 25 24.53 0.29
0.47 0 0 25 24.78
0.28 0.22 24.71 0.21 0.29
2 4 6 6 6
24.54 49.97 0.46 0 0
25 24.43 25.69 0.57 0
0 25 24.54 0.49 0.46
24.49 0.85 0.51 0 0
25 25 0 0 2
4 5 7 7 24.37
50.25 0.63 0 0 25
24.3 1.59 0.7 0 0
25 24.53 0.54 0.47 24.37
0.72 0.63 24.1 0.21 0.9
25 0.02 0 2 4
5 6 7 24.6 49.68
0.4 0 0 25 24.62
1.53 0.38 0 0 25
24.58 0.27 0.42 24.5 0.69
0.5 24.54 0.41 0.46 24.58
0 0.42 2 4 5
6 6 24.74 50.55 0.26
0 0 25 24.49 25.68
0.51 0 0 25 24.48
0.53 0.52 24.53 0 0.47
0 0 25 24.99 0.01
0.01 2 4 5 5
7 24.81 50.6 0.19 0
0 25 24.2 1.19 0.8
0 0 25 24.57 0.49
0.43 24.54 0.03 0.46 24.24
0.33 0.76 24.97 0.03 0.03
2 4 5 5 6
24.75 50.15 0.25 0 0
25 24.36 25.55 0.64 0
0 25 24.64 0.57 0.36
24.98 0.62 0.02 0 0
25 24.37 0.01 0.63 2
4 5 5 5 24.73
74.64 0.27 0 0 25
24.7 26.39 0.3 0 0
25 24.51 0.53 0.49 0
0 25 0 0 25
24.49 0.01 0.51 2 4
4 7 7 24.82 74.72
0.18 0 0 25 24.63
1.49 0.37 0 0 25
24.59 0.48 0.41 0 0
25 24.53 0.22 0.47 24.52
0 0.48 2 4 4
6 7 24.74 74.53 0.26
0 0 25 24.64 1.98
0.36 0 0 25 24.54
0.47 0.46 0 0 25
24.57 0.55 0.43 23.98 0
1.02 2 4 4 6
6 24.47 49.83 0.53 0
0 25 24.76 26.24 0.24
0 0 25 24.5 0.54
0.5 24.45 0.73 0.55 0
0 25 24.48 0 0.52
2 4 4 5 7
24.51 49.73 0.49 0 0
25 24.54 1.66 0.46 0
0 25 24.63 0.64 0.37
24.42 0.71 0.58 24.48 0.3
0.52 24.38 0 0.62 2
4 4 5 6 24.71
50.72 0.29 0 0 25
24.77 26.01 0.23 0 0
25 24.41 0.44 0.59 24.37
0.04 0.63 0 0 25
24.53 0 0.47 2 4
4 5 5 24.76 74.8
0.24 0 0 25 24.78
25.65 0.22 0 0 25
24.72 0.33 0.28 0 0
25 0 0 25 24.69
0.27 0.31 2 4 4
4 7 24.86 74.79 0.14
0 0 25 24.47 1.1
0.53 0 0 25 24.68
0.27 0.32 0 0 25
24.55 0.24 0.45 24.73 0.31
0.27 2 4 4 4
6 24.47 49.69 0.53 0
0 25 24.74 25.78 0.26
0 0 25 24.69 0.28
0.31 24.45 0.87 0.55 0
0 25 24.74 0.29 0.26
2 4 4 4 5
24.8 74.64 0.2 0 0
25 24.71 25.87 0.29 0
0 25 24.98 25 0.02
0 0 25 0 0
25 0 0 25 2
4 4 4 4 24.53
25.63 0.47 0 0 25
24.57 25.22 0.43 24.39 25.01
0.61 0 0 25 0
0 25 24.77 0.92 0.23
24.96 0 0.04 2 3
7 7 7 24.63 25.38
0.37 0 0 25 24.76
26.19 0.24 24.53 25.31 0.47
0 0 25 0 0
25 24.21 0.5 0.79 24.49
0 0.51 2 3 6
7 7 24.5 25.59 0.5
0 0 25 24.67 25.67
0.33 24.46 25.11 0.54 0
0 25 0 0 25
24.79 0.28 0.21 24.72 0.21
0.28 2 3 6 6
7 24.5 25.34 0.5 0
0 25 24.82 25.81 0.18
24.55 25.01 0.45 0 0
25 0 0 25 24.98
24.99 0.02 0 0 25
2 3 6 6 6
24.6 25.62 0.4 0 0
25 24.52 25.4 0.48 24.18
0.86 0.82 0 0 25
24.48 0.61 0.52 24.01 0.7
0.99 25 0.02 0 2
3 5 7 7 24.58
25.47 0.42 0 0 25
24.74 25.92 0.26 24.2 0.96
0.8 0 0 25 24.6
0.26 0.4 24.3 0.56 0.7
24.4 0.01 0.6 2 3
5 6 7 24.53 25.56
0.47 0 0 25 24.74
25.4 0.26 24.36 0.69 0.64
0 0 25 24.52 0.19
0.48 24.73 0.24 0.27 24.76
0.28 0.24 2 3 5
6 6 24.42 25.41 0.58
0 0 25 24.44 25.16
0.56 24.49 1.17 0.51 0
0 25 24.58 0.51 0.42
24.53 0.81 0.47 24.47 0.01
0.53 2 3 5 5
7 24.43 25.32 0.57 0
0 25 24.77 26.15 0.23
24.43 1.21 0.57 0 0
25 24.48 0.41 0.52 24.21
0.42 0.79 24.17 0 0.83
2 3 5 5 6
24.55 25.22 0.45 0 0
25 24.54 25.14 0.46 24.44
0.86 0.56 0 0 25
24.78 0.22 0.22 24.4 0.87
0.6 24.77 0.21 0.23 2
3 5 5 5 24.48
25.32 0.52 0 0 25
24.16 1 0.84 24.61 25.32
0.39 24.52 0.63 0.48 0
0 25 24.28 0.69 0.72
24.96 0.03 0.04 2 3
4 7 7 24.41 25.46
0.59 0 0 25 24.44
1.79 0.56 24.44 25.53 0.56
24.48 0.38 0.52 0 0
25 24.09 0.47 0.91 24.5
0.01 0.5 2 3 4
6 7 24.57 25.53 0.43
0 0 25 24.38 1.16
0.62 24.55 24.96 0.45 24.52
0.34 0.48 0 0 25
24.72 0.25 0.28 24.75 0.27
0.25 2 3 4 6
6 24.59 25.63 0.41 0
0 25 24.24 0.85 0.76
24.21 0.85 0.79 24.52 0.39
0.48 24.54 0.44 0.46 24.13
0.6 0.87 24.98 0.03 0.02
2 3 4 5 7
24.38 25.58 0.62 0 0
25 24.46 1.44 0.54 24.26
1.04 0.74 24.45 0.28 0.55
24.49 0.28 0.51 24.34 0.46
0.66 24.52 0.02 0.48 2
3 4 5 6 24.48
25.39 0.52 0 0 25
24.23 0.99 0.77 24.65 1.06
0.35 24.45 0.42 0.55 24.56
0.53 0.44 24.38 0.4 0.62
24.44 0.02 0.56 2 3
4 5 5 24.44 25.15
0.56 0 0 25 24.55
1.25 0.45 24.38 25.39 0.62
24.36 0.47 0.64 0 0
25 24.57 0.9 0.43 24.53
0.01 0.47 2 3 4
4 7 24.55 25.35 0.45
0 0 25 24.72 1.87
0.28 24.48 25.27 0.52 24.52
0.54 0.48 0 0 25
24.24 0.52 0.76 23.94 0
1.06 2 3 4 4
6 24.42 25.25 0.58 0
0 25 24.55 1.24 0.45
24.21 0.95 0.79 24.43 0.46
0.57 24.56 0.42 0.44 24.48
0.5 0.52 24.52 0.01 0.48
2 3 4 4 5
24.49 25.27 0.51 0 0
25 24.5 0.78 0.5 24.54
25.09 0.46 24.79 0.27 0.21
0 0 25 24.52 0.81
0.48 24.72 0.22 0.28 2
3 4 4 4 24.64
26.04 0.36 0 0 25
24.77 25.82 0.23 24.33 24.71
0.67 0 0 25 0
0 25 24.22 0.98 0.78
24.47 0.02 0.53 2 3
3 7 7 24.76 26.48
0.24 0 0 25 24.63
25.24 0.37 24.44 24.91 0.56
0 0 25 0 0
25 24.3 0.26 0.7 24.75
0.23 0.25 2 3 3
6 7 24.72 26.06 0.28
0 0 25 24.73 25.36
0.27 24.66 24.5 0.34 0
0 25 0 0 25
24.96 25.01 0.04 0 0
25 2 3 3 6
6 24.78 25.64 0.22 0
0 25 24.85 25.69 0.15
24.11 0.43 0.89 0 0
25 24.74 0.93 0.26 24.14
0.4 0.86 24.29 0 0.71
2 3 3 5 7
24.75 25.72 0.25 0 0
25 24.7 25.12 0.3 24.45
0.74 0.55 0 0 25
24.68 0.79 0.32 24.27 0.31
0.73 24.12 0.35 0.88 2
3 3 5 6 24.74
25.79 0.26 0 0 25
24.72 25.81 0.28 24.22 0.68
0.78 0 0 25 24.4
0.22 0.6 24.18 0.73 0.82
24.3 0.21 0.7 2 3
3 5 5 24.64 26.42
0.36 0 0 25 24.47
1.18 0.53 24.1 24.44 0.9
24.48 0.28 0.52 0 0
25 24.38 1.12 0.62 24.48
0.01 0.52 2 3 3
4 7 24.69 26.35 0.31
0 0 25 24.46 0.87
0.54 24.52 24.76 0.48 24.52
0.2 0.48 0 0 25
24.31 0.24 0.69 24.75 0.33
0.25 2 3 3 4
6 24.77 25.94 0.23 0
0 25 24.57 1.21 0.43
23.88 0.51 1.12 24.49 0.18
0.51 24.79 0.8 0.21 23.98
0.63 1.02 24.25 0 0.75
2 3 3 4 5
24.74 25.97 0.26 0 0
25 24.68 1.6 0.32 24.25
24.49 0.75 24.5 0.43 0.5
0 0 25 24.29 0.81
0.71 24.23 0.01 0.77 2
3 3 4 4 24.81
25.18 0.19 0 0 25
24.72 25.3 0.28 24.82 25.2
0.18 0 0 25 0
0 25 24.56 0.76 0.44
24.43 0.22 0.57 2 3
3 3 7 24.72 25.27
0.28 0 0 25 24.74
25.32 0.26 24.97 26.05 0.03
0 0 25 0 0
25 24.45 24.48 0.55 0
0 25 2 3 3
3 6 24.63 25.31 0.37
0 0 25 24.77 25.27
0.23 24.48 0.57 0.52 0
0 25 24.57 0.55 0.43
24.4 0.51 0.6 24.46 0.48
0.54 2 3 3 3
5 24.76 25.29 0.24 0
0 25 24.51 0.69 0.49
24.71 25.25 0.29 24.49 0.25
0.51 0 0 25 24.53
0.81 0.47 24.47 0.24 0.53
2 3 3 3 4
24.72 25.32 0.28 0 0
25 24.75 25.29 0.25 24.71
25.15 0.29 0 0 25
0 0 25 24.86 25.2
0.14 0 0 25 2
3 3 3 3 25
76.46 0 0 0 25
24.5 49.03 0.5 0 0
25 0 0 25 0
0 25 0 0 25
25 0.01 0 2 2
7 7 7 25 76
0 0 0 25 24.3
24.58 0.7 0 0 25
0 0 25 0 0
25 24.67 0.99 0.33 24.46
0 0.54 2 2 6
7 7 24.99 75.93 0.01
0 0 25 24.53 25.09
0.47 0 0 25 0
0 25 0 0 25
24.16 0.26 0.84 24.74 0.3
0.26 2 2 6 6
7 25 76.03 0 0
0 25 24.53 24.47 0.47
0 0 25 0 0
25 0 0 25 24.99
24.98 0.01 0 0 25
2 2 6 6 6
24.8 51.26 0.2 0 0
25 24.36 49.1 0.64 0
0 25 0 0 25
24.69 0.76 0.31 0 0
25 24.97 0.06 0.03 2
2 5 7 7 24.69
50.87 0.31 0 0 25
24.23 24.47 0.77 0 0
25 0 0 25 24.66
0.83 0.34 24.74 1.06 0.26
24.45 0 0.55 2 2
5 6 7 24.78 50.59
0.22 0 0 25 24.53
25.2 0.47 0 0 25
0 0 25 24.73 0.7
0.27 24.29 0.15 0.71 24.83
0.2 0.17 2 2 5
6 6 25 52.07 0
0 0 25 24.41 48.96
0.59 0 0 25 0
0 25 24.56 0.01 0.44
0 0 25 24.98 0.01
0.02 2 2 5 5
7 24.98 51.45 0.02 0
0 25 24.1 24.62 0.9
0 0 25 0 0
25 24.45 0.03 0.55 24.71
1.21 0.29 24.42 0.03 0.58
2 2 5 5 6
25 51.67 0 0 0
25 24.37 48.96 0.63 0
0 25 0 0 25
24.97 0.39 0.03 0 0
25 24.61 0.03 0.39 2
2 5 5 5 24.99
75.99 0.01 0 0 25
24.23 24.75 0.77 0 0
25 24.6 1.01 0.4 0
0 25 0 0 25
24.43 0 0.57 2 2
4 7 7 25 75.33
0 0 0 25 24.06
0.43 0.94 0 0 25
24.75 1.04 0.25 0 0
25 24.52 0.51 0.48 24.36
0 0.64 2 2 4
6 7 25 75.53 0
0 0 25 24.19 0.72
0.81 0 0 25 24.78
0.84 0.22 0 0 25
24.24 0.25 0.76 24.2 0.25
0.8 2 2 4 6
6 24.71 50.88 0.29 0
0 25 24.33 24.55 0.67
0 0 25 24.74 0.87
0.26 24.66 0.77 0.34 0
0 25 24.49 0 0.51
2 2 4 5 7
24.72 49.96 0.28 0 0
25 24.07 0.48 0.93 0
0 25 24.76 0.99 0.24
24.81 0.91 0.19 24.51 0.58
0.49 24.21 0 0.79 2
2 4 5 6 24.99
51.3 0.01 0 0 25
24.23 24.65 0.77 0 0
25 24.63 1.18 0.37 24.64
0.02 0.36 0 0 25
24.36 0 0.64 2 2
4 5 5 25 75.72
0 0 0 25 24.5
25.28 0.5 0 0 25
24.19 0.26 0.81 0 0
25 0 0 25 24.73
0.32 0.27 2 2 4
4 7 25 75.47 0
0 0 25 24.27 0.75
0.73 0 0 25 24.26
0.28 0.74 0 0 25
24.75 0.69 0.25 24.28 0.25
0.72 2 2 4 4
6 24.76 50.85 0.24 0
0 25 24.45 24.93 0.55
0 0 25 24.39 0.2
0.61 24.78 0.63 0.22 0
0 25 24.78 0.23 0.22
2 2 4 4 5
24.99 76.01 0.01 0 0
25 24.46 24.54 0.54 0
0 25 24.99 25.01 0.01
0 0 25 0 0
25 0 0 25 2
2 4 4 4 24.67
26.1 0.33 0 0 25
24.31 24.58 0.69 24.8 25.78
0.2 0 0 25 0
0 25 24.31 0.92 0.69
24.51 0.02 0.49 2 2
3 7 7 24.73 26.22
0.27 0 0 25 24.54
24.84 0.46 24.72 25.25 0.28
0 0 25 0 0
25 24.38 0.39 0.62 24.62
0.31 0.38 2 2 3
6 7 24.7 26.17 0.3
0 0 25 24.62 24.47
0.38 24.72 25.32 0.28 0
0 25 0 0 25
24.99 25.01 0.01 0 0
25 2 2 3 6
6 24.86 26.17 0.14 0
0 25 24.26 24.51 0.74
24.44 1.28 0.56 0 0
25 24.58 0.23 0.42 24.17
1.08 0.83 24.42 0 0.58
2 2 3 5 7
24.73 26.26 0.27 0 0
25 24.48 25.09 0.52 24.48
0.9 0.52 0 0 25
24.48 0.28 0.52 24.08 0.23
0.92 24.77 0.22 0.23 2
2 3 5 6 24.71
26.21 0.29 0 0 25
24.2 24.53 0.8 24.68 1.5
0.32 0 0 25 24.54
0.53 0.46 24.25 0.96 0.75
23.89 0 1.11 2 2
3 5 5 24.71 25.9
0.29 0 0 25 23.9
0.46 1.1 24.75 25.54 0.25
24.78 1.02 0.22 0 0
25 24.17 0.55 0.83 24.21
0.01 0.79 2 2 3
4 7 24.75 25.83 0.25
0 0 25 24.27 0.58
0.73 24.66 25.24 0.34 24.78
0.77 0.22 0 0 25
24.38 0.21 0.62 24.3 0.23
0.7 2 2 3 4
6 24.75 25.92 0.25 0
0 25 23.86 0.56 1.14
24.5 1.13 0.5 24.68 1.05
0.32 24.45 0.22 0.55 24.08
0.51 0.92 24.24 0.05 0.76
2 2 3 4 5
24.78 26.02 0.22 0 0
25 24.23 0.7 0.77 24.66
25.69 0.34 24.33 0.31 0.67
0 0 25 24.14 0.63
0.86 24.27 0.24 0.73 2
2 3 4 4 25
26.98 0 0 0 25
24.54 25.08 0.46 24.5 24.83
0.5 0 0 25 0
0 25 23.79 0.3 1.21
24.67 0.31 0.33 2 2
3 3 7 25 27.23
0 0 0 25 24.39
24.48 0.61 24.53 24.39 0.47
0 0 25 0 0
25 24.98 25 0.02 0
0 25 2 2 3
3 6 24.99 26.54 0.01
0 0 25 24.46 24.92
0.54 24.27 0.74 0.73 0
0 25 24.74 0.77 0.26
23.74 0.24 1.26 24.29 0.3
0.71 2 2 3 3
5 24.99 26.34 0.01 0
0 25 24.21 0.84 0.79
24.66 25.1 0.34 24.71 0.66
0.29 0 0 25 23.67
0.35 1.33 24.26 0.21 0.74
2 2 3 3 4
25 26 0 0 0
25 24.51 24.45 0.49 25
25.84 0 0 0 25
0 0 25 24.65 24.55
0.35 0 0 25 2
2 3 3 3 25
75.01 0 0 0 25
24.97 50.48 0.03 0 0
25 0 0 25 0
0 25 0 0 25
24.54 0 0.46 2 2
2 7 7 24.99 74.99
0.01 0 0 25 24.76
25.24 0.24 0 0 25
0 0 25 0 0
25 24.45 0.81 0.55 24.47
0.29 0.53 2 2 2
6 7 25 75 0
0 0 25 24.99 26.06
0.01 0 0 25 0
0 25 0 0 25
24.49 24.46 0.51 0 0
25 2 2 2 6
6 24.69 49.7 0.31 0
0 25 24.99 50.47 0.01
0 0 25 0 0
25 24.79 0.78 0.21 0
0 25 24.57 0.01 0.43
2 2 2 5 7
24.75 49.8 0.25 0 0
25 24.73 25.26 0.27 0
0 25 0 0 25
24.71 0.75 0.29 24.45 0.66
0.55 24.62 0.27 0.38 2
2 2 5 6 25
50.57 0 0 0 25
24.99 50.45 0.01 0 0
25 0 0 25 24.44
0.01 0.56 0 0 25
24.53 0.01 0.47 2 2
2 5 5 24.99 74.99
0.01 0 0 25 24.71
25.48 0.29 0 0 25
24.45 0.77 0.55 0 0
25 0 0 25 24.41
0.2 0.59 2 2 2
4 7 25 75 0
0 0 25 24.46 0.56
0.54 0 0 25 24.52
0.53 0.48 0 0 25
24.5 0.57 0.5 24.44 0.42
0.56 2 2 2 4
6 24.78 49.68 0.22 0
0 25 24.67 25.28 0.33
0 0 25 24.49 0.75
0.51 24.77 0.75 0.23 0
0 25 24.53 0.3 0.47
2 2 2 4 5
25 74.96 0 0 0
25 25 25.93 0 0
0 25 24.54 24.57 0.46
0 0 25 0 0
25 0 0 25 2
2 2 4 4 24.75
25.22 0.25 0 0 25
24.73 25.32 0.27 24.77 25.24
0.23 0 0 25 0
0 25 24.53 0.67 0.47
24.51 0.26 0.49 2 2
2 3 7 24.75 25.3
0.25 0 0 25 24.97
26.06 0.03 24.74 25.22 0.26
0 0 25 0 0
25 24.49 24.47 0.51 0
0 25 2 2 2
3 6 24.8 25.29 0.2
0 0 25 24.75 25.07
0.25 24.43 0.65 0.57 0
0 25 24.53 0.29 0.47
24.43 0.8 0.57 24.55 0.41
0.45 2 2 2 3
5 24.71 25.42 0.29 0
0 25 24.45 0.49 0.55
24.65 25.2 0.35 24.51 0.63
0.49 0 0 25 24.56
0.47 0.44 24.46 0.45 0.54
2 2 2 3 4
24.99 25.88 0.01 0 0
25 25 25.9 0 24.58
24.55 0.42 0 0 25
0 0 25 24.6 24.5
0.4 0 0 25 2
2 2 3 3 25
75.02 0 0 0 25
24.79 49.74 0.21 0 0
25 0 0 25 0
0 25 0 0 25
24.67 0.78 0.33 2 2
2 2 7 25 75.06
0 0 0 25 24.73
25.17 0.27 0 0 25
0 0 25 0 0
25 24.81 25.23 0.19 0
0 25 2 2 2
2 6 24.69 49.98 0.31
0 0 25 24.76 49.75
0.24 0 0 25 0
0 25 24.61 0.79 0.39
0 0 25 24.7 0.72
0.3 2 2 2 2
5 25 75.01 0 0
0 25 24.7 25.28 0.3
0 0 25 24.74 25.27
0.26 0 0 25 0
0 25 0 0 25
2 2 2 2 4
24.71 25.32 0.29 0 0
25 24.85 25.28 0.15 24.74
25.28 0.26 0 0 25
0 0 25 24.75 25.07
0.25 0 0 25 2
2 2 2 3 25
75 0 0 0 25
25 75 0 0 0
25 0 0 25 0
0 25 0 0 25
0 0 25 2 2
2 2 2 24.78 74.93
0.22 24.71 50.59 0.29 0
0 25 0 0 25
0 0 25 0 0
25 0 0 25 24.99
0 0.01 1 7 7
7 7 24.46 49.92 0.54
24.72 50.51 0.28 0 0
25 0 0 25 0
0 25 0 0 25
24.63 0.79 0.37 24.97 0
0.03 1 6 7 7
7 24.82 50.84 0.18 24.71
50.16 0.29 0 0 25
0 0 25 0 0
25 0 0 25 24.46
0.03 0.54 24.98 0 0.02
1 6 6 7 7
24.78 50.39 0.22 24.7 50.21
0.3 0 0 25 0
0 25 0 0 25
0 0 25 24.94 0.46
0.06 24.52 0 0.48 1
6 6 6 7 24.76
50.23 0.24 24.74 50.31 0.26
0 0 25 0 0
25 0 0 25 0
0 25 24.77 0.27 0.23
24.72 0.2 0.28 1 6
6 6 6 24.71 74.98
0.29 24.44 25.78 0.56 0
0 25 0 0 25
0 0 25 24.54 0.56
0.46 0 0 25 24.99
0 0.01 1 5 7
7 7 24.48 49.98 0.52
24.49 25.8 0.51 0 0
25 0 0 25 0
0 25 24.47 0.57 0.53
24.45 0.78 0.55 24.95 0.03
0.05 1 5 6 7
7 24.85 50.75 0.15 24.41
25.47 0.59 0 0 25
0 0 25 0 0
25 24.5 0.5 0.5 24.47
0.04 0.53 25 0.01 0
1 5 6 6 7
24.78 50.16 0.22 24.62 25.43
0.38 0 0 25 0
0 25 0 0 25
24.58 0.46 0.42 24.99 0.47
0.01 24.5 0.01 0.5 1
5 6 6 6 24.71
74.78 0.29 24.72 26.23 0.28
0 0 25 0 0
25 0 0 25 24.54
0.56 0.46 0 0 25
24.46 0 0.54 1 5
5 7 7 24.58 49.52
0.42 24.8 26.28 0.2 0
0 25 0 0 25
0 0 25 24.48 0.61
0.52 24.58 0.78 0.42 24.37
0 0.63 1 5 5
6 7 24.76 50.44 0.24
24.73 26.05 0.27 0 0
25 0 0 25 0
0 25 24.46 0.58 0.54
24.52 0.01 0.48 24.45 0
0.55 1 5 5 6
6 24.77 74.81 0.23 24.75
25.64 0.25 0 0 25
0 0 25 0 0
25 24.75 0.26 0.25 0
0 25 24.77 0.25 0.23
1 5 5 5 7
24.45 49.67 0.55 24.75 25.82
0.25 0 0 25 0
0 25 0 0 25
24.63 0.18 0.37 24.56 0.75
0.44 24.82 0.37 0.18 1
5 5 5 6 24.7
74.73 0.3 24.71 25.88 0.29
0 0 25 0 0
25 0 0 25 24.99
24.99 0.01 0 0 25
0 0 25 1 5
5 5 5 24.77 75.12
0.23 24.48 25.59 0.52 0
0 25 0 0 25
24.56 0.5 0.44 0 0
25 0 0 25 24.98
0 0.02 1 4 7
7 7 24.47 50.03 0.53
24.47 26.03 0.53 0 0
25 0 0 25 24.45
0.44 0.55 0 0 25
24.4 0.74 0.6 24.96 0.01
0.04 1 4 6 7
7 24.78 50.87 0.22 24.4
25.49 0.6 0 0 25
0 0 25 24.36 0.55
0.64 0 0 25 24.52
0.02 0.48 25 0.01 0
1 4 6 6 7
24.72 50.29 0.28 24.41 25.59
0.59 0 0 25 0
0 25 24.5 0.5 0.5
0 0 25 24.98 0.48
0.02 24.51 0.02 0.49 1
4 6 6 6 24.76
75.01 0.24 24.33 1.49 0.67
0 0 25 0 0
25 24.47 0.54 0.53 24.16
0.26 0.84 0 0 25
24.98 0 0.02 1 4
5 7 7 24.61 50.1
0.39 24.3 1.52 0.7 0
0 25 0 0 25
24.43 0.53 0.57 24.15 0.25
0.85 24.48 0.67 0.52 24.94
0.02 0.06 1 4 5
6 7 24.81 50.92 0.19
24.36 1.04 0.64 0 0
25 0 0 25 24.55
0.41 0.45 24.25 0.22 0.75
24.45 0 0.55 24.98 0.01
0.02 1 4 5 6
6 24.81 74.78 0.19 24.59
1.73 0.41 0 0 25
0 0 25 24.46 0.17
0.54 24.46 0.5 0.54 0
0 25 24.5 0 0.5
1 4 5 5 7
24.59 49.56 0.41 24.63 1.65
0.37 0 0 25 0
0 25 24.55 0.17 0.45
24.55 0.53 0.45 24.66 0.65
0.34 24.46 0 0.54 1
4 5 5 6 24.7
74.94 0.3 24.47 1.31 0.53
0 0 25 0 0
25 24.33 0.27 0.67 24.72
0.23 0.28 0 0 25
24.75 0.28 0.25 1 4
5 5 5 24.66 74.8
0.34 24.77 26.27 0.23 0
0 25 0 0 25
24.47 0.59 0.53 0 0
25 0 0 25 24.44
0 0.56 1 4 4
7 7 24.49 49.74 0.51
24.74 26.41 0.26 0 0
25 0 0 25 24.35
0.45 0.65 0 0 25
24.43 0.83 0.57 24.56 0
0.44 1 4 4 6
7 24.78 50.5 0.22 24.79
26.12 0.21 0 0 25
0 0 25 24.35 0.61
0.65 0 0 25 24.45
0 0.55 24.4 0 0.6
1 4 4 6 6
24.7 74.88 0.3 24.57 1.74
0.43 0 0 25 0
0 25 24.51 0.53 0.49
24.42 0.19 0.58 0 0
25 24.46 0 0.54 1
4 4 5 7 24.61
49.59 0.39 24.55 1.77 0.45
0 0 25 0 0
25 24.54 0.56 0.46 24.55
0.23 0.45 24.45 0.71 0.55
24.44 0 0.56 1 4
4 5 6 24.79 74.56
0.21 24.73 1.83 0.27 0
0 25 0 0 25
24.53 0.49 0.47 24.52 0.47
0.48 0 0 25 24.08
0 0.92 1 4 4
5 5 24.78 74.79 0.22
24.78 25.66 0.22 0 0
25 0 0 25 24.75
0.28 0.25 0 0 25
0 0 25 24.74 0.22
0.26 1 4 4 4
7 24.52 49.97 0.48 24.72
25.61 0.28 0 0 25
0 0 25 24.64 0.35
0.36 0 0 25 24.5
0.69 0.5 24.64 0.36 0.36
1 4 4 4 6
24.71 74.56 0.29 24.53 1.42
0.47 0 0 25 0
0 25 24.69 0.19 0.31
24.49 0.26 0.51 0 0
25 24.83 0.32 0.17 1
4 4 4 5 24.81
74.74 0.19 24.75 25.72 0.25
0 0 25 0 0
25 24.99 24.99 0.01 0
0 25 0 0 25
0 0 25 1 4
4 4 4 24.55 25.61
0.45 24.44 25.13 0.56 0
0 25 24.44 25.32 0.56
0 0 25 24.4 1.11
0.6 0 0 25 25
0 0 1 3 7
7 7 24.64 25.49 0.36
24.53 25.01 0.47 0 0
25 24.4 0.92 0.6 0
0 25 24.58 1.02 0.42
24.18 0.24 0.82 24.99 0
0.01 1 3 6 7
7 24.5 25.2 0.5 24.44
25.11 0.56 0 0 25
24.54 1.13 0.46 0 0
25 24.78 0.82 0.22 24.48
0.54 0.52 24.45 0.01 0.55
1 3 6 6 7
24.43 25.08 0.57 24.5 25.39
0.5 0 0 25 24.45
0.87 0.55 0 0 25
24.5 0.79 0.5 24.75 0.25
0.25 24.76 0.23 0.24 1
3 6 6 6 24.57
25.39 0.43 24.8 26.17 0.2
0 0 25 24.44 25.35
0.56 0 0 25 24.29
0.4 0.71 0 0 25
24.59 0 0.41 1 3
5 7 7 24.37 25.32
0.63 24.75 26.24 0.25 0
0 25 24.27 1.11 0.73
0 0 25 24.25 0.5
0.75 24.52 0.23 0.48 24.44
0 0.56 1 3 5
6 7 24.6 25.33 0.4
24.72 26.07 0.28 0 0
25 24.45 1.27 0.55 0
0 25 24.29 0.52 0.71
24.29 0.56 0.71 23.9 0
1.1 1 3 5 6
6 24.49 25.52 0.51 24.73
25.7 0.27 0 0 25
24.47 25.09 0.53 0 0
25 24.73 0.32 0.27 0
0 25 24.7 0.25 0.3
1 3 5 5 7
24.61 25.43 0.39 24.74 25.58
0.26 0 0 25 24.14
0.65 0.86 0 0 25
24.76 0.23 0.24 24.51 0.32
0.49 24.8 0.23 0.2 1
3 5 5 6 24.51
25.39 0.49 24.7 25.9 0.3
0 0 25 24.52 25
0.48 0 0 25 25
24.98 0 0 0 25
0 0 25 1 3
5 5 5 24.56 25.6
0.44 24.37 1.03 0.63 0
0 25 24.49 25.11 0.51
24.43 0.48 0.57 24.25 0.67
0.75 0 0 25 25
0.01 0 1 3 4
7 7 24.4 25.42 0.6
24.21 1.05 0.79 0 0
25 24.19 1.25 0.81 24.56
0.59 0.44 24.07 0.79 0.93
24.26 0.23 0.74 24.95 0.03
0.05 1 3 4 6
7 24.46 25.27 0.54 24.22
0.86 0.78 0 0 25
24.46 1.23 0.54 24.66 0.41
0.34 24.38 0.54 0.62 24.49
0.53 0.51 24.47 0.02 0.53
1 3 4 6 6
24.45 25.43 0.55 24.43 2.11
0.57 0 0 25 24.51
25.15 0.49 24.39 0.38 0.61
24.17 0.53 0.83 0 0
25 24.44 0.01 0.56 1
3 4 5 7 24.58
25.39 0.42 24.53 1.6 0.47
0 0 25 24.39 0.86
0.61 24.4 0.2 0.6 24.15
0.55 0.85 24.61 0.3 0.39
24.42 0.02 0.58 1 3
4 5 6 24.56 25.57
0.44 24.55 1.23 0.45 0
0 25 24.49 24.92 0.51
24.45 0.22 0.55 24.86 0.25
0.14 0 0 25 24.77
0.13 0.23 1 3 4
5 5 24.52 25.22 0.48
24.59 1.34 0.41 0 0
25 24.53 25.14 0.47 24.51
0.39 0.49 24.43 0.69 0.57
0 0 25 24.6 0.04
0.4 1 3 4 4
7 24.39 25.29 0.61 24.36
1.23 0.64 0 0 25
24.23 0.91 0.77 24.53 0.5
0.47 24.56 0.85 0.44 24.38
0.25 0.62 24.5 0.02 0.5
1 3 4 4 6
24.48 25.3 0.52 24.67 1.94
0.33 0 0 25 24.55
25.33 0.45 24.45 0.47 0.55
24.3 0.52 0.7 0 0
25 23.99 0 1.01 1
3 4 4 5 24.52
25.3 0.48 24.53 0.66 0.47
0 0 25 24.36 25.27
0.64 24.75 0.17 0.25 24.51
0.85 0.49 0 0 25
24.84 0.24 0.16 1 3
4 4 4 24.81 26.22
0.19 24.74 25.72 0.26 0
0 25 24.29 24.36 0.71
0 0 25 24.39 1.03
0.61 0 0 25 24.44
0 0.56 1 3 3
7 7 24.77 25.49 0.23
24.79 25.66 0.21 0 0
25 24.25 0.52 0.75 0
0 25 24.37 0.86 0.63
24.53 0.42 0.47 24.34 0
0.66 1 3 3 6
7 24.73 25.73 0.27 24.76
25.7 0.24 0 0 25
24.28 0.76 0.72 0 0
25 24.37 0.69 0.63 24.22
0.21 0.78 24.32 0.23 0.68
1 3 3 6 6
24.7 26.17 0.3 24.76 25.33
0.24 0 0 25 24.51
25 0.49 0 0 25
24.26 0.24 0.74 0 0
25 24.77 0.26 0.23 1
3 3 5 7 24.81
25.54 0.19 24.72 25.28 0.28
0 0 25 24.31 0.81
0.69 0 0 25 24.27
0.32 0.73 24.69 0.8 0.31
24.21 0.24 0.79 1 3
3 5 6 24.75 26.34
0.25 24.79 25.2 0.21 0
0 25 24.47 24.48 0.53
0 0 25 24.99 24.98
0.01 0 0 25 0
0 25 1 3 3
5 5 24.79 26.07 0.21
24.54 1.36 0.46 0 0
25 24.26 24.54 0.74 24.47
0.28 0.53 24.13 0.91 0.87
0 0 25 24.63 0.02
0.37 1 3 3 4
7 24.7 25.79 0.3 24.42
1.29 0.58 0 0 25
24.04 0.45 0.96 24.52 0.34
0.48 24.23 0.95 0.77 24.57
0.46 0.43 24.24 0 0.76
1 3 3 4 6
24.73 25.97 0.27 24.54 0.87
0.46 0 0 25 24.56
25.09 0.44 24.45 0.25 0.55
24.25 0.25 0.75 0 0
25 24.74 0.3 0.26 1
3 3 4 5 24.62
26.02 0.38 24.8 1.55 0.2
0 0 25 24.26 24.43
0.74 24.56 0.49 0.44 24.25
1.03 0.75 0 0 25
23.97 0.02 1.03 1 3
3 4 4 24.68 25.33
0.32 24.69 25.28 0.31 0
0 25 24.7 25.24 0.3
0 0 25 24.41 0.77
0.59 0 0 25 24.63
0.27 0.37 1 3 3
3 7 24.81 25.23 0.19
24.8 25.18 0.2 0 0
25 24.42 0.51 0.58 0
0 25 24.58 0.58 0.42
24.45 0.36 0.55 24.61 0.47
0.39 1 3 3 3
6 24.77 25.26 0.23 24.76
25.31 0.24 0 0 25
24.96 25.99 0.04 0 0
25 24.54 24.41 0.46 0
0 25 0 0 25
1 3 3 3 5
24.71 25.28 0.29 24.49 0.81
0.51 0 0 25 24.76
25.13 0.24 24.42 0.27 0.58
24.54 0.86 0.46 0 0
25 24.51 0.22 0.49 1
3 3 3 4 24.76
25.1 0.24 24.83 25.33 0.17
0 0 25 24.84 25.37
0.16 0 0 25 24.71
25.06 0.29 0 0 25
0 0 25 1 3
3 3 3 24.46 25.84
0.54 24.24 25.27 0.76 24.54
25.03 0.46 0 0 25
24.63 1 0.37 0 0
25 0 0 25 24.99
0 0.01 1 2 7
7 7 24.66 25.63 0.34
24.47 25 0.53 24.23 0.91
0.77 0 0 25 24.57
1.06 0.43 0 0 25
24.24 0.22 0.76 25 0.01
0 1 2 6 7
7 24.5 25.17 0.5 24.51
25.21 0.49 24.54 1.31 0.46
0 0 25 24.5 0.72
0.5 0 0 25 24.54
0.46 0.46 24.53 0.01 0.47
1 2 6 6 7
24.38 25.36 0.62 24.5 25.38
0.5 24.52 0.8 0.48 0
0 25 24.43 0.66 0.57
0 0 25 24.77 0.2
0.23 24.79 0.21 0.21 1
2 6 6 6 24.45
25.49 0.55 24.25 1.04 0.75
24.57 25.18 0.43 0 0
25 24.58 1.02 0.42 24.16
0.25 0.84 0 0 25
25 0.01 0 1 2
5 7 7 24.58 25.5
0.42 24.19 1.07 0.81 24.31
0.96 0.69 0 0 25
24.37 0.89 0.63 24.18 0.35
0.82 24.27 0.31 0.73 24.97
0.05 0.03 1 2 5
6 7 24.38 25.33 0.62
24.27 1 0.73 24.59 1.26
0.41 0 0 25 24.46
0.49 0.54 24.37 0.28 0.63
24.57 0.5 0.43 24.49 0.01
0.51 1 2 5 6
6 24.48 25.25 0.52 24.55
1.19 0.45 24.48 25.38 0.52
0 0 25 24.41 0.74
0.59 24.51 0.48 0.49 0
0 25 24.51 0.02 0.49
1 2 5 5 7
24.53 25.11 0.47 24.53 1.3
0.47 24.33 1.02 0.67 0
0 25 24.55 0.73 0.45
24.44 0.46 0.56 24.29 0.18
0.71 24.51 0.02 0.49 1
2 5 5 6 24.56
25.34 0.44 24.52 0.76 0.48
24.53 25.22 0.47 0 0
25 24.39 0.68 0.61 24.78
0.32 0.22 0 0 25
24.68 0.22 0.32 1 2
5 5 5 24.48 25.41
0.52 24.78 26.1 0.22 24.59
25.43 0.41 0 0 25
24.18 0.43 0.82 0 0
25 0 0 25 24.58
0.02 0.42 1 2 4
7 7 24.43 25.6 0.57
24.78 26.02 0.22 24.28 0.92
0.72 0 0 25 24.17
0.48 0.83 0 0 25
24.59 0.22 0.41 24.51 0
0.49 1 2 4 6
7 24.47 25.21 0.53 24.78
26.18 0.22 24.57 1.2 0.43
0 0 25 24.11 0.41
0.89 0 0 25 24.48
0.44 0.52 24.15 0 0.85
1 2 4 6 6
24.48 25.66 0.52 24.42 1.72
0.58 24.41 25.31 0.59 0
0 25 24.17 0.52 0.83
24.54 0.3 0.46 0 0
25 24.47 0 0.53 1
2 4 5 7 24.41
25.51 0.59 24.52 1.57 0.48
24.29 1.03 0.71 0 0
25 24.21 0.41 0.79 24.39
0.32 0.61 24.53 0.23 0.47
24.56 0.02 0.44 1 2
4 5 6 24.58 24.94
0.42 24.71 2.06 0.29 24.64
25.32 0.36 0 0 25
24.27 0.47 0.73 24.49 0.37
0.51 0 0 25 24.14
0.01 0.86 1 2 4
5 5 24.49 25.37 0.51
24.83 25.86 0.17 24.49 24.95
0.51 0 0 25 24.71
0.23 0.29 0 0 25
0 0 25 24.81 0.26
0.19 1 2 4 4
7 24.59 25.47 0.41 24.74
25.48 0.26 24.24 0.71 0.76
0 0 25 24.82 0.29
0.18 0 0 25 24.5
0.27 0.5 24.72 0.17 0.28
1 2 4 4 6
24.5 25.41 0.5 24.5 1.15
0.5 24.62 25.1 0.38 0
0 25 24.71 0.29 0.29
24.48 0.22 0.52 0 0
25 24.73 0.29 0.27 1
2 4 4 5 24.49
25.6 0.51 24.75 25.85 0.25
24.5 24.88 0.5 0 0
25 24.97 24.96 0.03 0
0 25 0 0 25
0 0 25 1 2
4 4 4 24.26 0.71
0.74 24.43 0.77 0.57 24.23
0.75 0.77 24.29 0.73 0.71
24.45 0.88 0.55 24.28 0.41
0.72 24.29 0.52 0.71 24.97
0.03 0.03 1 2 3
7 7 24.23 0.79 0.77
24.33 0.76 0.67 24.41 1.23
0.59 24.32 0.91 0.68 24.55
0.78 0.45 24.15 0.4 0.85
24.14 0.45 0.86 24.54 0.01
0.46 1 2 3 6
7 24.28 0.72 0.72 24.25
0.76 0.75 24.4 0.66 0.6
24.41 0.51 0.59 24.67 0.71
0.33 24.2 0.42 0.8 24.69
0.23 0.31 24.78 0.31 0.22
1 2 3 6 6
24.29 0.76 0.71 24.47 1.22
0.53 24.18 0.79 0.82 24.3
0.64 0.7 24.43 0.88 0.57
24.34 0.57 0.66 24.28 0.43
0.72 24.42 0 0.58 1
2 3 5 7 24.41
0.72 0.59 24.5 1.05 0.5
24.44 1.32 0.56 24.18 0.81
0.82 24.4 0.6 0.6 24.3
0.5 0.7 24.22 0.47 0.78
24.06 0.02 0.94 1 2
3 5 6 24.31 0.84
0.69 24.36 0.81 0.64 24.28
0.88 0.72 24.29 0.44 0.71
24.43 0.78 0.57 24.69 0.3
0.31 24.16 0.44 0.84 24.7
0.29 0.3 1 2 3
5 5 24.14 0.78 0.86
24.53 1.06 0.47 24.35 0.8
0.65 24.26 0.68 0.74 24.43
0.47 0.57 24.6 0.8 0.4
24.15 0.42 0.85 24.5 0.03
0.5 1 2 3 4
7 24.21 0.81 0.79 24.45
1.19 0.55 24.49 1 0.51
24.36 0.85 0.64 24.38 0.39
0.62 24.42 0.48 0.58 24.34
0.66 0.66 23.95 0.02 1.05
1 2 3 4 6
24.05 0.77 0.95 24.67 1.7
0.33 24.21 0.78 0.79 24.35
0.75 0.65 24.32 0.54 0.68
24.37 0.47 0.63 24.53 0.49
0.47 23.99 0.01 1.01 1
2 3 4 5 24.19
0.82 0.81 24.35 0.76 0.65
24.28 0.52 0.72 24.29 0.69
0.71 24.75 0.24 0.25 24.53
0.82 0.47 24.27 0.5 0.73
24.75 0.24 0.25 1 2
3 4 4 24.48 0.98
0.52 24.42 1.01 0.58 24.56
0.99 0.44 24.09 0.46 0.91
24.49 0.55 0.51 24.31 0.77
0.69 24.07 0.52 0.93 24.28
0.02 0.72 1 2 3
3 7 24.44 1.03 0.56
24.46 1.12 0.54 24.42 0.51
0.58 24.26 0.71 0.74 24.5
0.58 0.5 24.12 0.8 0.88
24.27 0.17 0.73 24.3 0.31
0.7 1 2 3 3
6 24.37 0.94 0.63 24.5
0.58 0.5 24.43 1.12 0.57
24.31 0.71 0.69 24.5 0.58
0.5 24.3 0.28 0.7 24.17
0.8 0.83 24.18 0.23 0.82
1 2 3 3 5
24.39 1.16 0.61 24.68 1.47
0.32 24.56 1.22 0.44 23.97
0.44 1.03 24.25 0.42 0.75
24.3 1 0.7 23.92 0.44
1.08 23.78 0 1.22 1
2 3 3 4 24.48
0.41 0.52 24.53 0.58 0.47
24.55 0.52 0.45 24.48 0.53
0.52 24.43 0.53 0.57 24.38
0.5 0.62 24.49 0.48 0.51
24.52 0.59 0.48 1 2
3 3 3 24.78 26.39
0.22 24.74 25.69 0.26 24.06
24.64 0.94 0 0 25
24.27 0.92 0.73 0 0
25 0 0 25 24.46
0.05 0.54 1 2 2
7 7 24.71 25.59 0.29
24.73 25.97 0.27 23.99 0.45
1.01 0 0 25 24.16
0.86 0.84 0 0 25
24.64 0.57 0.36 24.33 0
0.67 1 2 2 6
7 24.82 25.6 0.18 24.71
25.74 0.29 24.33 0.74 0.67
0 0 25 24.23 0.7
0.77 0 0 25 24.23
0.21 0.77 24.35 0.34 0.65
1 2 2 6 6
24.74 26.06 0.26 24.47 1.06
0.53 24.35 24.53 0.65 0
0 25 24.39 0.99 0.61
24.56 0.38 0.44 0 0
25 24.47 0 0.53 1
2 2 5 7 24.79
25.74 0.21 24.46 1.17 0.54
24.06 0.51 0.94 0 0
25 24.2 0.89 0.8 24.55
0.27 0.45 24.54 0.53 0.46
24.26 0.03 0.74 1 2
2 5 6 24.77 25.76
0.23 24.74 1.59 0.26 24.23
24.67 0.77 0 0 25
24.15 1.01 0.85 24.54 0.43
0.46 0 0 25 24.11
0 0.89 1 2 2
5 5 24.75 26.3 0.25
24.67 25.3 0.33 24.48 24.94
0.52 0 0 25 24.21
0.23 0.79 0 0 25
0 0 25 24.77 0.35
0.23 1 2 2 4
7 24.73 25.9 0.27 24.69
25.24 0.31 24.18 0.72 0.82
0 0 25 24.26 0.3
0.74 0 0 25 24.75
0.72 0.25 24.22 0.29 0.78
1 2 2 4 6
24.73 26.26 0.27 24.55 0.81
0.45 24.49 24.91 0.51 0
0 25 24.17 0.26 0.83
24.49 0.26 0.51 0 0
25 24.76 0.31 0.24 1
2 2 4 5 24.77
26.19 0.23 24.79 25.39 0.21
24.45 24.44 0.55 0 0
25 24.98 24.99 0.02 0
0 25 0 0 25
0 0 25 1 2
2 4 4 24.54 0.96
0.46 24.55 0.83 0.45 23.98
0.51 1.02 24.47 1.03 0.53
24.33 1.16 0.67 24.51 0.49
0.49 23.98 0.43 1.02 24.22
0.01 0.78 1 2 2
3 7 24.52 1.12 0.48
24.42 1.18 0.58 24.14 0.89
0.86 24.5 0.39 0.5 24.13
0.68 0.87 24.51 0.58 0.49
24.08 0.25 0.92 24.33 0.28
0.67 1 2 2 3
6 24.55 0.97 0.45 24.75
1.3 0.25 24.07 0.53 0.93
24.58 0.93 0.42 24.41 0.9
0.59 24.13 0.48 0.87 24.12
0.5 0.88 23.76 0.02 1.24
1 2 2 3 5
24.47 0.82 0.53 24.57 0.53
0.43 24.37 0.73 0.63 24.55
1.08 0.45 24.39 0.35 0.61
24.44 0.46 0.56 24.21 0.78
0.79 24.08 0.17 0.92 1
2 2 3 4 24.82
1.29 0.18 24.72 1.24 0.28
24.31 0.81 0.69 24.37 0.63
0.63 24.28 0.72 0.72 24.18
0.64 0.82 23.76 0.25 1.24
23.7 0.28 1.3 1 2
2 3 3 24.75 25.19
0.25 24.8 25.28 0.2 24.66
25.3 0.34 0 0 25
24.48 0.79 0.52 0 0
25 0 0 25 24.48
0.27 0.52 1 2 2
2 7 24.74 25.21 0.26
24.78 25.28 0.22 24.47 0.56
0.53 0 0 25 24.51
0.55 0.49 0 0 25
24.47 0.46 0.53 24.51 0.46
0.49 1 2 2 2
6 24.86 25.37 0.14 24.38
0.59 0.62 24.68 25.17 0.32
0 0 25 24.61 0.82
0.39 24.44 0.37 0.56 0
0 25 24.48 0.23 0.52
1 2 2 2 5
24.63 25.37 0.37 24.65 25.4
0.35 24.96 26.11 0.04 0
0 25 24.41 24.47 0.59
0 0 25 0 0
25 0 0 25 1
2 2 2 4 24.35
0.48 0.65 24.51 0.55 0.49
24.31 0.49 0.69 24.5 0.65
0.5 24.42 0.64 0.58 24.45
0.51 0.55 24.49 0.55 0.51
24.49 0.61 0.51 1 2
2 2 3 24.66 25.32
0.34 24.74 25.33 0.26 24.73
25.1 0.27 0 0 25
24.76 25.36 0.24 0 0
25 0 0 25 0
0 25 1 2 2
2 2 25 76.47 0
24.51 49.02 0.49 0 0
25 0 0 25 0
0 25 0 0 25
0 0 25 24.99 0.01
0.01 1 1 7 7
7 24.78 51.12 0.22 24.53
48.99 0.47 0 0 25
0 0 25 0 0
25 0 0 25 24.73
0.87 0.27 24.98 0 0.02
1 1 6 7 7
24.98 52.06 0.02 24.51 48.92
0.49 0 0 25 0
0 25 0 0 25
0 0 25 24.48 0.01
0.52 24.99 0.05 0.01 1
1 6 6 7 24.98
51.38 0.02 24.4 49.17 0.6
0 0 25 0 0
25 0 0 25 0
0 25 25 0.5 0
24.52 0.05 0.48 1 1
6 6 6 24.99 76.05
0.01 24.25 24.54 0.75 0
0 25 0 0 25
0 0 25 24.74 0.91
0.26 0 0 25 24.52
0 0.48 1 1 5
7 7 24.72 50.79 0.28
24.25 24.53 0.75 0 0
25 0 0 25 0
0 25 24.77 1.15 0.23
24.69 0.71 0.31 24.39 0
0.61 1 1 5 6
7 25 51.59 0 24.34
24.17 0.66 0 0 25
0 0 25 0 0
25 24.88 1.01 0.12 24.47
0.01 0.53 24.51 0.02 0.49
1 1 5 6 6
24.99 75.93 0.01 24.58 25
0.42 0 0 25 0
0 25 0 0 25
24.31 0.23 0.69 0 0
25 24.77 0.19 0.23 1
1 5 5 7 24.77
50.87 0.23 24.47 24.92 0.53
0 0 25 0 0
25 0 0 25 24.35
0.27 0.65 24.73 0.63 0.27
24.75 0.24 0.25 1 1
5 5 6 25 75.99
0 24.53 24.48 0.47 0
0 25 0 0 25
0 0 25 25 25
0 0 0 25 0
0 25 1 1 5
5 5 24.99 75.8 0.01
24.4 24.57 0.6 0 0
25 0 0 25 24.8
1 0.2 0 0 25
0 0 25 24.43 0.01
0.57 1 1 4 7
7 24.67 50.69 0.33 24.17
24.52 0.83 0 0 25
0 0 25 24.74 1.15
0.26 0 0 25 24.75
0.88 0.25 24.43 0 0.57
1 1 4 6 7
24.99 51.5 0.01 24.28 24.44
0.72 0 0 25 0
0 25 24.83 0.95 0.17
0 0 25 24.49 0
0.51 24.51 0.01 0.49 1
1 4 6 6 24.99
75.56 0.01 23.84 0.4 1.16
0 0 25 0 0
25 24.89 0.97 0.11 24.42
0.61 0.58 0 0 25
24.32 0 0.68 1 1
4 5 7 24.77 50.31
0.23 24.02 0.54 0.98 0
0 25 0 0 25
24.68 1.03 0.32 24.48 0.45
0.52 24.77 0.69 0.23 24.26
0 0.74 1 1 4
5 6 25 75.58 0
24.2 0.83 0.8 0 0
25 0 0 25 24.71
0.7 0.29 24.17 0.19 0.83
0 0 25 24.33 0.29
0.67 1 1 4 5
5 25 75.97 0 24.53
24.88 0.47 0 0 25
0 0 25 24.4 0.33
0.6 0 0 25 0
0 25 24.68 0.21 0.32
1 1 4 4 7
24.76 50.63 0.24 24.5 24.97
0.5 0 0 25 0
0 25 24.21 0.16 0.79
0 0 25 24.83 0.78
0.17 24.84 0.32 0.16 1
1 4 4 6 24.98
75.51 0.02 24.23 0.79 0.77
0 0 25 0 0
25 24.33 0.26 0.67 24.68
0.73 0.32 0 0 25
24.29 0.2 0.71 1 1
4 4 5 25 75.88
0 24.63 24.52 0.37 0
0 25 0 0 25
24.97 25 0.03 0 0
25 0 0 25 0
0 25 1 1 4
4 4 24.75 26.47 0.25
24.27 24.39 0.73 0 0
25 24.67 25.67 0.33 0
0 25 24.24 1.15 0.76
0 0 25 24.39 0
0.61 1 1 3 7
7 24.78 26.5 0.22 24.24
24.35 0.76 0 0 25
24.47 1.27 0.53 0 0
25 24.31 0.86 0.69 24.37
0.32 0.63 24.51 0.02 0.49
1 1 3 6 7
24.75 25.76 0.25 24.39 24.62
0.61 0 0 25 24.82
1.56 0.18 0 0 25
24.22 0.95 0.78 24.48 0.53
0.52 23.91 0.01 1.09 1
1 3 6 6 24.75
26.18 0.25 24.54 24.86 0.46
0 0 25 24.74 25.37
0.26 0 0 25 24.21
0.36 0.79 0 0 25
24.64 0.35 0.36 1 1
3 5 7 24.77 26.38
0.23 24.5 24.85 0.5 0
0 25 24.51 0.59 0.49
0 0 25 24.24 0.17
0.76 24.58 0.28 0.42 24.82
0.31 0.18 1 1 3
5 6 24.72 26.48 0.28
24.48 24.38 0.52 0 0
25 24.73 25.16 0.27 0
0 25 24.99 25.06 0.01
0 0 25 0 0
25 1 1 3 5
5 24.82 25.75 0.18 23.95
0.38 1.05 0 0 25
24.84 25.63 0.16 24.82 1.12
0.18 24.06 0.39 0.94 0
0 25 24.24 0 0.76
1 1 3 4 7
24.82 25.67 0.18 23.99 0.54
1.01 0 0 25 24.5
1.03 0.5 24.71 0.86 0.29
24.16 0.5 0.84 24.61 0.28
0.39 24.33 0 0.67 1
1 3 4 6 24.78
25.63 0.22 24.27 0.8 0.73
0 0 25 24.8 25.26
0.2 24.72 0.89 0.28 24.37
0.13 0.63 0 0 25
24.24 0.11 0.76 1 1
3 4 5 24.7 25.88
0.3 24.39 0.65 0.61 0
0 25 24.63 25.77 0.37
24.36 0.22 0.64 24.28 0.6
0.72 0 0 25 24.34
0.18 0.66 1 1 3
4 4 25 26.86 0
24.55 24.99 0.45 0 0
25 24.5 24.98 0.5 0
0 25 23.82 0.27 1.18
0 0 25 24.73 0.3
0.27 1 1 3 3
7 24.99 26.48 0.01 24.53
24.81 0.47 0 0 25
24.36 0.72 0.64 0 0
25 23.93 0.24 1.07 24.74
0.8 0.26 24.22 0.18 0.78
1 1 3 3 6
24.98 27.09 0.02 24.5 24.52
0.5 0 0 25 24.41
24.51 0.59 0 0 25
24.98 25.01 0.02 0 0
25 0 0 25 1
1 3 3 5 25
26.51 0 24.21 0.7 0.79
0 0 25 24.57 24.9
0.43 24.73 0.87 0.27 23.83
0.18 1.17 0 0 25
24.23 0.27 0.77 1 1
3 3 4 24.99 26.1
0.01 24.46 24.45 0.54 0
0 25 25 26.1 0
0 0 25 24.49 24.41
0.51 0 0 25 0
0 25 1 1 3
3 3 24.76 26.29 0.24
24.22 24.47 0.78 24.76 25.65
0.24 0 0 25 24.29
1.11 0.71 0 0 25
0 0 25 24.45 0
0.55 1 1 2 7
7 24.8 26.3 0.2 24.29
24.39 0.71 24.54 1.19 0.46
0 0 25 24.37 0.89
0.63 0 0 25 24.49
0.16 0.51 24.54 0.04 0.46
1 1 2 6 7
24.74 25.9 0.26 24.32 24.45
0.68 24.76 1.61 0.24 0
0 25 24.18 0.93 0.82
0 0 25 24.5 0.66
0.5 23.94 0.01 1.06 1
1 2 6 6 24.81
25.67 0.19 24 0.5 1
24.72 25.7 0.28 0 0
25 24.33 1.03 0.67 24.41
0.56 0.59 0 0 25
24.27 0 0.73 1 1
2 5 7 24.66 25.78
0.34 23.99 0.36 1.01 24.5
1.18 0.5 0 0 25
24.43 0.85 0.57 24.59 0.54
0.41 24.51 0.2 0.49 24.38
0.03 0.62 1 1 2
5 6 24.67 25.66 0.33
24.27 0.81 0.73 24.75 25.88
0.25 0 0 25 24.23
0.78 0.77 24.21 0.19 0.79
0 0 25 24.3 0.25
0.7 1 1 2 5
5 24.76 26.27 0.24 24.5
24.85 0.5 24.72 25.29 0.28
0 0 25 24.43 0.19
0.57 0 0 25 0
0 25 24.79 0.2 0.21
1 1 2 4 7
24.78 26.39 0.22 24.5 24.93
0.5 24.51 0.77 0.49 0
0 25 24.32 0.2 0.68
0 0 25 24.31 0.23
0.69 24.79 0.27 0.21 1
1 2 4 6 24.66
25.56 0.34 24.34 0.88 0.66
24.76 25.42 0.24 0 0
25 24.29 0.18 0.71 24.6
0.76 0.4 0 0 25
24.3 0.25 0.7 1 1
2 4 5 24.84 26.1
0.16 24.48 24.56 0.52 24.79
25.25 0.21 0 0 25
24.98 25 0.02 0 0
25 0 0 25 0
0 25 1 1 2
4 4 24.5 1.04 0.5
24.01 0.45 0.99 24.56 1.16
0.44 24.43 0.95 0.57 24.13
1.21 0.87 24 0.42 1
24.48 0.5 0.52 24.16 0
0.84 1 1 2 3
7 24.45 0.89 0.55 24.11
0.48 0.89 24.72 1.39 0.28
24.56 1.08 0.44 24.54 0.9
0.46 23.84 0.42 1.16 24.2
0.66 0.8 23.76 0 1.24
1 1 2 3 6
24.56 0.9 0.44 24.36 0.59
0.64 24.59 1.14 0.41 24.53
0.51 0.47 24.22 0.75 0.78
24.36 0.33 0.64 24.35 0.42
0.65 24.11 0.28 0.89 1
1 2 3 5 24.44
1.11 0.56 24.26 0.88 0.74
24.43 0.53 0.57 24.61 1.04
0.39 24.17 0.24 0.83 24.16
0.68 0.84 24.46 0.46 0.54
24.22 0.31 0.78 1 1
2 3 4 24.66 1.31
0.34 24.19 0.65 0.81 24.73
1.47 0.27 24.32 0.77 0.68
24.23 0.65 0.77 23.92 0.32
1.08 24.14 0.79 0.86 23.68
0.17 1.32 1 1 2
3 3 25 27.06 0
24.46 25.12 0.54 24.41 25
0.59 0 0 25 23.71
0.24 1.29 0 0 25
0 0 25 24.76 0.24
0.24 1 1 2 2
7 25 26.32 0 24.57
25.12 0.43 24.27 0.72 0.73
0 0 25 23.75 0.18
1.25 0 0 25 24.78
0.83 0.22 24.22 0.24 0.78
1 1 2 2 6
24.99 26.5 0.01 24.14 0.69
0.86 24.48 24.94 0.52 0
0 25 23.91 0.27 1.09
24.72 0.75 0.28 0 0
25 24.31 0.3 0.69 1
1 2 2 5 24.99
26.95 0.01 24.39 24.46 0.61
24.6 24.56 0.4 0 0
25 24.99 25.06 0.01 0
0 25 0 0 25
0 0 25 1 1
2 2 4 24.76 1.2
0.24 24.39 0.61 0.61 24.22
0.71 0.78 24.69 1.09 0.31
23.95 0.2 1.05 24.43 0.67
0.57 24.3 0.79 0.7 23.87
0.12 1.13 1 1 2
2 3 24.97 26.29 0.03
24.32 24.41 0.68 24.98 26.09
0.02 0 0 25 24.4
24.54 0.6 0 0 25
0 0 25 0 0
25 1 1 2 2
2 24.99 74.99 0.01 24.99
50.55 0.01 0 0 25
0 0 25 0 0
25 0 0 25 0
0 25 24.47 0.01 0.53
1 1 1 7 7
24.72 49.73 0.28 25 50.5
0 0 0 25 0
0 25 0 0 25
0 0 25 24.76 0.77
0.24 24.51 0.01 0.49 1
1 1 6 7 25
50.41 0 25 50.48 0
0 0 25 0 0
25 0 0 25 0
0 25 24.57 0.02 0.43
24.52 0 0.48 1 1
1 6 6 24.99 75.02
0.01 24.75 25.16 0.25 0
0 25 0 0 25
0 0 25 24.58 0.77
0.42 0 0 25 24.52
0.21 0.48 1 1 1
5 7 24.79 49.89 0.21
24.79 25.38 0.21 0 0
25 0 0 25 0
0 25 24.49 0.62 0.51
24.7 0.65 0.3 24.44 0.25
0.56 1 1 1 5
6 25 74.98 0 25
25.83 0 0 0 25
0 0 25 0 0
25 24.52 24.67 0.48 0
0 25 0 0 25
1 1 1 5 5
25 75.02 0 24.72 25.33
0.28 0 0 25 0
0 25 24.33 0.8 0.67
0 0 25 0 0
25 24.52 0.28 0.48 1
1 1 4 7 24.75
49.63 0.25 24.8 25.47 0.2
0 0 25 0 0
25 24.46 0.71 0.54 0
0 25 24.85 0.77 0.15
24.41 0.15 0.59 1 1
1 4 6 24.98 75.02
0.02 24.62 0.54 0.38 0
0 25 0 0 25
24.45 0.36 0.55 24.51 0.44
0.49 0 0 25 24.57
0.51 0.43 1 1 1
4 5 24.99 75 0.01
25 25.99 0 0 0
25 0 0 25 24.47
24.55 0.53 0 0 25
0 0 25 0 0
25 1 1 1 4
4 24.76 25.09 0.24 24.74
25.23 0.26 0 0 25
24.85 25.32 0.15 0 0
25 24.58 0.71 0.42 0
0 25 24.48 0.24 0.52
1 1 1 3 7
24.7 25.28 0.3 24.74 25.35
0.26 0 0 25 24.53
0.77 0.47 0 0 25
24.45 0.77 0.55 24.44 0.26
0.56 24.5 0.21 0.5 1
1 1 3 6 24.81
25.26 0.19 24.99 26.01 0.01
0 0 25 24.75 25.17
0.25 0 0 25 24.53
24.48 0.47 0 0 25
0 0 25 1 1
1 3 5 24.75 25.31
0.25 24.51 0.65 0.49 0
0 25 24.67 25.22 0.33
24.51 0.41 0.49 24.38 0.58
0.62 0 0 25 24.52
0.49 0.48 1 1 1
3 4 25 26.08 0
25 25.86 0 0 0
25 24.45 24.5 0.55 0
0 25 24.61 24.5 0.39
0 0 25 0 0
25 1 1 1 3
3 24.63 25.29 0.37 24.71
25.18 0.29 24.73 25.35 0.27
0 0 25 24.36 0.91
0.64 0 0 25 0
0 25 24.49 0.35 0.51
1 1 1 2 7
24.78 25.31 0.22 24.75 25.44
0.25 24.52 0.6 0.48 0
0 25 24.44 0.7 0.56
0 0 25 24.6 0.23
0.4 24.35 0.28 0.65 1
1 1 2 6 24.73
25.24 0.27 24.34 0.59 0.66
24.83 25.21 0.17 0 0
25 24.57 0.72 0.43 24.43
0.54 0.57 0 0 25
24.42 0.38 0.58 1 1
1 2 5 24.73 25.26
0.27 24.99 26.01 0.01 24.75
25.28 0.25 0 0 25
24.49 24.49 0.51 0 0
25 0 0 25 0
0 25 1 1 1
2 4 24.59 0.44 0.41
24.56 0.47 0.44 24.53 0.46
0.47 24.57 0.53 0.43 24.52
0.45 0.48 24.51 0.55 0.49
24.42 0.47 0.58 24.43 0.5
0.57 1 1 1 2
3 24.99 26.05 0.01 25
26.21 0 24.4 24.55 0.6
0 0 25 24.28 24.52
0.72 0 0 25 0
0 25 0 0 25
1 1 1 2 2
25 75.05 0 24.8 49.7
0.2 0 0 25 0
0 25 0 0 25
0 0 25 0 0
25 24.87 0.58 0.13 1
1 1 1 7 24.73
49.88 0.27 24.68 49.73 0.32
0 0 25 0 0
25 0 0 25 0
0 25 24.71 0.78 0.29
24.78 0.71 0.22 1 1
1 1 6 25 75.03
0 24.79 25.29 0.21 0
0 25 0 0 25
0 0 25 24.76 25.13
0.24 0 0 25 0
0 25 1 1 1
1 5 25 75.06 0
24.74 25.26 0.26 0 0
25 0 0 25 24.71
25.23 0.29 0 0 25
0 0 25 0 0
25 1 1 1 1
4 24.77 25.4 0.23 24.71
25.22 0.29 0 0 25
24.73 25.16 0.27 0 0
25 24.84 25.17 0.16 0
0 25 0 0 25
1 1 1 1 3
24.76 25.45 0.24 24.71 25.06
0.29 24.61 25.24 0.39 0
0 25 24.75 25.42 0.25
0 0 25 0 0
25 0 0 25 1
1 1 1 2 25
75 0 25 75 0
0 0 25 0 0
25 0 0 25 0
0 25 0 0 25
0 0 25 1 1
1 1 1
