22.96 146.88 2.04 0 0
25 0 0 25 0
0 25 0 0 25
0 0 25 0 0
25 16.39 13.77 8.61 7
7 7 7 16.96 97.68
8.04 0 0 25 0
0 25 0 0 25
0 0 25 0 0
25 13.73 39.7 11.27 16.05
15.88 8.95 6 7 7
7 21.24 128.96 3.76 0
0 25 0 0 25
0 0 25 0 0
25 0 0 25 11.19
18.81 13.81 11.19 8.61 13.81
6 6 7 7 19.6
108.49 5.4 0 0 25
0 0 25 0 0
25 0 0 25 0
0 25 13.9 28.44 11.1
13.54 16.03 11.46 6 6
6 7 22.81 132.11 2.19
0 0 25 0 0
25 0 0 25 0
0 25 0 0 25
16.49 28.59 8.51 0 0
25 6 6 6 6
17.47 97.49 7.53 0 0
25 0 0 25 0
0 25 0 0 25
13.5 39.08 11.5 0 0
25 16.21 16.25 8.79 5
7 7 7 12.53 61.95
12.47 0 0 25 0
0 25 0 0 25
0 0 25 13.29 37.62
11.71 11.15 28.57 13.85 16.29
18.6 8.71 5 6 7
7 15.85 82.67 9.15 0
0 25 0 0 25
0 0 25 0 0
25 13.68 36.91 11.32 11.23
18.28 13.77 10.78 10.6 14.22
5 6 6 7 13.99
67.34 11.01 0 0 25
0 0 25 0 0
25 0 0 25 13.75
33.71 11.25 13.62 26.7 11.38
13.79 17.1 11.21 5 6
6 6 21.5 128.34 3.5
0 0 25 0 0
25 0 0 25 0
0 25 11.15 18.73 13.85
0 0 25 11.17 9.11
13.83 5 5 7 7
15.52 82.76 9.48 0 0
25 0 0 25 0
0 25 0 0 25
11.19 18.14 13.81 13.82 37.17
11.18 11.06 10.34 13.94 5
5 6 7 20.57 112.22
4.43 0 0 25 0
0 25 0 0 25
0 0 25 11.28 17.68
13.72 11.18 17.6 13.82 6.2
3.27 18.8 5 5 6
6 19.49 108.74 5.51 0
0 25 0 0 25
0 0 25 0 0
25 13.5 28.83 11.5 0
0 25 13.52 15.92 11.48
5 5 5 7 13.82
65.63 11.18 0 0 25
0 0 25 0 0
25 0 0 25 13.54
26.4 11.46 14 34.72 11
13.66 18.23 11.34 5 5
5 6 22.85 132.01 2.15
0 0 25 0 0
25 0 0 25 0
0 25 16.67 28.47 8.33
0 0 25 0 0
25 5 5 5 5
16.99 96.17 8.01 0 0
25 0 0 25 0
0 25 13.92 39.58 11.08
0 0 25 0 0
25 16.57 16.77 8.43 4
7 7 7 12.12 61.85
12.88 0 0 25 0
0 25 0 0 25
13.81 37.5 11.19 0 0
25 11.08 28.7 13.92 16.33
18.61 8.67 4 6 7
7 16.01 83.26 8.99 0
0 25 0 0 25
0 0 25 13.74 35.99
11.26 0 0 25 10.95
18.46 14.05 11.29 10.3 13.71
4 6 6 7 13.87
66.03 11.13 0 0 25
0 0 25 0 0
25 13.64 34.92 11.36 0
0 25 13.52 25.91 11.48
13.91 18.2 11.09 4 6
6 6 12.41 61.82 12.59
0 0 25 0 0
25 0 0 25 13.46
38.29 11.54 10.82 28.45 14.18
0 0 25 16.05 18.7
8.95 4 5 7 7
8.63 37.53 16.37 0 0
25 0 0 25 0
0 25 13.58 36.87 11.42
11.46 28.19 13.54 8.22 19.3
16.78 16.18 20.04 8.82 4
5 6 7 11.13 49.79
13.87 0 0 25 0
0 25 0 0 25
13.68 35.24 11.32 10.93 26.9
14.07 11.22 18.11 13.78 11.06
11.94 13.94 4 5 6
6 16.04 83.73 8.96 0
0 25 0 0 25
0 0 25 13.88 36.12
11.12 10.98 18.05 14.02 0
0 25 11.04 10.16 13.96
4 5 5 7 11.27
49.83 13.73 0 0 25
0 0 25 0 0
25 13.88 35.24 11.12 11.01
18.53 13.99 10.71 26.84 14.29
11.15 11.54 13.85 4 5
5 6 13.59 66.06 11.41
0 0 25 0 0
25 0 0 25 13.86
34.88 11.14 13.83 26.09 11.17
0 0 25 14.01 17.68
10.99 4 5 5 5
21.93 128.6 3.07 0 0
25 0 0 25 0
0 25 10.99 18.93 14.01
0 0 25 0 0
25 10.88 8.67 14.12 4
4 7 7 16.14 83
8.86 0 0 25 0
0 25 0 0 25
10.94 17.66 14.06 0 0
25 13.62 36.62 11.38 11.55
10.47 13.45 4 4 6
7 20.51 111.89 4.49 0
0 25 0 0 25
0 0 25 11.29 17.43
13.71 0 0 25 11.57
18.33 13.43 5.85 3.13 19.15
4 4 6 6 15.7
83.51 9.3 0 0 25
0 0 25 0 0
25 10.89 18.66 14.11 13.79
35.9 11.21 0 0 25
11.17 10.38 13.83 4 4
5 7 10.94 49.88 14.06
0 0 25 0 0
25 0 0 25 11.25
18.24 13.75 13.74 34.77 11.26
11.23 27 13.77 11.39 11.56
13.61 4 4 5 6
20.51 112.45 4.49 0 0
25 0 0 25 0
0 25 11.07 18.06 13.93
11.09 17.29 13.91 0 0
25 6.17 3.36 18.83 4
4 5 5 19.6 109.79
5.4 0 0 25 0
0 25 0 0 25
13.99 27.77 11.01 0 0
25 0 0 25 13.52
15.33 11.48 4 4 4
7 13.76 65.52 11.24 0
0 25 0 0 25
0 0 25 13.41 26.74
11.59 0 0 25 13.77
35.16 11.23 13.85 17.79 11.15
4 4 4 6 13.95
65.96 11.05 0 0 25
0 0 25 0 0
25 13.61 26.43 11.39 13.77
35.08 11.23 0 0 25
13.53 17.67 11.47 4 4
4 5 23.04 132.01 1.96
0 0 25 0 0
25 0 0 25 16.07
28.88 8.93 0 0 25
0 0 25 0 0
25 4 4 4 4
16.92 79.03 8.08 0 0
25 0 0 25 13.96
53.64 11.04 0 0 25
0 0 25 0 0
25 16.51 19.94 8.49 3
7 7 7 17.18 78.38
7.82 0 0 25 0
0 25 10.97 38.5 14.03
0 0 25 0 0
25 10.64 23.21 14.36 10.88
10.24 14.12 3 6 7
7 15.84 69.34 9.16 0
0 25 0 0 25
13.95 47.23 11.05 0 0
25 0 0 25 8.42
13.03 16.58 13.95 18.24 11.05
3 6 6 7 16.88
75.07 8.12 0 0 25
0 0 25 13.59 44.7
11.41 0 0 25 0
0 25 16.64 33.12 8.36
0 0 25 3 6
6 6 17.12 77.5 7.88
0 0 25 0 0
25 11.2 38.53 13.8 0
0 25 10.65 24.13 14.35
0 0 25 10.97 9.9
14.03 3 5 7 7
16.42 77.61 8.58 0 0
25 0 0 25 8.62
23.88 16.38 0 0 25
11.19 23.92 13.81 8.68 15.2
16.32 8.25 6.23 16.75 3
5 6 7 16.23 69.23
8.77 0 0 25 0
0 25 11.27 32.41 13.73
0 0 25 11.01 21.31
13.99 8.79 12.32 16.21 9.04
8.39 15.96 3 5 6
6 16.05 68.95 8.95 0
0 25 0 0 25
14 47.45 11 0 0
25 8.88 13.44 16.12 0
0 25 13.15 18.08 11.85
3 5 5 7 15.6
69.14 9.4 0 0 25
0 0 25 11.18 32.92
13.82 0 0 25 9.1
12.62 15.9 11.24 21.39 13.76
8.27 8.54 16.73 3 5
5 6 17.17 75.42 7.83
0 0 25 0 0
25 13.89 44.67 11.11 0
0 25 16.1 32.75 8.9
0 0 25 0 0
25 3 5 5 5
12.18 47.48 12.82 0 0
25 0 0 25 13.76
55.08 11.24 11.33 22.48 13.67
0 0 25 0 0
25 16.27 21.42 8.73 3
4 7 7 12.36 47.61
12.64 0 0 25 0
0 25 11.14 36.46 13.86
10.98 23.02 14.02 0 0
25 10.94 24.01 14.06 10.96
12.52 14.04 3 4 6
7 10.89 39.62 14.11 0
0 25 0 0 25
13.98 46.22 11.02 11.41 22.27
13.59 0 0 25 9.14
12.2 15.86 13.76 20.51 11.24
3 4 6 6 12.46
48.34 12.54 0 0 25
0 0 25 10.98 37.59
14.02 10.89 22.8 14.11 11.07
23.74 13.93 0 0 25
11.19 10.94 13.81 3 4
5 7 12.24 48.35 12.76
0 0 25 0 0
25 8.64 23.32 16.36 11.14
22.8 13.86 10.98 23.01 14.02
8.08 15.77 16.92 8.73 6.94
16.27 3 4 5 6
10.7 40.07 14.3 0 0
25 0 0 25 13.92
46.39 11.08 11.18 22.41 13.82
9.04 12.56 15.96 0 0
25 13.56 20.17 11.44 3
4 5 5 15.65 64.63
9.35 0 0 25 0
0 25 13.73 52.05 11.27
11.16 18.47 13.84 0 0
25 0 0 25 10.86
13.45 14.14 3 4 4
7 15.89 66.69 9.11 0
0 25 0 0 25
10.88 35.42 14.12 10.8 16.49
14.2 0 0 25 11.19
22.88 13.81 5.85 3.91 19.15
3 4 4 6 16.24
64.1 8.76 0 0 25
0 0 25 11.72 34.82
13.28 11.43 17.25 13.57 11.14
23.1 13.86 0 0 25
6.27 3.93 18.73 3 4
4 5 13.28 49.75 11.72
0 0 25 0 0
25 13.89 50.89 11.11 13.98
22.43 11.02 0 0 25
0 0 25 13.67 22.11
11.33 3 4 4 4
21.86 109.24 3.14 0 0
25 0 0 25 10.92
36.07 14.08 0 0 25
0 0 25 0 0
25 11.2 10.71 13.8 3
3 7 7 19.64 88.44
5.36 0 0 25 0
0 25 8.86 21.72 16.14
0 0 25 0 0
25 11.38 25.81 13.62 11.22
12.93 13.78 3 3 6
7 22.03 104.75 2.97 0
0 25 0 0 25
10.99 32 14.01 0 0
25 0 0 25 10.7
19.53 14.3 0 0 25
3 3 6 6 19.49
88.16 5.51 0 0 25
0 0 25 8.7 22.25
16.3 0 0 25 11.04
25.35 13.96 0 0 25
11.05 13.96 13.95 3 3
5 7 16.95 70.94 8.05
0 0 25 0 0
25 6.44 10.71 18.56 0
0 25 11.56 22.79 13.44
11.18 22.65 13.82 10.68 16.1
14.32 3 3 5 6
21.88 104.36 3.12 0 0
25 0 0 25 11.29
32.03 13.71 0 0 25
11.03 19.41 13.97 0 0
25 0 0 25 3
3 5 5 16.03 69.87
8.97 0 0 25 0
0 25 11.12 35.46 13.88
13.64 30.35 11.36 0 0
25 0 0 25 11.2
12.33 13.8 3 3 4
7 13.76 50.89 11.24 0
0 25 0 0 25
8.66 22.01 16.34 13.63 29.64
11.37 0 0 25 11.03
23.38 13.97 11.51 15.49 13.49
3 3 4 6 13.64
52.06 11.36 0 0 25
0 0 25 8.38 21.81
16.62 13.61 28.86 11.39 11.7
23.49 13.3 0 0 25
11.12 15.33 13.88 3 3
4 5 20.62 93.78 4.38
0 0 25 0 0
25 11.21 36.41 13.79 10.97
16.22 14.03 0 0 25
0 0 25 5.86 4.93
19.14 3 3 4 4
19.44 80.3 5.56 0 0
25 0 0 25 13.62
48.9 11.38 0 0 25
0 0 25 0 0
25 13.93 23.81 11.07 3
3 3 7 19.47 79.73
5.53 0 0 25 0
0 25 14.09 40.75 10.91
0 0 25 0 0
25 13.52 32.44 11.48 0
0 25 3 3 3
6 19.5 81.03 5.5 0
0 25 0 0 25
13.69 40.66 11.31 0 0
25 13.69 31.43 11.31 0
0 25 0 0 25
3 3 3 5 13.46
46.33 11.54 0 0 25
0 0 25 13.4 46.03
11.6 13.54 26.44 11.46 0
0 25 0 0 25
14.03 26.77 10.97 3 3
3 4 22.75 103.38 2.25
0 0 25 0 0
25 16.25 57.62 8.75 0
0 25 0 0 25
0 0 25 0 0
25 3 3 3 3
16.91 77.79 8.09 0 0
25 13.61 55 11.39 0
0 25 0 0 25
0 0 25 0 0
25 15.79 20.9 9.21 2
7 7 7 16.78 78.34
8.22 0 0 25 11.22
37.61 13.78 0 0 25
0 0 25 0 0
25 11.16 23.8 13.84 10.89
10.2 14.11 2 6 7
7 15.89 69.55 9.11 0
0 25 13.76 47.72 11.24
0 0 25 0 0
25 0 0 25 8.28
12.99 16.72 13.65 18.16 11.35
2 6 6 7 16.9
75.27 8.1 0 0 25
13.92 45.12 11.08 0 0
25 0 0 25 0
0 25 16.2 32.59 8.8
0 0 25 2 6
6 6 12.41 47.26 12.59
0 0 25 13.75 53.42
11.25 0 0 25 0
0 25 10.87 23.23 14.13
0 0 25 16.57 22.49
8.43 2 5 7 7
11.9 47.56 13.1 0 0
25 11.15 37.55 13.85 0
0 25 0 0 25
11.48 22.87 13.52 10.85 23.81
14.15 10.88 11.95 14.12 2
5 6 7 10.97 40.8
14.03 0 0 25 14.23
45.7 10.77 0 0 25
0 0 25 11.21 21.56
13.79 8.82 12.28 16.18 13.92
20.51 11.08 2 5 6
6 16.19 65.09 8.81 0
0 25 14.12 51.36 10.88
0 0 25 0 0
25 11.25 17.65 13.75 0
0 25 11.19 13.15 13.81
2 5 5 7 15.92
64.53 9.08 0 0 25
11.68 35.72 13.32 0 0
25 0 0 25 11.43
16.89 13.57 11.22 22.47 13.78
5.97 4.17 19.03 2 5
5 6 13.9 50.35 11.1
0 0 25 13.4 50.7
11.6 0 0 25 0
0 25 13.62 22.35 11.38
0 0 25 13.72 21.96
11.28 2 5 5 5
16.88 77.48 8.12 0 0
25 11.71 37.6 13.29 0
0 25 10.97 23.89 14.03
0 0 25 0 0
25 11.34 10.13 13.66 2
4 7 7 16.85 76.29
8.15 0 0 25 8.85
23.94 16.15 0 0 25
11.26 23.96 13.74 0 0
25 8.55 15.28 16.45 8.82
6.2 16.18 2 4 6
7 16.11 67.9 8.89 0
0 25 11.12 32.9 13.88
0 0 25 11.2 23.1
13.8 0 0 25 8.76
12.03 16.24 8.55 8.33 16.45
2 4 6 6 11.97
47.61 13.03 0 0 25
10.91 37.26 14.09 0 0
25 11.06 24.1 13.94 11.59
21.92 13.41 0 0 25
11.67 11.91 13.33 2 4
5 7 12.19 48.3 12.81
0 0 25 8.31 23.45
16.69 0 0 25 11.01
23.38 13.99 11.24 22.45 13.76
8.51 15.55 16.49 8.08 7.53
16.92 2 4 5 6
15.63 65.35 9.37 0 0
25 11.06 35.1 13.94 0
0 25 11.11 23.4 13.89
11.32 17.31 13.68 0 0
25 6.07 3.65 18.93 2
4 5 5 15.86 69.85
9.14 0 0 25 13.83
47.57 11.17 0 0 25
8.74 12.83 16.26 0 0
25 0 0 25 13.55
17.77 11.45 2 4 4
7 16.22 68.22 8.78 0
0 25 11.08 32.92 13.92
0 0 25 8.72 11.84
16.28 0 0 25 10.92
22.84 14.08 8.65 8.59 16.35
2 4 4 6 11.09
40.84 13.91 0 0 25
13.36 46.25 11.64 0 0
25 8.37 13.06 16.63 10.87
22.24 14.13 0 0 25
13.6 20.32 11.4 2 4
4 5 17.41 75.85 7.59
0 0 25 13.74 44.64
11.26 0 0 25 16.15
32.21 8.85 0 0 25
0 0 25 0 0
25 2 4 4 4
12.56 38.06 12.44 0 0
25 11.51 32.35 13.49 11.04
32.59 13.96 0 0 25
0 0 25 10.97 29.35
14.03 10.59 10.98 14.41 2
3 7 7 12.27 38.18
12.73 0 0 25 13.78
44.64 11.22 11.08 31.55 13.92
0 0 25 0 0
25 6.45 7.73 18.55 14.13
20.19 10.87 2 3 6
7 12.29 37.39 12.71 0
0 25 13.82 42.19 11.18
11.47 29.8 13.53 0 0
25 0 0 25 16.17
36.87 8.83 0 0 25
2 3 6 6 12.13
37.25 12.87 0 0 25
11.17 32.02 13.83 8.59 19.32
16.41 0 0 25 11.48
22.49 13.52 8.41 19.43 16.59
8.77 8.94 16.23 2 3
5 7 12.36 37.59 12.64
0 0 25 13.97 43.76
11.03 8.77 19.26 16.23 0
0 25 11.79 20.86 13.21
5.95 7.24 19.05 8.49 9.96
16.51 2 3 5 6
11.32 31.73 13.68 0 0
25 10.91 31.24 14.09 11.07
27.59 13.93 0 0 25
8.58 10.72 16.42 10.88 26.81
14.12 8.69 10.46 16.31 2
3 5 5 12.32 38.29
12.68 0 0 25 8.44
19.46 16.56 11.29 32.82 13.71
11.16 22.39 13.84 0 0
25 8.16 18.97 16.84 8.56
8.14 16.44 2 3 4
7 12.73 37.65 12.27 0
0 25 10.81 31.48 14.19
11.35 31.19 13.65 11.09 21.5
13.91 0 0 25 5.91
7.26 19.09 8.51 10.52 16.49
2 3 4 6 12.09
38.19 12.91 0 0 25
8.6 19.37 16.4 8.48 18.8
16.52 11.63 22.73 13.37 11.03
22.06 13.97 5.82 10.85 19.18
6.01 4.34 18.99 2 3
4 5 11.44 32.39 13.56
0 0 25 11.26 27.07
13.74 11.32 31.41 13.68 8.37
10.52 16.63 0 0 25
10.9 26.52 14.1 8.47 10.33
16.53 2 3 4 4
16 54.22 9 0 0
25 13.38 41.91 11.62 8.82
20.11 16.18 0 0 25
0 0 25 5.97 11.27
19.03 11.26 17.06 13.74 2
3 3 7 16.37 54.82
8.63 0 0 25 13.31
38.86 11.69 11.47 31.53 13.53
0 0 25 0 0
25 10.8 22.84 14.2 0
0 25 2 3 3
6 13.46 41.1 11.54 0
0 25 13.61 40.16 11.39
6.13 9.94 18.87 0 0
25 11.01 19.53 13.99 6.06
9.24 18.94 11.07 18.69 13.93
2 3 3 5 16
55.41 9 0 0 25
11.16 28.51 13.84 8.69 19.91
16.31 11.06 20.32 13.94 0
0 25 6.27 10.33 18.73
5.86 6.48 19.14 2 3
3 4 13.59 36.59 11.41
0 0 25 13.56 36.95
11.44 13.99 35.34 11.01 0
0 25 0 0 25
13.77 36.21 11.23 0 0
25 2 3 3 3
22.22 108.29 2.78 0 0
25 10.93 36.09 14.07 0
0 25 0 0 25
0 0 25 0 0
25 11.66 10.81 13.34 2
2 7 7 19.53 89.74
5.47 0 0 25 8.4
21.55 16.6 0 0 25
0 0 25 0 0
25 11.52 25.05 13.48 10.87
13.34 14.13 2 2 6
7 21.54 103.95 3.46 0
0 25 11.8 31.43 13.2
0 0 25 0 0
25 0 0 25 10.98
20.3 14.02 0 0 25
2 2 6 6 15.84
69.24 9.16 0 0 25
11.25 37.1 13.75 0 0
25 0 0 25 13.92
29.04 11.08 0 0 25
11.4 12.21 13.6 2 2
5 7 14.01 51.94 10.99
0 0 25 8.73 22.71
16.27 0 0 25 0
0 25 13.5 28.44 11.5
11.04 23.55 13.96 10.95 15.13
14.05 2 2 5 6
20.85 93.5 4.15 0 0
25 11.72 35.76 13.28 0
0 25 0 0 25
11.27 16.07 13.73 0 0
25 6.18 4.65 18.82 2
2 5 5 20.23 88.52
4.77 0 0 25 8.57
22.39 16.43 0 0 25
11.23 24.63 13.77 0 0
25 0 0 25 11.07
13.36 13.93 2 2 4
7 17.76 70.94 7.24 0
0 25 6.3 10.9 18.7
0 0 25 11.23 21.81
13.77 0 0 25 11.23
22.71 13.77 11.05 16.07 13.95
2 2 4 6 13.68
51.63 11.32 0 0 25
8.9 21.9 16.1 0 0
25 11.38 24.22 13.62 13.43
28.92 11.57 0 0 25
11.19 14.75 13.81 2 2
4 5 21.61 103.93 3.39
0 0 25 11.26 32.34
13.74 0 0 25 11.11
19.75 13.89 0 0 25
0 0 25 0 0
25 2 2 4 4
15.81 54.48 9.19 0 0
25 8.64 20.61 16.36 13.4
41.91 11.6 0 0 25
0 0 25 5.96 11
19.04 10.9 17.29 14.1 2
2 3 7 16.02 55.3
8.98 0 0 25 10.73
32.15 14.27 13.64 37.68 11.36
0 0 25 0 0
25 11.4 23.08 13.6 0
0 25 2 2 3
6 15.69 54.7 9.31 0
0 25 8.8 20.13 16.2
11.7 29.43 13.3 0 0
25 11 19.53 14 6.17
9.95 18.83 6 6.9 19
2 2 3 5 13.63
40.36 11.37 0 0 25
5.62 9.17 19.38 13.64 40.59
11.36 11.47 19.18 13.53 0
0 25 6 9.67 19
11.42 19.25 13.58 2 2
3 4 20.78 80.01 4.22
0 0 25 10.97 30.47
14.03 11.21 29.51 13.79 0
0 25 0 0 25
6.49 10.56 18.51 0 0
25 2 2 3 3
19.8 81.59 5.2 0 0
25 13.87 47.52 11.13 0
0 25 0 0 25
0 0 25 0 0
25 13.56 23.66 11.44 2
2 2 7 19.51 80.96
5.49 0 0 25 13.77
40.51 11.23 0 0 25
0 0 25 0 0
25 13.76 31.49 11.24 0
0 25 2 2 2
6 13.99 46.58 11.01 0
0 25 13.79 45.75 11.21
0 0 25 0 0
25 14.08 25.49 10.92 0
0 25 13.72 26.6 11.28
2 2 2 5 19.69
80.1 5.31 0 0 25
14 41.23 11 0 0
25 13.38 31.6 11.62 0
0 25 0 0 25
0 0 25 2 2
2 4 13.46 36.31 11.54
0 0 25 13.58 36.68
11.42 13.35 36.66 11.65 0
0 25 0 0 25
13.6 36.36 11.4 0 0
25 2 2 2 3
22.84 104.1 2.16 0 0
25 16.06 57 8.94 0
0 25 0 0 25
0 0 25 0 0
25 0 0 25 2
2 2 2 16.71 78.18
8.29 13.65 54.47 11.35 0
0 25 0 0 25
0 0 25 0 0
25 0 0 25 16.33
20.66 8.67 1 7 7
7 11.93 48.25 13.07 13.97
53.55 11.03 0 0 25
0 0 25 0 0
25 0 0 25 11.07
22.7 13.93 16.36 22.17 8.64
1 6 7 7 15.68
64.59 9.32 13.53 53.43 11.47
0 0 25 0 0
25 0 0 25 0
0 25 11.15 16.67 13.85
11.42 13.53 13.58 1 6
6 7 13.94 51.16 11.06
13.68 50.03 11.32 0 0
25 0 0 25 0
0 25 0 0 25
13.89 21.38 11.11 13.75 22.17
11.25 1 6 6 6
17.26 78 7.74 11.15 38.5
13.85 0 0 25 0
0 25 0 0 25
10.81 23.68 14.19 0 0
25 10.48 10.12 14.52 1
5 7 7 12.31 47.74
12.69 11.75 36.77 13.25 0
0 25 0 0 25
0 0 25 11.02 23.56
13.98 11.1 22.8 13.9 11.08
11.87 13.92 1 5 6
7 15.58 64.96 9.42 11.37
36.33 13.63 0 0 25
0 0 25 0 0
25 11.32 22.55 13.68 11.17
16.97 13.83 6.09 3.66 18.91
1 5 6 6 16.15
69.07 8.85 13.87 47.42 11.13
0 0 25 0 0
25 0 0 25 8.43
13.08 16.57 0 0 25
13.44 18.54 11.56 1 5
5 7 11.38 40.19 13.62
13.54 47.14 11.46 0 0
25 0 0 25 0
0 25 8.69 11.68 16.31
11.02 22.39 13.98 13.55 20.42
11.45 1 5 5 6
16.58 75.31 8.42 13.7 45.73
11.3 0 0 25 0
0 25 0 0 25
16.09 32.59 8.91 0 0
25 0 0 25 1
5 5 5 17.08 77.07
7.92 11 38.35 14 0
0 25 0 0 25
11.23 24.52 13.77 0 0
25 0 0 25 10.87
9.88 14.13 1 4 7
7 11.79 48.49 13.21 11.04
36.58 13.96 0 0 25
0 0 25 11.11 23.87
13.89 0 0 25 11.3
23.16 13.7 10.85 11.81 14.15
1 4 6 7 16.14
66 8.86 11.3 34.59 13.7
0 0 25 0 0
25 11.24 22.88 13.76 0
0 25 11.14 16.91 13.86
5.95 3.85 19.05 1 4
6 6 16.98 77.17 8.02
8.89 24.04 16.11 0 0
25 0 0 25 11.08
23.16 13.92 8.31 15.15 16.69
0 0 25 8.76 6.46
16.24 1 4 5 7
12.05 48.26 12.95 8.52 23.8
16.48 0 0 25 0
0 25 11.2 23.33 13.8
8.2 15.36 16.8 10.85 22.37
14.15 8.94 7.12 16.06 1
4 5 6 16.15 68.35
8.85 11.26 33.13 13.74 0
0 25 0 0 25
11.16 22.3 13.84 8.67 12.25
16.33 0 0 25 8.12
8.61 16.88 1 4 5
5 15.97 69.48 9.03 13.64
48.1 11.36 0 0 25
0 0 25 8.34 12.52
16.66 0 0 25 0
0 25 13.75 18.2 11.25
1 4 4 7 11.33
40.38 13.67 13.68 46.41 11.32
0 0 25 0 0
25 8.74 12.84 16.26 0
0 25 11.02 22.23 13.98
13.37 20 11.63 1 4
4 6 15.24 69.44 9.76
11.26 33.75 13.74 0 0
25 0 0 25 8.09
11.87 16.91 10.91 22.06 14.09
0 0 25 8.57 8.81
16.43 1 4 4 5
17.09 76.11 7.91 13.53 44.95
11.47 0 0 25 0
0 25 15.93 32.39 9.07
0 0 25 0 0
25 0 0 25 1
4 4 4 12.27 38.32
12.73 11.16 32.19 13.84 0
0 25 10.87 31.54 14.13
0 0 25 11 29.97
14 0 0 25 11.15
11.53 13.85 1 3 7
7 12.16 37.85 12.84 11.34
32.55 13.66 0 0 25
8.46 19.56 16.54 0 0
25 10.88 28.2 14.12 8.64
13.21 16.36 8.74 8.41 16.26
1 3 6 7 11.18
31.27 13.82 11.18 31.31 13.82
0 0 25 11.23 27.57
13.77 0 0 25 11.44
27.35 13.56 8.77 10.52 16.23
8.65 9.53 16.35 1 3
6 6 12.28 37.59 12.72
13.75 46.91 11.25 0 0
25 11.18 30.29 13.82 0
0 25 6.19 8.09 18.81
0 0 25 13.37 20.35
11.63 1 3 5 7
12.32 38.22 12.68 13.61 44.28
11.39 0 0 25 8.51
19.44 16.49 0 0 25
6.28 7.35 18.72 11.1 20.6
13.9 8.39 9.9 16.61 1
3 5 6 12.07 38.05
12.93 13.52 42.53 11.48 0
0 25 10.93 29.75 14.07
0 0 25 16.06 37.09
8.94 0 0 25 0
0 25 1 3 5
5 12.31 37.63 12.69 8.62
19.76 16.38 0 0 25
11.67 32.51 13.33 11 22.38
14 8.53 18.69 16.47 0
0 25 8.73 8.17 16.27
1 3 4 7 12.35
37.57 12.65 8.3 20.19 16.7
0 0 25 8.76 18.44
16.24 11.03 22.17 13.97 8.6
19.84 16.4 8.54 13.58 16.46
6.1 4.53 18.9 1 3
4 6 12.31 37.4 12.69
11.63 31.54 13.37 0 0
25 10.95 31.57 14.05 11.19
21.44 13.81 6.04 7.22 18.96
0 0 25 8.59 10.12
16.41 1 3 4 5
11.39 32.34 13.61 10.94 27
14.06 0 0 25 11.06
31.78 13.94 8.73 9.94 16.27
11.16 27.53 13.84 0 0
25 8.08 10.05 16.92 1
3 4 4 15.76 55.45
9.24 13.7 41.62 11.3 0
0 25 8.49 20.03 16.51
0 0 25 5.67 11
19.33 0 0 25 11.91
16.37 13.09 1 3 3
7 13.86 39.65 11.14 13.79
40.15 11.21 0 0 25
6.01 9.69 18.99 0 0
25 6.12 9.39 18.88 11.03
19.1 13.97 11.53 19.68 13.47
1 3 3 6 15.94
54.59 9.06 13.66 38.34 11.34
0 0 25 11.26 31.8
13.74 0 0 25 11.25
23.16 13.75 0 0 25
0 0 25 1 3
3 5 16.03 54.99 8.97
11.17 28.25 13.83 0 0
25 8.31 20.49 16.69 11.25
20.08 13.75 5.85 10.27 19.15
0 0 25 6.25 7.06
18.75 1 3 3 4
13.62 36.37 11.38 13.17 36.66
11.83 0 0 25 14.14
35.72 10.86 0 0 25
13.62 36.7 11.38 0 0
25 0 0 25 1
3 3 3 12.35 38.18
12.65 11.05 31.83 13.95 11.28
31.61 13.72 0 0 25
11.21 30.29 13.79 0 0
25 0 0 25 10.99
11.21 14.01 1 2 7
7 12.33 37.21 12.67 10.88
31.84 14.12 8.97 19.55 16.03
0 0 25 10.84 29.16
14.16 0 0 25 8.21
13.84 16.79 8.62 8.55 16.38
1 2 6 7 11.21
31.2 13.79 11.01 31.74 13.99
10.96 27.41 14.04 0 0
25 10.83 26.92 14.17 0
0 25 8.71 10.94 16.29
8.21 10.86 16.79 1 2
6 6 11.57 37.25 13.43
8.61 20.14 16.39 11.29 32.12
13.71 0 0 25 10.76
29.24 14.24 8.58 13.31 16.42
0 0 25 8.76 8.37
16.24 1 2 5 7
12.53 38.07 12.47 8.18 19.17
16.82 8.6 19.25 16.4 0
0 25 11.14 28.02 13.86
8.02 13.23 16.98 9.16 14.04
15.84 5.85 4.74 19.15 1
2 5 6 11.22 31.42
13.78 11.24 27.57 13.76 11.34
31.15 13.66 0 0 25
11.18 26.92 13.82 8.56 9.85
16.44 0 0 25 8.73
10.82 16.27 1 2 5
5 12.38 38.46 12.62 13.99
43.98 11.01 10.97 31.74 14.03
0 0 25 6.09 7.81
18.91 0 0 25 0
0 25 14.01 20.57 10.99
1 2 4 7 12.21
37.45 12.79 13.84 43.05 11.16
9.11 19.15 15.89 0 0
25 5.87 7.56 19.13 0
0 25 10.79 21.47 14.21
8.7 10.8 16.3 1 2
4 6 11.89 37.35 13.11
11.25 31.88 13.75 10.8 32.06
14.2 0 0 25 6.52
7.03 18.48 11.42 21.42 13.58
0 0 25 8.49 9.89
16.51 1 2 4 5
12.42 38.08 12.58 13.64 41.98
11.36 10.7 31 14.3 0
0 25 16.08 36.1 8.92
0 0 25 0 0
25 0 0 25 1
2 4 4 8.48 17.04
16.52 8.73 16.09 16.27 8.45
16.34 16.55 9.14 16.5 15.86
11.51 27.74 13.49 8.11 15.83
16.89 8.41 16.04 16.59 6.41
5.18 18.59 1 2 3
7 8.64 16.8 16.36 8.11
16.88 16.89 10.44 26.36 14.56
8.5 16.54 16.5 10.94 26.38
14.06 8.27 16.84 16.73 5.85
6.85 19.15 5.81 6.79 19.19
1 2 3 6 8.06
16.16 16.94 11.23 26.73 13.77
8.33 16.55 16.67 8.72 16.56
16.28 11.32 26.72 13.68 5.82
6.02 19.18 8.84 16.07 16.16
6.13 6.74 18.87 1 2
3 5 8.48 16.25 16.52
11.26 26.5 13.74 8.61 16.43
16.39 8.65 16.15 16.35 6.11
6.45 18.89 11.29 26.16 13.71
8.53 16.6 16.47 6.2 6.33
18.8 1 2 3 4
11.23 24.54 13.77 10.87 23.96
14.13 11.2 23.93 13.8 5.94
8.98 19.06 11.06 24.59 13.94
5.84 8.35 19.16 5.95 9.09
19.05 5.98 8.49 19.02 1
2 3 3 15.93 53.84
9.07 13.77 42.54 11.23 8.32
20.53 16.68 0 0 25
6.1 11.39 18.9 0 0
25 0 0 25 11.15
16.43 13.85 1 2 2
7 13.76 40.08 11.24 13.37
40.04 11.63 6.06 9.68 18.94
0 0 25 6.77 9.11
18.23 0 0 25 10.9
19.12 14.1 10.9 20.21 14.1
1 2 2 6 15.91
55.75 9.09 11.52 28.39 13.48
8.66 20.16 16.34 0 0
25 5.98 10.2 19.02 10.54
19.57 14.46 0 0 25
6.39 6.93 18.61 1 2
2 5 15.82 54.57 9.18
14.16 39.11 10.84 11.02 31.08
13.98 0 0 25 10.88
23.36 14.12 0 0 25
0 0 25 0 0
25 1 2 2 4
11.16 24.07 13.84 11.45 25.05
13.55 6.3 8.43 18.7 11.61
23.6 13.39 6.25 8.28 18.75
11.15 24.17 13.85 5.92 8.02
19.08 5.88 8.66 19.12 1
2 2 3 13.88 35.79
11.12 14.11 35.95 10.89 13.4
36.62 11.6 0 0 25
13.84 36.41 11.16 0 0
25 0 0 25 0
0 25 1 2 2
2 21.84 108.48 3.16 11.52
36.12 13.48 0 0 25
0 0 25 0 0
25 0 0 25 0
0 25 10.93 11.11 14.07
1 1 7 7 15.99
68.32 9.01 11.02 36.95 13.98
0 0 25 0 0
25 0 0 25 0
0 25 13.99 30.18 11.01
11.32 12.23 13.68 1 1
6 7 20.59 94.02 4.41
11.49 35.68 13.51 0 0
25 0 0 25 0
0 25 0 0 25
11.26 15.91 13.74 6.05 5
18.95 1 1 6 6
19.72 89.36 5.28 8.55 22.18
16.45 0 0 25 0
0 25 0 0 25
10.96 25.07 14.04 0 0
25 10.8 13.36 14.2 1
1 5 7 13.81 52.94
11.19 8.3 22.03 16.7 0
0 25 0 0 25
0 0 25 11.31 23.58
13.69 13.49 28.6 11.51 11.37
14.57 13.63 1 1 5
6 21.79 104.29 3.21 11.18
32.43 13.82 0 0 25
0 0 25 0 0
25 10.72 19.59 14.28 0
0 25 0 0 25
1 1 5 5 19.77
87.4 5.23 8.65 23.16 16.35
0 0 25 0 0
25 11.33 25.13 13.67 0
0 25 0 0 25
10.99 13.57 14.01 1 1
4 7 13.95 52.93 11.05
8.43 22.59 16.57 0 0
25 0 0 25 11.29
23.19 13.71 0 0 25
13.84 28.35 11.16 10.78 14.65
14.22 1 1 4 6
17.58 71.49 7.42 5.97 10.51
19.03 0 0 25 0
0 25 11.12 22.16 13.88
10.74 22.26 14.26 0 0
25 11.37 16.8 13.63 1
1 4 5 21.78 104.01
3.22 11.02 32.69 13.98 0
0 25 0 0 25
11.43 19.07 13.57 0 0
25 0 0 25 0
0 25 1 1 4
4 16.15 55.35 8.85 8.31
20.41 16.69 0 0 25
13.93 41.46 11.07 0 0
25 5.92 10.84 19.08 0
0 25 11.1 16.53 13.9
1 1 3 7 15.62
54.55 9.38 8.39 20.55 16.61
0 0 25 11.16 28.99
13.84 0 0 25 6.36
10.65 18.64 10.9 20 14.1
6.27 6.56 18.73 1 1
3 6 16.15 53.8 8.85
11.77 31.66 13.23 0 0
25 13.5 39.2 11.5 0
0 25 11.16 22.76 13.84
0 0 25 0 0
25 1 1 3 5
14.02 40.55 10.98 5.61 8.87
19.39 0 0 25 13.6
41.06 11.4 11.45 19.26 13.55
5.84 9.54 19.16 0 0
25 11.12 19.08 13.88 1
1 3 4 20.81 80.26
4.19 11.13 30.23 13.87 0
0 25 11.12 29.61 13.88
0 0 25 6.23 10.61
18.77 0 0 25 0
0 25 1 1 3
3 16.19 54.89 8.81 8.91
20.78 16.09 13.85 40.86 11.15
0 0 25 5.99 11.19
19.01 0 0 25 0
0 25 11.09 16.25 13.91
1 1 2 7 15.96
55.07 9.04 8.37 20.53 16.63
11.23 28 13.77 0 0
25 6.42 10.31 18.58 0
0 25 11.24 20.16 13.76
5.91 6.8 19.09 1 1
2 6 14.05 40.62 10.95
5.96 9.74 19.04 13.58 40.11
11.42 0 0 25 5.74
9.45 19.26 11.04 19.55 13.96
0 0 25 11.06 19.1
13.94 1 1 2 5
16.32 54.47 8.68 11.01 30.92
13.99 13.98 39.17 11.02 0
0 25 11.3 22.83 13.7
0 0 25 0 0
25 0 0 25 1
1 2 4 10.94 23.98
14.06 6.25 8.59 18.75 11.37
24.43 13.63 11.24 24.06 13.76
5.89 8.04 19.11 6.08 8.39
18.92 11.46 24.92 13.54 5.87
8.49 19.13 1 1 2
3 20.89 80.38 4.11 11.08
29.79 13.92 11.34 29.79 13.66
0 0 25 5.94 10.79
19.06 0 0 25 0
0 25 0 0 25
1 1 2 2 19.54
80.8 5.46 13.33 48.18 11.67
0 0 25 0 0
25 0 0 25 0
0 25 0 0 25
13.8 24.35 11.2 1 1
1 7 13.7 45.92 11.3
13.74 46.33 11.26 0 0
25 0 0 25 0
0 25 0 0 25
13.69 26.12 11.31 13.61 26.89
11.39 1 1 1 6
19.48 80.81 5.52 13.41 40.06
11.59 0 0 25 0
0 25 0 0 25
14.08 32.16 10.92 0 0
25 0 0 25 1
1 1 5 19.59 80.69
5.41 13.66 39.78 11.34 0
0 25 0 0 25
14.08 32.2 10.92 0 0
25 0 0 25 0
0 25 1 1 1
4 13.48 35.35 11.52 13.62
36.59 11.38 0 0 25
14.45 37.19 10.55 0 0
25 13.73 35.59 11.27 0
0 25 0 0 25
1 1 1 3 13.95
37.12 11.05 13.79 36.75 11.21
13.74 34.86 11.26 0 0
25 14.07 35.72 10.93 0
0 25 0 0 25
0 0 25 1 1
1 2 22.94 103.42 2.06
16.53 57.11 8.47 0 0
25 0 0 25 0
0 25 0 0 25
0 0 25 0 0
25 1 1 1 1
