23.45 142.62 1.55 0 0
25 0 0 25 0
0 25 0 0 25
0 0 25 0 0
25 23.58 10.35 1.42 7
7 7 7 7 19.2
102.84 5.8 0 0 25
0 0 25 0 0
25 0 0 25 0
0 25 19.33 32.95 5.67
20.72 4.96 4.28 6 7
7 7 7 23.04 124.51
1.96 0 0 25 0
0 25 0 0 25
0 0 25 0 0
25 14.89 7.02 10.11 21.9
8.64 3.1 6 6 7
7 7 22.01 113.88 2.99
0 0 25 0 0
25 0 0 25 0
0 25 0 0 25
21.48 22.73 3.52 16.11 3.79
8.89 6 6 6 7
7 23.69 122.61 1.31 0
0 25 0 0 25
0 0 25 0 0
25 0 0 25 16.31
7.43 8.69 19.55 10.41 5.45
6 6 6 6 7
23.74 120.34 1.26 0 0
25 0 0 25 0
0 25 0 0 25
0 0 25 23.59 32.33
1.41 0 0 25 6
6 6 6 6 19.54
103.1 5.46 0 0 25
0 0 25 0 0
25 0 0 25 19.61
32.97 5.39 0 0 25
20.18 4.6 4.82 5 7
7 7 7 16.01 71.05
8.99 0 0 25 0
0 25 0 0 25
0 0 25 19.38 33.17
5.62 15.5 23.49 9.5 18.66
2.74 6.34 5 6 7
7 7 18.85 88.19 6.15
0 0 25 0 0
25 0 0 25 0
0 25 19.16 28.25 5.84
14.53 6.49 10.47 19.78 4.75
5.22 5 6 6 7
7 18.2 79.54 6.8 0
0 25 0 0 25
0 0 25 0 0
25 19.34 29.8 5.66 20.12
16.84 4.88 14.29 1.87 10.71
5 6 6 6 7
19.68 86.39 5.32 0 0
25 0 0 25 0
0 25 0 0 25
19.66 29.19 5.34 16.51 7.22
8.49 16.28 5.07 8.72 5
6 6 6 6 23.12
124.62 1.88 0 0 25
0 0 25 0 0
25 0 0 25 14.25
6.75 10.75 0 0 25
22.21 9.05 2.79 5 5
7 7 7 19.26 88.24
5.74 0 0 25 0
0 25 0 0 25
0 0 25 14.17 7.02
10.83 18.81 28.4 6.19 19.34
4.76 5.66 5 5 6
7 7 22.5 108.2 2.5
0 0 25 0 0
25 0 0 25 0
0 25 13.96 6.59 11.04
14.36 5.94 10.64 20.7 7.75
4.3 5 5 6 6
7 21.44 96.74 3.56 0
0 25 0 0 25
0 0 25 0 0
25 14.67 6.39 10.33 21.66
21.64 3.34 14.37 3.09 10.63
5 5 6 6 6
22.04 114.31 2.96 0 0
25 0 0 25 0
0 25 0 0 25
21.43 22.1 3.57 0 0
25 15.94 4.18 9.06 5
5 5 7 7 17.77
78.42 7.23 0 0 25
0 0 25 0 0
25 0 0 25 21.64
23.43 3.36 17.7 24.88 7.3
14.25 1.91 10.75 5 5
5 6 7 21.61 97.11
3.39 0 0 25 0
0 25 0 0 25
0 0 25 21.65 21.78
3.35 14.35 6.12 10.65 14.24
3.14 10.76 5 5 5
6 6 23.56 123.03 1.44
0 0 25 0 0
25 0 0 25 0
0 25 16.29 7.14 8.71
0 0 25 19.58 10.4
5.42 5 5 5 5
7 19.43 87.76 5.57 0
0 25 0 0 25
0 0 25 0 0
25 16.66 6.89 8.34 19.31
28 5.69 16.42 5.53 8.58
5 5 5 5 6
23.56 120.86 1.44 0 0
25 0 0 25 0
0 25 0 0 25
23.28 32.3 1.72 0 0
25 0 0 25 5
5 5 5 5 19.6
103.63 5.4 0 0 25
0 0 25 0 0
25 19.52 32.47 5.48 0
0 25 0 0 25
20.37 4.41 4.63 4 7
7 7 7 16.1 71.68
8.9 0 0 25 0
0 25 0 0 25
19.41 32.29 5.59 0 0
25 16 22.73 9 19.09
2.7 5.91 4 6 7
7 7 18.94 88.21 6.06
0 0 25 0 0
25 0 0 25 18.92
28.72 6.08 0 0 25
14.47 6.38 10.53 19.43 4.93
5.57 4 6 6 7
7 17.87 78.4 7.13 0
0 25 0 0 25
0 0 25 19.53 30.39
5.47 0 0 25 19.76
18.12 5.24 14.12 1.81 10.88
4 6 6 6 7
19.4 87.15 5.6 0 0
25 0 0 25 0
0 25 19.62 28.85 5.38
0 0 25 16.89 6.89
8.11 16.38 4.82 8.62 4
6 6 6 6 15.88
71.79 9.12 0 0 25
0 0 25 0 0
25 19.35 33.58 5.65 15.98
22.21 9.02 0 0 25
18.55 2.66 6.45 4 5
7 7 7 13.02 49.39
11.98 0 0 25 0
0 25 0 0 25
19.45 31.5 5.55 15.49 23.1
9.51 12.31 14.87 12.69 18.36
2.51 6.64 4 5 6
7 7 15.7 59.78 9.3
0 0 25 0 0
25 0 0 25 18.72
28.78 6.28 15.03 18.2 9.97
14.45 6.95 10.55 18.49 3.9
6.51 4 5 6 6
7 14.12 52.44 10.88 0
0 25 0 0 25
0 0 25 19.66 29.74
5.34 15.7 20.86 9.3 18.45
12.77 6.55 14.33 1.93 10.67
4 5 6 6 6
18.82 87.54 6.18 0 0
25 0 0 25 0
0 25 18.97 28.48 6.03
14.53 7.22 10.47 0 0
25 19.53 4.91 5.47 4
5 5 7 7 15.53
59.72 9.47 0 0 25
0 0 25 0 0
25 18.87 28.13 6.13 14.14
6.41 10.86 15.17 19.63 9.83
18.7 3.7 6.3 4 5
5 6 7 18.66 74.21
6.34 0 0 25 0
0 25 0 0 25
18.08 24.13 6.92 14.68 6.26
10.32 14.6 6.47 10.4 18.18
4.73 6.82 4 5 5
6 6 18.11 78.26 6.89
0 0 25 0 0
25 0 0 25 19.34
30.54 5.66 19.89 17.77 5.11
0 0 25 14.1 1.99
10.9 4 5 5 5
7 14.89 51.86 10.11 0
0 25 0 0 25
0 0 25 20.04 29.06
4.96 20.27 17.36 4.73 14.28
16.27 10.72 13.9 2.07 11.1
4 5 5 5 6
19.25 87.19 5.75 0 0
25 0 0 25 0
0 25 19.44 29.26 5.56
16.31 6.46 8.69 0 0
25 16.6 5.49 8.4 4
5 5 5 5 23.03
124.97 1.97 0 0 25
0 0 25 0 0
25 14.28 6.63 10.72 0
0 25 0 0 25
22.16 8.93 2.84 4 4
7 7 7 18.88 88.42
6.12 0 0 25 0
0 25 0 0 25
14.44 6.98 10.56 0 0
25 18.75 28.21 6.25 19.54
4.78 5.46 4 4 6
7 7 22.66 107.71 2.34
0 0 25 0 0
25 0 0 25 14.36
6.62 10.64 0 0 25
14.52 5.67 10.48 20.64 7.82
4.36 4 4 6 6
7 21.41 97.67 3.59 0
0 25 0 0 25
0 0 25 14.25 6.44
10.75 0 0 25 21.39
22.18 3.61 13.85 2.81 11.15
4 4 6 6 6
19.15 87.8 5.85 0 0
25 0 0 25 0
0 25 14.67 6.49 10.33
19.16 28.25 5.84 0 0
25 19.61 4.87 5.39 4
4 5 7 7 15.41
59.29 9.59 0 0 25
0 0 25 0 0
25 14.15 6.54 10.85 18.95
29.14 6.05 15.33 19.28 9.67
18.43 3.48 6.57 4 4
5 6 7 18.34 74.69
6.66 0 0 25 0
0 25 0 0 25
14.84 5.91 10.16 18.46 24.02
6.54 14.57 6.14 10.43 18.58
4.45 6.42 4 4 5
6 6 22.64 108.16 2.36
0 0 25 0 0
25 0 0 25 14.48
6.61 10.52 14.04 6.33 10.96
0 0 25 20.2 7.54
4.8 4 4 5 5
7 18.09 74.72 6.91 0
0 25 0 0 25
0 0 25 14.33 6.25
10.67 14.4 6.69 10.6 18.58
24.22 6.42 18.26 4.46 6.74
4 4 5 5 6
21.47 97.32 3.53 0 0
25 0 0 25 0
0 25 14.28 5.94 10.72
21.47 21.85 3.53 0 0
25 14.42 3.25 10.58 4
4 5 5 5 21.91
113.77 3.09 0 0 25
0 0 25 0 0
25 21.53 23.26 3.47 0
0 25 0 0 25
15.96 3.57 9.04 4 4
4 7 7 17.87 79.2
7.13 0 0 25 0
0 25 0 0 25
21.34 22.37 3.66 0 0
25 17.33 25.78 7.67 14.38
1.73 10.62 4 4 4
6 7 21.31 97.22 3.69
0 0 25 0 0
25 0 0 25 21.51
22.13 3.49 0 0 25
14.31 6.06 10.69 14.26 3.2
10.74 4 4 4 6
6 18.17 78.92 6.83 0
0 25 0 0 25
0 0 25 21.51 22.67
3.49 18.04 24.17 6.96 0
0 25 14.49 2.03 10.51
4 4 4 5 7
14.09 51.84 10.91 0 0
25 0 0 25 0
0 25 21.67 22.06 3.33
17.79 25.58 7.21 14.28 15.98
10.72 14.4 2.31 10.6 4
4 4 5 6 21.75
96.73 3.25 0 0 25
0 0 25 0 0
25 21.55 21.55 3.45 14.52
6.05 10.48 0 0 25
14.47 3.38 10.53 4 4
4 5 5 23.56 122.82
1.44 0 0 25 0
0 25 0 0 25
16.14 7.26 8.86 0 0
25 0 0 25 19.68
10.54 5.32 4 4 4
4 7 19.68 87.12 5.32
0 0 25 0 0
25 0 0 25 16.9
6.95 8.1 0 0 25
19.19 28.92 5.81 16.33 4.91
8.67 4 4 4 4
6 19.74 86.89 5.26 0
0 25 0 0 25
0 0 25 16.46 6.58
8.54 19.41 29.01 5.59 0
0 25 16.35 5.56 8.65
4 4 4 4 5
23.65 119.94 1.35 0 0
25 0 0 25 0
0 25 23.82 32.59 1.18
0 0 25 0 0
25 0 0 25 4
4 4 4 4 19.42
73.78 5.58 0 0 25
0 0 25 19.73 61.8
5.27 0 0 25 0
0 25 0 0 25
20.48 4.79 4.52 3 7
7 7 7 19.29 73.35
5.71 0 0 25 0
0 25 15.89 37.79 9.11
0 0 25 0 0
25 14.54 12.74 10.46 20.23
6.17 4.77 3 6 7
7 7 18.88 69.46 6.12
0 0 25 0 0
25 18.89 47.82 6.11 0
0 25 0 0 25
15.03 11.82 9.97 14.82 3.28
10.18 3 6 6 7
7 19.68 71.69 5.32 0
0 25 0 0 25
17.86 39.29 7.14 0 0
25 0 0 25 16.59
9.81 8.41 17.92 7.16 7.08
3 6 6 6 7
19.31 70 5.69 0 0
25 0 0 25 19.62
45.75 5.38 0 0 25
0 0 25 20.52 24.8
4.48 0 0 25 3
6 6 6 6 19.34
73.05 5.66 0 0 25
0 0 25 15.8 37.79
9.2 0 0 25 14.72
12.65 10.28 0 0 25
20.6 6.05 4.4 3 5
7 7 7 19.39 73.2
5.61 0 0 25 0
0 25 13.08 19.99 11.92
0 0 25 14.35 12.19
10.65 12.21 8.04 12.79 20.57
6.98 4.43 3 5 6
7 7 18.96 68.04 6.04
0 0 25 0 0
25 15.57 26.82 9.43 0
0 25 14.55 10.17 10.45
15.17 11.62 9.83 14.81 4.29
10.19 3 5 6 6
7 19.43 70.99 5.57 0
0 25 0 0 25
14.34 20.09 10.66 0 0
25 14.29 9.28 10.71 16.24
8.39 8.76 17.84 9.11 7.16
3 5 6 6 6
18.81 67.83 6.19 0 0
25 0 0 25 18.8
48.93 6.2 0 0 25
15.27 11.61 9.73 0 0
25 15.48 3.27 9.52 3
5 5 7 7 18.81
67.99 6.19 0 0 25
0 0 25 15.6 27.38
9.4 0 0 25 15.34
11.22 9.66 14.21 9.88 10.79
15.56 4.01 9.44 3 5
5 6 7 18.47 63.66
6.53 0 0 25 0
0 25 18.73 35.34 6.27
0 0 25 15.09 10.91
9.91 15.24 10.96 9.76 10.19
1.41 14.81 3 5 5
6 6 19.39 70.41 5.61
0 0 25 0 0
25 18.37 40.02 6.63 0
0 25 16.73 9.7 8.27
0 0 25 18.13 7.25
6.87 3 5 5 5
7 19.78 71.01 5.22 0
0 25 0 0 25
14.66 19.71 10.34 0 0
25 16.33 8.52 8.67 14.32
8.79 10.68 17.79 9.09 7.21
3 5 5 5 6
19.46 69.71 5.54 0 0
25 0 0 25 19.72
46.16 5.28 0 0 25
20.43 24.52 4.57 0 0
25 0 0 25 3
5 5 5 5 15.88
47.37 9.12 0 0 25
0 0 25 19.44 62.09
5.56 16.19 16.38 8.81 0
0 25 0 0 25
19.35 3.3 5.65 3 4
7 7 7 16.14 48.02
8.86 0 0 25 0
0 25 16.06 37.45 8.94
16.15 16.74 8.85 0 0
25 14.46 11.72 10.54 19.06
4.2 5.94 3 4 6
7 7 15.48 43.56 9.52
0 0 25 0 0
25 18.92 47.4 6.08 16.36
16.96 8.64 0 0 25
14.73 10.08 10.27 14.31 2.2
10.69 3 4 6 6
7 15.55 45.44 9.45 0
0 25 0 0 25
18.21 40.08 6.79 16.1 16.55
8.9 0 0 25 16
9.71 9 16.33 6.03 8.67
3 4 6 6 6
15.64 48.17 9.36 0 0
25 0 0 25 15.57
37.49 9.43 16.18 16.9 8.82
14.72 12.54 10.28 0 0
25 18.73 4.06 6.27 3
4 5 7 7 15.61
48.38 9.39 0 0 25
0 0 25 12.55 19.49
12.45 15.97 17.58 9.03 14.4
11.54 10.6 12.07 8.11 12.93
18.66 5.64 6.34 3 4
5 6 7 15.28 44.28
9.72 0 0 25 0
0 25 15.23 26.29 9.77
15.92 16.05 9.08 14.31 10.39
10.69 15 9.97 10 14.07
3.21 10.93 3 4 5
6 6 15.71 45.18 9.29
0 0 25 0 0
25 18.24 47.2 6.76 15.83
16.94 9.17 14.64 9.8 10.36
0 0 25 14.23 2.23
10.77 3 4 5 5
7 15.52 44.16 9.48 0
0 25 0 0 25
15.49 26.44 9.51 15.7 16.48
9.3 14.72 10.04 10.28 14.24
9.65 10.76 14.47 3.09 10.53
3 4 5 5 6
15.64 45.69 9.36 0 0
25 0 0 25 18.35
39.47 6.65 15.89 16.79 9.11
16.6 9.68 8.4 0 0
25 16.33 5.56 8.67 3
4 5 5 5 19.04
60.12 5.96 0 0 25
0 0 25 18.85 56
6.15 14.74 6.22 10.26 0
0 25 0 0 25
19.85 5.18 5.15 3 4
4 7 7 18.62 59.59
6.38 0 0 25 0
0 25 15.58 33.91 9.42
14.73 5.66 10.27 0 0
25 14.02 11.94 10.98 19.34
6.61 5.66 3 4 4
6 7 18.14 54.84 6.86
0 0 25 0 0
25 18.57 43.56 6.43 14.24
5.85 10.76 0 0 25
15.38 11.25 9.62 14.44 3.73
10.56 3 4 4 6
6 19.3 58.29 5.7 0
0 25 0 0 25
15.61 34.72 9.39 14.11 5.98
10.89 14.24 11.74 10.76 0
0 25 19.46 6.55 5.54
3 4 4 5 7
18.84 59.77 6.16 0 0
25 0 0 25 12.35
17.32 12.65 14.55 5.64 10.45
14.05 10.48 10.95 12.53 6.96
12.47 19.55 7.96 5.45 3
4 4 5 6 18.22
55.3 6.78 0 0 25
0 0 25 18.33 43.68
6.67 14.43 5.86 10.57 15.47
11.38 9.53 0 0 25
13.86 3.47 11.14 3 4
4 5 5 17.81 51.11
7.19 0 0 25 0
0 25 19.44 59.51 5.56
20.35 14.88 4.65 0 0
25 0 0 25 14.54
2.36 10.46 3 4 4
4 7 17.72 51.89 7.28
0 0 25 0 0
25 15.75 35.47 9.25 20.27
14.96 4.73 0 0 25
14.3 11.57 10.7 14.42 3.65
10.58 3 4 4 4
6 17.55 52.56 7.45 0
0 25 0 0 25
15.96 36.12 9.04 19.53 15.19
5.47 14.06 11.32 10.94 0
0 25 14.06 3.65 10.94
3 4 4 4 5
19.38 58.45 5.62 0 0
25 0 0 25 19.47
58.01 5.53 16.26 6.3 8.74
0 0 25 0 0
25 16.17 5.96 8.83 3
4 4 4 4 23.1
94.6 1.9 0 0 25
0 0 25 14.88 34.01
10.12 0 0 25 0
0 25 0 0 25
21.85 11.56 3.15 3 3
7 7 7 22.36 83.58
2.64 0 0 25 0
0 25 12.18 19.56 12.82
0 0 25 0 0
25 18.24 22.84 6.76 16.14
5.1 8.86 3 3 6
7 7 22.94 89.96 2.06
0 0 25 0 0
25 14.35 24.84 10.65 0
0 25 0 0 25
12.09 6.26 12.91 18.78 10.78
6.22 3 3 6 6
7 23.02 87.9 1.98 0
0 25 0 0 25
14.72 20.85 10.28 0 0
25 0 0 25 22.26
31.25 2.74 0 0 25
3 3 6 6 6
22.07 84.46 2.93 0 0
25 0 0 25 12.28
19.2 12.72 0 0 25
18.56 22.52 6.44 0 0
25 16.08 4.83 8.92 3
3 5 7 7 20.96
74.89 4.04 0 0 25
0 0 25 9.81 8.08
15.19 0 0 25 18.41
22.65 6.59 15.61 14.72 9.39
12.45 2.42 12.55 3 3
5 6 7 22.11 79.64
2.89 0 0 25 0
0 25 12.37 11.94 12.63
0 0 25 18.24 20.36
6.76 12.08 5.18 12.92 13.15
4.93 11.85 3 3 5
6 6 23.29 89.84 1.71
0 0 25 0 0
25 14.28 24.44 10.72 0
0 25 11.83 5.85 13.17
0 0 25 18.96 11.51
6.04 3 3 5 5
7 22.5 80.03 2.5 0
0 25 0 0 25
12.29 10.98 12.71 0 0
25 12.55 5.02 12.45 18.61
20 6.39 12.94 5.08 12.06
3 3 5 5 6
22.89 88.23 2.11 0 0
25 0 0 25 14.45
21.07 10.55 0 0 25
22.16 31.2 2.84 0 0
25 0 0 25 3
3 5 5 5 18.83
65.34 6.17 0 0 25
0 0 25 14.16 33.77
10.84 18.73 22.26 6.27 0
0 25 0 0 25
19.62 7.29 5.38 3 3
4 7 7 17.54 55.17
7.46 0 0 25 0
0 25 11.87 18.89 13.13
18.75 22.84 6.25 0 0
25 17.37 19.94 7.63 14.47
3.16 10.53 3 3 4
6 7 18.89 60.51 6.11
0 0 25 0 0
25 14.14 24.1 10.86 19.07
21.94 5.93 0 0 25
12.21 5.51 12.79 16.06 7.57
8.94 3 3 4 6
6 17.8 55.37 7.2 0
0 25 0 0 25
12.09 19.26 12.91 19.1 22.33
5.9 17.42 19.27 7.58 0
0 25 14.42 2.94 10.58
3 3 4 5 7
16.7 46.72 8.3 0 0
25 0 0 25 10.55
8.07 14.45 19.11 22.81 5.89
17.14 18.69 7.86 14.39 11.18
10.61 12.42 2.22 12.58 3
3 4 5 6 19.29
60.78 5.71 0 0 25
0 0 25 14.07 24.32
10.93 18.57 21.42 6.43 12.41
5.23 12.59 0 0 25
16.31 7.6 8.69 3 3
4 5 5 22.36 78.38
2.64 0 0 25 0
0 25 14.45 33.66 10.55
14.27 5.18 10.73 0 0
25 0 0 25 20.46
11.24 4.54 3 3 4
4 7 21.55 69.15 3.45
0 0 25 0 0
25 12.63 19.64 12.37 14.07
4.96 10.93 0 0 25
18.43 21.13 6.57 14.26 4.18
10.74 3 3 4 4
6 21.59 68.63 3.41 0
0 25 0 0 25
12.19 19.43 12.81 13.92 4.99
11.08 18.22 22.15 6.78 0
0 25 14.51 4.37 10.49
3 3 4 4 5
21.57 70.82 3.43 0 0
25 0 0 25 14.26
32.25 10.74 21.71 18.86 3.29
0 0 25 0 0
25 14 6.53 11 3
3 4 4 4 21.87
74.49 3.13 0 0 25
0 0 25 21.34 61.44
3.66 0 0 25 0
0 25 0 0 25
15.92 4.94 9.08 3 3
3 7 7 21.88 73.87
3.12 0 0 25 0
0 25 18.12 35.52 6.88
0 0 25 0 0
25 14.51 12.73 10.49 15.75
7.62 9.25 3 3 3
6 7 22.18 73.59 2.82
0 0 25 0 0
25 21.22 47.06 3.78 0
0 25 0 0 25
15.68 20.27 9.32 0 0
25 3 3 3 6
6 22.37 74.46 2.63 0
0 25 0 0 25
17.9 35.08 7.1 0 0
25 14.03 12.42 10.97 0
0 25 15.66 8.08 9.34
3 3 3 5 7
21.99 74.47 3.01 0 0
25 0 0 25 14.12
14.23 10.88 0 0 25
14.52 9.57 10.48 14.52 9.41
10.48 16.12 11.05 8.88 3
3 3 5 6 21.87
73.17 3.13 0 0 25
0 0 25 21.72 47.69
3.28 0 0 25 15.74
19.81 9.26 0 0 25
0 0 25 3 3
3 5 5 17.98 47.49
7.02 0 0 25 0
0 25 21.19 60.78 3.81
18.2 16.56 6.8 0 0
25 0 0 25 14.44
3.36 10.56 3 3 3
4 7 17.99 46.74 7.01
0 0 25 0 0
25 17.86 35.32 7.14 18.02
17.03 6.98 0 0 25
14.45 11.83 10.55 14.5 6.26
10.5 3 3 3 4
6 17.9 47.55 7.1 0
0 25 0 0 25
17.78 35.02 7.22 17.95 16.97
7.05 14.01 12.18 10.99 0
0 25 14.4 6.24 10.6
3 3 3 4 5
21.9 59.46 3.1 0 0
25 0 0 25 21.57
59.37 3.43 14.31 4.65 10.69
0 0 25 0 0
25 13.94 4.8 11.06 3
3 3 4 4 23.63
83.07 1.37 0 0 25
0 0 25 16.45 39.53
8.55 0 0 25 0
0 25 0 0 25
19.47 17.85 5.53 3 3
3 3 7 23.63 81.32
1.37 0 0 25 0
0 25 16.74 26.01 8.26
0 0 25 0 0
25 19.47 32.83 5.53 0
0 25 3 3 3
3 6 23.55 80.97 1.45
0 0 25 0 0
25 16.68 26.58 8.32 0
0 25 19.45 32.77 5.55
0 0 25 0 0
25 3 3 3 3
5 19.47 56.07 5.53 0
0 25 0 0 25
16.4 38.2 8.6 19.43 21.22
5.57 0 0 25 0
0 25 16.59 12.62 8.41
3 3 3 3 4
23.55 76.6 1.45 0 0
25 0 0 25 23.38
76.47 1.62 0 0 25
0 0 25 0 0
25 0 0 25 3
3 3 3 3 19.32
74.4 5.68 0 0 25
19.57 61.46 5.43 0 0
25 0 0 25 0
0 25 0 0 25
20.69 4.56 4.31 2 7
7 7 7 19.71 72.91
5.29 0 0 25 15.95
37.45 9.05 0 0 25
0 0 25 0 0
25 14.03 13.1 10.97 20.34
6.51 4.66 2 6 7
7 7 18.45 69.48 6.55
0 0 25 18.97 48.26
6.03 0 0 25 0
0 25 0 0 25
15.16 10.9 9.84 15.43 3.35
9.57 2 6 6 7
7 19.87 70.94 5.13 0
0 25 17.68 39.94 7.32
0 0 25 0 0
25 0 0 25 16.09
9.86 8.91 17.9 7.72 7.1
2 6 6 6 7
19.1 69.61 5.9 0 0
25 19.68 47.08 5.32 0
0 25 0 0 25
0 0 25 20.22 24.31
4.78 0 0 25 2
6 6 6 6 15.72
48.26 9.28 0 0 25
19.55 61.41 5.45 0 0
25 0 0 25 15.77
16.89 9.23 0 0 25
19.18 3.22 5.82 2 5
7 7 7 15.88 46.86
9.12 0 0 25 16.27
38.29 8.73 0 0 25
0 0 25 16.38 16.94
8.62 13.9 12.11 11.1 18.91
4.46 6.09 2 5 6
7 7 15.6 44.92 9.4
0 0 25 19 46.71
6 0 0 25 0
0 25 15.88 16.16 9.12
14.96 9.94 10.04 14.6 2.23
10.4 2 5 6 6
7 15.89 45.53 9.11 0
0 25 17.88 40.49 7.12
0 0 25 0 0
25 15.98 16.36 9.02 16.79
9.06 8.21 16.52 5.5 8.48
2 5 6 6 6
18.8 59.5 6.2 0 0
25 19.08 57.14 5.92 0
0 25 0 0 25
14.43 6.39 10.57 0 0
25 19.39 5.27 5.61 2
5 5 7 7 18.92
60.16 6.08 0 0 25
15.02 33.7 9.98 0 0
25 0 0 25 14.34
6 10.66 14.02 11.66 10.98
19.62 6.56 5.38 2 5
5 6 7 18.75 55.92
6.25 0 0 25 18.28
43.04 6.72 0 0 25
0 0 25 13.92 5.91
11.08 15.17 10.95 9.83 14.2
3.86 10.8 2 5 5
6 6 17.48 51.44 7.52
0 0 25 19.12 60.43
5.88 0 0 25 0
0 25 20.01 14.56 4.99
0 0 25 14.58 2.38
10.42 2 5 5 5
7 17.93 51.81 7.07 0
0 25 15.97 35.25 9.03
0 0 25 0 0
25 19.9 14.51 5.1 14.47
12.32 10.53 14.26 3.58 10.74
2 5 5 5 6
19.49 58.08 5.51 0 0
25 19.27 58.2 5.73 0
0 25 0 0 25
16.04 6.27 8.96 0 0
25 16.29 6.36 8.71 2
5 5 5 5 19.49
74.17 5.51 0 0 25
15.57 37.52 9.43 0 0
25 14.22 12.9 10.78 0
0 25 0 0 25
20.07 6.06 4.93 2 4
7 7 7 19.53 74.13
5.47 0 0 25 12.43
19.73 12.57 0 0 25
14.59 11.24 10.41 0 0
25 12.21 8.39 12.79 20.5
7.25 4.5 2 4 6
7 7 19.02 68.41 5.98
0 0 25 15.4 26.75
9.6 0 0 25 14.61
9.9 10.39 0 0 25
15.49 10.86 9.51 15.25 4.31
9.75 2 4 6 6
7 19.41 70.79 5.59 0
0 25 13.97 20.08 11.03
0 0 25 14.44 9.33
10.56 0 0 25 16.37
8.65 8.63 17.78 9.18 7.22
2 4 6 6 6
15.71 48.25 9.29 0 0
25 15.64 38.05 9.36 0
0 25 14.27 12.3 10.73
15.9 16.35 9.1 0 0
25 18.86 4.67 6.14 2
4 5 7 7 16.33
48.42 8.67 0 0 25
12.81 19.06 12.19 0 0
25 14.4 11.54 10.6 15.78
16.76 9.22 12.19 7.86 12.81
18.95 5.9 6.05 2 4
5 6 7 15.26 43.5
9.74 0 0 25 15.03
26.47 9.97 0 0 25
14.2 9.76 10.8 16.01 17.01
8.99 15.1 10.41 9.9 14.4
2.85 10.6 2 4 5
6 6 19.1 58.87 5.9
0 0 25 15.23 33.46
9.77 0 0 25 14.45
12.17 10.55 14.07 6.13 10.93
0 0 25 19.74 6.78
5.26 2 4 5 5
7 18.91 58.79 6.09 0
0 25 12.56 17.81 12.44
0 0 25 14.18 11.06
10.82 14.32 5.29 10.68 12.02
7.59 12.98 19.55 7.92 5.45
2 4 5 5 6
17.74 51.13 7.26 0 0
25 15.96 35.72 9.04 0
0 25 14.3 12.48 10.7
20.02 14.27 4.98 0 0
25 14.67 3.71 10.33 2
4 5 5 5 18.72
68.42 6.28 0 0 25
19.16 48.82 5.84 0 0
25 15.3 11.06 9.7 0
0 25 0 0 25
15.31 3.21 9.69 2 4
4 7 7 18.69 68.29
6.31 0 0 25 15.27
27.36 9.73 0 0 25
15.09 11.59 9.91 0 0
25 14.42 10 10.58 15.16
4.13 9.84 2 4 4
6 7 17.94 64.55 7.06
0 0 25 18.25 34.06
6.75 0 0 25 15.69
11.38 9.31 0 0 25
15.37 11.41 9.63 9.7 1.65
15.3 2 4 4 6
6 15.4 45.17 9.6 0
0 25 18.98 46.76 6.02
0 0 25 15.33 10.91
9.67 15.03 15.53 9.97 0
0 25 14.46 2.43 10.54
2 4 4 5 7
15.64 44.46 9.36 0 0
25 15.12 25.99 9.88 0
0 25 15.4 11.03 9.6
15.16 15.58 9.84 14.02 10.35
10.98 14.35 2.9 10.65 2
4 4 5 6 18.62
55.54 6.38 0 0 25
18.35 43.6 6.65 0 0
25 15.17 11.05 9.83 14.45
5.56 10.55 0 0 25
14.34 3.32 10.66 2 4
4 5 5 19.34 70.16
5.66 0 0 25 18.12
40.5 6.88 0 0 25
16.19 10.01 8.81 0 0
25 0 0 25 17.81
7.87 7.19 2 4 4
4 7 19.05 70.55 5.95
0 0 25 15.01 20.38
9.99 0 0 25 16.57
8.12 8.43 0 0 25
14.5 8.92 10.5 17.9 9
7.1 2 4 4 4
6 15.95 46.91 9.05 0
0 25 17.31 40.64 7.69
0 0 25 16.23 9.03
8.77 15.58 16.23 9.42 0
0 25 16.27 5.85 8.73
2 4 4 4 5
19.55 69.62 5.45 0 0
25 19.37 45.78 5.63 0
0 25 20.58 25.1 4.42
0 0 25 0 0
25 0 0 25 2
4 4 4 4 16.23
33.26 8.77 0 0 25
15.78 31.66 9.22 16.27 32.1
8.73 0 0 25 0
0 25 14.24 17.2 10.76
18.81 4.45 6.19 2 3
7 7 7 15.99 32.77
9.01 0 0 25 18.89
46.72 6.11 15.38 31.83 9.62
0 0 25 0 0
25 12.58 8.33 12.42 14.77
2.74 10.23 2 3 6
7 7 15.74 32.95 9.26
0 0 25 17.9 38.81
7.1 14.77 27.86 10.23 0
0 25 0 0 25
16.36 11.88 8.64 17.19 6.54
7.81 2 3 6 6
7 15.83 33.79 9.17 0
0 25 19.07 44.39 5.93
16.23 29.65 8.77 0 0
25 0 0 25 19.01
22.03 5.99 0 0 25
2 3 6 6 6
16.26 33.49 8.74 0 0
25 15.77 31.63 9.23 12.95
14.3 12.05 0 0 25
14.12 11.36 10.88 12.25 12.46
12.75 19.04 6.37 5.96 2
3 5 7 7 15.83
32.68 9.17 0 0 25
18.52 41.65 6.48 12.19 15.5
12.81 0 0 25 14.54
9.91 10.46 12.36 8.34 12.64
14.7 3.78 10.3 2 3
5 6 7 15.98 33.1
9.02 0 0 25 17.29
34.49 7.71 12.59 12.12 12.41
0 0 25 14.09 8.75
10.91 16.27 10.53 8.73 16.79
8 8.21 2 3 5
6 6 15.55 29.45 9.45
0 0 25 15.81 32.01
9.19 15.49 20.04 9.51 0
0 25 14.87 8.88 10.13
14.47 15.38 10.53 14.41 3.64
10.59 2 3 5 5
7 15.82 29.01 9.18 0
0 25 19.03 44.19 5.97
15.25 20.84 9.75 0 0
25 14.72 9.07 10.28 12.24
7.72 12.76 10.34 1.77 14.66
2 3 5 5 6
15.85 31.27 9.15 0 0
25 16.26 31.11 8.74 14.19
14.32 10.81 0 0 25
16.65 7.69 8.35 14.36 14.75
10.64 16.31 7.24 8.69 2
3 5 5 5 15.45
33.54 9.55 0 0 25
12.71 15.76 12.29 15.81 31.76
9.19 14.55 10.7 10.45 0
0 25 12.4 12.62 12.6
18.87 5.83 6.13 2 3
4 7 7 16.39 32.53
8.61 0 0 25 15.54
25.72 9.46 16.09 31.49 8.91
14.07 10.03 10.93 0 0
25 11.86 7.9 13.14 14.82
3.56 10.18 2 3 4
6 7 15.81 33.01 9.19
0 0 25 13.86 18.35
11.14 15.24 28.51 9.76 14.55
8.67 10.45 0 0 25
16.38 10.64 8.62 16.88 8.1
8.12 2 3 4 6
6 15.74 32.72 9.26 0
0 25 13.2 15.54 11.8
12.61 15.4 12.39 14.6 10.75
10.4 14.45 10.51 10.55 9.75
8.22 15.25 19.22 7.29 5.78
2 3 4 5 7
15.65 33.29 9.35 0 0
25 14.49 21.18 10.51 12.77
15.25 12.23 14.34 9.42 10.66
14.29 9.19 10.71 12.54 8.01
12.46 14.86 4.72 10.14 2
3 4 5 6 15.39
29.59 9.61 0 0 25
13 15.13 12 15.06 20.82
9.94 14.2 10.31 10.8 14.66
9.55 10.34 12.47 10.81 12.53
14.42 4.59 10.58 2 3
4 5 5 15.58 29.8
9.42 0 0 25 15.28
20.17 9.72 15.72 32.33 9.28
14.89 9.11 10.11 0 0
25 14.28 15.3 10.72 14.18
3.36 10.82 2 3 4
4 7 15.29 29.63 9.71
0 0 25 18.52 33.74
6.48 15.85 31.31 9.15 14.57
8.7 10.43 0 0 25
12.8 8.12 12.2 10.02 1.45
14.98 2 3 4 4
6 15.39 29.33 9.61 0
0 25 15.36 20.36 9.64
13.32 15.91 11.68 14.61 9.18
10.39 14.45 10.55 10.55 12.25
10.54 12.75 14.09 4.66 10.91
2 3 4 4 5
16.21 30.89 8.79 0 0
25 14.41 14.4 10.59 16.08
31.05 8.92 16.63 8.28 8.37
0 0 25 14.28 13.9
10.72 16.34 7.53 8.66 2
3 4 4 4 18.96
44.43 6.04 0 0 25
18.97 42.91 6.03 11.89 18.67
13.11 0 0 25 0
0 25 11.61 13.03 13.39
15.15 4.38 9.85 2 3
3 7 7 19.21 43.54
5.79 0 0 25 18.15
34.21 6.85 14.33 23.85 10.67
0 0 25 0 0
25 12.4 7.32 12.6 17.39
9.6 7.61 2 3 3
6 7 18.72 44.03 6.28
0 0 25 18.98 38.27
6.02 14.21 21.18 10.79 0
0 25 0 0 25
19.44 25.17 5.56 0 0
25 2 3 3 6
6 17.93 37.12 7.07 0
0 25 18.7 41.72 6.3
9.64 7.53 15.36 0 0
25 17.26 18.07 7.74 10.24
7.32 14.76 11.94 2.53 13.06
2 3 3 5 7
17.77 36.2 7.23 0 0
25 18.01 33.96 6.99 12.47
10.85 12.53 0 0 25
18.05 15.54 6.95 12.89 7.18
12.11 12.4 4.68 12.6 2
3 3 5 6 18.91
40.7 6.09 0 0 25
18.93 41.13 6.07 12.62 10.89
12.38 0 0 25 12.33
4.5 12.67 12.57 10.24 12.43
12.34 4.84 12.66 2 3
3 5 5 18.82 44.47
6.18 0 0 25 15.65
21.06 9.35 12.67 18.59 12.33
14.19 8.37 10.81 0 0
25 12.12 12.78 12.88 15.35
5.93 9.65 2 3 3
4 7 19.02 44.87 5.98
0 0 25 14.04 14.83
10.96 14.49 23.71 10.51 14.21
8.17 10.79 0 0 25
12.42 6.34 12.58 17.3 10.6
7.7 2 3 3 4
6 17.71 37.68 7.29 0
0 25 15.15 21.08 9.85
10.14 7.5 14.86 14.48 8.46
10.52 17.11 17.09 7.89 10.28
7.13 14.72 12.72 3.47 12.28
2 3 3 4 5
18.18 41.54 6.82 0 0
25 17.98 30.27 7.02 12.26
17.72 12.74 14.8 9.25 10.2
0 0 25 12.21 12.69
12.79 10.11 2.99 14.89 2
3 3 4 4 18.08
31.64 6.92 0 0 25
17.74 32.22 7.26 18.28 32.07
6.72 0 0 25 0
0 25 14.53 14.75 10.47
14.32 6.37 10.68 2 3
3 3 7 18.12 31.8
6.88 0 0 25 19.55
40.2 5.45 19.58 38.77 5.42
0 0 25 0 0
25 14.26 17.72 10.74 0
0 25 2 3 3
3 6 18.33 32.53 6.67
0 0 25 17.84 31.78
7.16 14.49 12.45 10.51 0
0 25 13.78 9.57 11.22
14.07 12.35 10.93 14.04 8.77
10.96 2 3 3 3
5 18.09 32.57 6.91 0
0 25 14.31 13.19 10.69
17.73 31.61 7.27 14.28 7.67
10.72 0 0 25 14.56
13.44 10.44 14.66 7.89 10.34
2 3 3 3 4
19.62 37.92 5.38 0 0
25 19.33 38.24 5.67 16.43
25.98 8.57 0 0 25
0 0 25 16.26 26.22
8.74 0 0 25 2
3 3 3 3 23.14
93.89 1.86 0 0 25
14.41 34.84 10.59 0 0
25 0 0 25 0
0 25 0 0 25
21.78 11.94 3.22 2 2
7 7 7 22.2 84.22
2.8 0 0 25 12.7
19.92 12.3 0 0 25
0 0 25 0 0
25 18.29 22.07 6.71 16.23
4.37 8.77 2 2 6
7 7 23.2 90.49 1.8
0 0 25 14.36 23.93
10.64 0 0 25 0
0 25 0 0 25
12.09 5.79 12.91 18.77 11.37
6.23 2 2 6 6
7 23.1 88.12 1.9 0
0 25 14.56 20.71 10.44
0 0 25 0 0
25 0 0 25 21.88
31.63 3.12 0 0 25
2 2 6 6 6
18.84 63.73 6.16 0 0
25 14.72 34.44 10.28 0
0 25 0 0 25
18.79 22.83 6.21 0 0
25 19.32 7.33 5.68 2
2 5 7 7 17.96
55 7.04 0 0 25
11.99 20.03 13.01 0 0
25 0 0 25 18.82
22.1 6.18 17.07 19.58 7.93
14.31 3.14 10.69 2 2
5 6 7 18.83 60.55
6.17 0 0 25 14.16
24.31 10.84 0 0 25
0 0 25 18.78 21.08
6.22 12.36 5.75 12.64 16.26
7.92 8.74 2 2 5
6 6 22.51 79.61 2.49
0 0 25 14.33 33.64
10.67 0 0 25 0
0 25 13.94 5.03 11.06
0 0 25 20.27 10.67
4.73 2 2 5 5
7 21.5 68.71 3.5 0
0 25 12.1 18.91 12.9
0 0 25 0 0
25 14.41 5.06 10.59 18.73
21.74 6.27 14.42 4.42 10.58
2 2 5 5 6
21.93 70.6 3.07 0 0
25 14.06 33.3 10.94 0
0 25 0 0 25
21.25 18.72 3.75 0 0
25 13.91 6.23 11.09 2
2 5 5 5 21.96
84.24 3.04 0 0 25
12.6 19.43 12.4 0 0
25 18.38 22.37 6.62 0
0 25 0 0 25
16.33 4.69 8.67 2 2
4 7 7 21.46 74.56
3.54 0 0 25 10.27
8.03 14.73 0 0 25
18.26 22.23 6.74 0 0
25 15.49 14.52 9.51 12.63
2.55 12.37 2 2 4
6 7 21.81 80.21 3.19
0 0 25 12.17 11.82
12.83 0 0 25 18.46
20.49 6.54 0 0 25
12.3 5.13 12.7 12.8 4.81
12.2 2 2 4 6
6 18.18 54.88 6.82 0
0 25 12.12 19.41 12.88
0 0 25 18.41 22.59
6.59 18.27 18.68 6.73 0
0 25 14.56 2.9 10.44
2 2 4 5 7
17.17 47.43 7.83 0 0
25 10.33 8.64 14.67 0
0 25 18.4 21.84 6.6
17.82 18.83 7.18 14.07 11.15
10.93 12.26 2.06 12.74 2
2 4 5 6 21.35
68.61 3.65 0 0 25
12.55 19.41 12.45 0 0
25 18.53 21.7 6.47 14.29
4.85 10.71 0 0 25
14.35 4.36 10.65 2 2
4 5 5 23.11 89.96
1.89 0 0 25 14.65
24.08 10.35 0 0 25
12.21 5.72 12.79 0 0
25 0 0 25 18.94
11.33 6.06 2 2 4
4 7 22 79.66 3
0 0 25 12.55 11.73
12.45 0 0 25 12.63
5.54 12.37 0 0 25
18.33 19.48 6.67 12.85 5.23
12.15 2 2 4 4
6 18.99 60.96 6.01 0
0 25 14.54 24.36 10.46
0 0 25 12.29 5.78
12.71 18.93 20.84 6.07 0
0 25 16.29 7.02 8.71
2 2 4 4 5
23.22 88.1 1.78 0 0
25 14.45 21.79 10.55 0
0 25 21.98 30.46 3.02
0 0 25 0 0
25 0 0 25 2
2 4 4 4 19.15
44.67 5.85 0 0 25
12.05 18.07 12.95 19.09 42.07
5.91 0 0 25 0
0 25 12.77 12.49 12.23
15.21 4.43 9.79 2 2
3 7 7 18.73 43.78
6.27 0 0 25 14.69
24.26 10.31 17.85 34.09 7.15
0 0 25 0 0
25 12.29 7.78 12.71 17.72
8.81 7.28 2 2 3
6 7 18.73 43.91 6.27
0 0 25 14.39 21.11
10.61 18.78 37.95 6.22 0
0 25 0 0 25
19.36 25.77 5.64 0 0
25 2 2 3 6
6 19.18 45.6 5.82 0
0 25 12.74 18.11 12.26
15.38 21.13 9.62 0 0
25 14.56 8.46 10.44 12.33
11.88 12.67 15.42 5.21 9.58
2 2 3 5 7
18.85 44.4 6.15 0 0
25 14.18 23.76 10.82 14.46
15.18 10.54 0 0 25
14.6 7.92 10.4 12.76 6.11
12.24 17.6 10.18 7.4 2
2 3 5 6 17.83
40.12 7.17 0 0 25
12.34 18.88 12.66 18.64 30.17
6.36 0 0 25 15.28
9.68 9.72 11.76 12.46 13.24
10.25 2.59 14.75 2 2
3 5 5 18 36.73
7 0 0 25 10.32
7.75 14.68 18.9 41.75 6.1
17.36 17.14 7.64 0 0
25 10.13 7.3 14.87 12.17
2.45 12.83 2 2 3
4 7 17.5 36.57 7.5
0 0 25 12.41 12.21
12.59 17.87 34.18 7.13 17.38
15.63 7.62 0 0 25
11.79 7.32 13.21 12.34 4.8
12.66 2 2 3 4
6 18.19 36.68 6.81 0
0 25 10.13 7.39 14.87
14.99 21.65 10.01 17.42 16.4
7.58 14.82 8.97 10.18 10.89
7.28 14.11 12.03 3.16 12.97
2 2 3 4 5
18.87 40.91 6.13 0 0
25 12.04 10.39 12.96 19.21
41.31 5.79 12.39 4.88 12.61
0 0 25 12.34 11.04
12.66 11.9 4.72 13.1 2
2 3 4 4 22.86
59.37 2.14 0 0 25
14.25 23.37 10.75 14.1 22.4
10.9 0 0 25 0
0 25 8.45 4 16.55
18.69 12.51 6.31 2 2
3 3 7 22.61 56.67
2.39 0 0 25 14.54
20.93 10.46 14.52 19.48 10.48
0 0 25 0 0
25 20.72 30.53 4.28 0
0 25 2 2 3
3 6 21.38 51.05 3.62
0 0 25 14.4 23.21
10.6 12.05 10.55 12.95 0
0 25 18.35 18.16 6.65
8.4 3.58 16.6 12.33 6.54
12.67 2 2 3 3
5 21.33 51.17 3.67 0
0 25 12.54 10.98 12.46
14.25 22.66 10.75 18.31 17.9
6.69 0 0 25 8.08
3.6 16.92 12.59 6.59 12.41
2 2 3 3 4
21.72 43.98 3.28 0 0
25 14.24 19.57 10.76 21.71
44.73 3.29 0 0 25
0 0 25 14.29 19.76
10.71 0 0 25 2
2 3 3 3 21.8
74.77 3.2 0 0 25
21.42 61.62 3.58 0 0
25 0 0 25 0
0 25 0 0 25
15.44 4.95 9.56 2 2
2 7 7 22.07 74.48
2.93 0 0 25 17.97
34.86 7.03 0 0 25
0 0 25 0 0
25 14.32 12.6 10.68 15.82
7.88 9.18 2 2 2
6 7 21.71 73.1 3.29
0 0 25 21.58 47.67
3.42 0 0 25 0
0 25 0 0 25
15.92 20.02 9.08 0 0
25 2 2 2 6
6 17.63 46.51 7.37 0
0 25 21.77 60.68 3.23
0 0 25 0 0
25 17.99 17.41 7.01 0
0 25 14.38 3.63 10.62
2 2 2 5 7
18.01 47.33 6.99 0 0
25 17.74 35.04 7.26 0
0 25 0 0 25
17.75 17.06 7.25 14.03 12.64
10.97 14.2 6.2 10.8 2
2 2 5 6 21.63
58.8 3.37 0 0 25
21.77 59.95 3.23 0 0
25 0 0 25 14.29
4.78 10.71 0 0 25
14.45 4.33 10.55 2 2
2 5 5 22.11 74.06
2.89 0 0 25 17.66
35.85 7.34 0 0 25
14.32 11.68 10.68 0 0
25 0 0 25 15.93
8.39 9.07 2 2 2
4 7 21.93 74.49 3.07
0 0 25 14.39 14.45
10.61 0 0 25 14.5
10.02 10.5 0 0 25
13.97 9.39 11.03 15.76 11.1
9.24 2 2 2 4
6 18.2 47.06 6.8 0
0 25 18.1 35.09 6.9
0 0 25 14.45 12.18
10.55 17.62 17.12 7.38 0
0 25 14.18 6 10.82
2 2 2 4 5
21.69 73.29 3.31 0 0
25 21.34 47.33 3.66 0
0 25 15.99 20.36 9.01
0 0 25 0 0
25 0 0 25 2
2 2 4 4 17.77
32.34 7.23 0 0 25
18.26 31.72 6.74 17.76 32.54
7.24 0 0 25 0
0 25 14.54 14.99 10.46
13.93 6.15 11.07 2 2
2 3 7 18.12 31.5
6.88 0 0 25 21.33
46.88 3.67 17.97 32.91 7.03
0 0 25 0 0
25 14.22 17.07 10.78 0
0 25 2 2 2
3 6 17.92 32.04 7.08
0 0 25 17.91 32.03
7.09 14.32 13.37 10.68 0
0 25 14.16 7.72 10.84
14.23 13.88 10.77 14.57 7.85
10.43 2 2 2 3
5 18.01 31.88 6.99 0
0 25 14.28 12.52 10.72
17.64 31.92 7.36 14.7 8.9
10.3 0 0 25 14.24
12.52 10.76 14.18 9.21 10.82
2 2 2 3 4
21.62 44.55 3.38 0 0
25 21.56 44.37 3.44 14.39
19.7 10.61 0 0 25
0 0 25 14.26 19.55
10.74 0 0 25 2
2 2 3 3 23.43
83.87 1.57 0 0 25
16.34 39.11 8.66 0 0
25 0 0 25 0
0 25 0 0 25
19.56 17.69 5.44 2 2
2 2 7 23.4 80.88
1.6 0 0 25 15.99
26.4 9.01 0 0 25
0 0 25 0 0
25 19.72 33.61 5.28 0
0 25 2 2 2
2 6 19.85 55.4 5.15
0 0 25 15.99 38.35
9.01 0 0 25 0
0 25 19.41 21.16 5.59
0 0 25 16.53 13.31
8.47 2 2 2 2
5 23.62 81.24 1.38 0
0 25 16.67 26.09 8.33
0 0 25 19.25 33.13
5.75 0 0 25 0
0 25 0 0 25
2 2 2 2 4
19.68 37.83 5.32 0 0
25 16.52 25.6 8.48 19.72
38.45 5.28 0 0 25
0 0 25 16.35 25.85
8.65 0 0 25 2
2 2 2 3 23.63
76.89 1.37 0 0 25
23.47 76.01 1.53 0 0
25 0 0 25 0
0 25 0 0 25
0 0 25 2 2
2 2 2 19.53 74.12
5.47 19.97 60.99 5.03 0
0 25 0 0 25
0 0 25 0 0
25 0 0 25 20.7
4.69 4.3 1 7 7
7 7 16.1 47.82 8.9
19.6 62.35 5.4 0 0
25 0 0 25 0
0 25 0 0 25
15.55 16.78 9.45 19.03 2.77
5.97 1 6 7 7
7 18.51 60.22 6.49 19.06
57.35 5.94 0 0 25
0 0 25 0 0
25 0 0 25 13.98
5.86 11.02 19.58 5.44 5.42
1 6 6 7 7
17.75 52.21 7.25 19.34 59.83
5.66 0 0 25 0
0 25 0 0 25
0 0 25 19.93 14.02
5.07 14.39 2.53 10.61 1
6 6 6 7 19.54
57.97 5.46 19.2 58.3 5.8
0 0 25 0 0
25 0 0 25 0
0 25 16.47 6.3 8.53
16.34 5.88 8.66 1 6
6 6 6 19.3 73.09
5.7 15.99 37.48 9.01 0
0 25 0 0 25
0 0 25 14.58 12.19
10.42 0 0 25 21.06
6.31 3.94 1 5 7
7 7 15.81 48.71 9.19
15.91 37.06 9.09 0 0
25 0 0 25 0
0 25 14.34 12.4 10.66
15.86 16.56 9.14 18.73 4.62
6.27 1 5 6 7
7 19.29 59.22 5.71 15.6
33.18 9.4 0 0 25
0 0 25 0 0
25 14.19 12.18 10.81 14.47
6.18 10.53 19.1 6.59 5.9
1 5 6 6 7
18.09 52.17 6.91 16.15 35.14
8.85 0 0 25 0
0 25 0 0 25
14.46 11.45 10.54 19.66 14.56
5.34 14.57 3.75 10.43 1
5 6 6 6 18.82
69.56 6.18 19.21 47.87 5.79
0 0 25 0 0
25 0 0 25 14.82
11.25 10.18 0 0 25
15.46 3.01 9.54 1 5
5 7 7 15.07 43.88
9.93 18.82 48.33 6.18 0
0 25 0 0 25
0 0 25 15.31 11.64
9.69 15.3 15.01 9.7 14.42
2.22 10.58 1 5 5
6 7 18.49 55.06 6.51
18.29 44.58 6.71 0 0
25 0 0 25 0
0 25 15.16 10.89 9.84
14.05 5.65 10.95 14.42 3.41
10.58 1 5 5 6
6 19.82 70.78 5.18 18.19
40.26 6.81 0 0 25
0 0 25 0 0
25 16.45 9.28 8.55 0
0 25 17.91 7.31 7.09
1 5 5 5 7
16.01 46.82 8.99 17.59 39.27
7.41 0 0 25 0
0 25 0 0 25
16.35 9.68 8.65 15.95 15.75
9.05 16.48 6.1 8.52 1
5 5 5 6 19.74
70.1 5.26 19.42 45.31 5.58
0 0 25 0 0
25 0 0 25 20.85
24.58 4.15 0 0 25
0 0 25 1 5
5 5 5 19.8 72.89
5.2 15.94 37.52 9.06 0
0 25 0 0 25
14.17 12.48 10.83 0 0
25 0 0 25 20.56
6.64 4.44 1 4 7
7 7 15.96 48.6 9.04
16.15 36.5 8.85 0 0
25 0 0 25 14.55
11.87 10.45 0 0 25
16.07 17.12 8.93 18.96 4.22
6.04 1 4 6 7
7 19.2 59.46 5.8 15.4
32.99 9.6 0 0 25
0 0 25 14.08 12.41
10.92 0 0 25 14.02
5.92 10.98 19.2 7.32 5.8
1 4 6 6 7
17.76 50.83 7.24 15.79 36.19
9.21 0 0 25 0
0 25 14.73 11.84 10.27
0 0 25 20.05 15.1
4.95 14.44 3.27 10.56 1
4 6 6 6 19.56
72.93 5.44 12.22 20.03 12.78
0 0 25 0 0
25 14.67 11.9 10.33 12.15
8.45 12.85 0 0 25
20.35 7.74 4.65 1 4
5 7 7 16.34 48.43
8.66 12.95 20.05 12.05 0
0 25 0 0 25
14.18 11.46 10.82 12.27 7.53
12.73 15.75 16.34 9.25 19.02
5.68 5.98 1 4 5
6 7 18.85 59.71 6.15
11.9 16.68 13.1 0 0
25 0 0 25 14.02
11.33 10.98 12.45 7.89 12.55
14.47 5.42 10.53 19.31 7.97
5.69 1 4 5 6
6 18.66 69.07 6.34 15.85
27.01 9.15 0 0 25
0 0 25 13.9 9.75
11.1 15.33 10.75 9.67 0
0 25 15.95 3.73 9.05
1 4 5 5 7
15.06 43.84 9.94 15.71 27.08
9.29 0 0 25 0
0 25 14.65 9.53 10.35
14.85 11.13 10.15 15.07 15.68
9.93 14.33 3.07 10.67 1
4 5 5 6 19.5
70.01 5.5 14.41 20.61 10.59
0 0 25 0 0
25 14.25 9.35 10.75 16.06
8.32 8.94 0 0 25
18 9.49 7 1 4
5 5 5 18.61 69.22
6.39 19.04 47.93 5.96 0
0 25 0 0 25
14.93 11.88 10.07 0 0
25 0 0 25 15.21
3.18 9.79 1 4 4
7 7 15.22 43.56 9.78
18.85 48.74 6.15 0 0
25 0 0 25 15.69
11.16 9.31 0 0 25
14.85 15.21 10.15 14.34 2.38
10.66 1 4 4 6
7 18.37 55.27 6.63 18.23
44.16 6.77 0 0 25
0 0 25 14.93 10.48
10.07 0 0 25 14.15
6.04 10.85 14.64 3.73 10.36
1 4 4 6 6
19.11 67.88 5.89 15.46 26.25
9.54 0 0 25 0
0 25 15.36 11.87 9.64
14.51 9.92 10.49 0 0
25 15.62 4.02 9.38 1
4 4 5 7 14.84
44.32 10.16 15.16 27.17 9.84
0 0 25 0 0
25 15.62 11.42 9.38 14.08
9.74 10.92 15.7 15.06 9.3
13.88 3.01 11.12 1 4
4 5 6 18.24 64.28
6.76 17.86 34.99 7.14 0
0 25 0 0 25
15.64 10.77 9.36 15.52 10.94
9.48 0 0 25 10.26
1.5 14.74 1 4 4
5 5 19.8 70.42 5.2
17.88 40.42 7.12 0 0
25 0 0 25 16.45
9.77 8.55 0 0 25
0 0 25 17.62 7.64
7.38 1 4 4 4
7 16.12 45.69 8.88 17.67
40.24 7.33 0 0 25
0 0 25 16.14 9.85
8.86 0 0 25 15.78
16.17 9.22 16.33 6.01 8.67
1 4 4 4 6
19.25 70.94 5.75 14.38 19.59
10.62 0 0 25 0
0 25 16.24 8.68 8.76
14.53 9.51 10.47 0 0
25 17.72 9.16 7.28 1
4 4 4 5 19.49
69.28 5.51 19.4 47.11 5.6
0 0 25 0 0
25 20.19 24.53 4.81 0
0 25 0 0 25
0 0 25 1 4
4 4 4 15.49 34.22
9.51 15.62 31.63 9.38 0
0 25 15.52 31.64 9.48
0 0 25 14.66 17.76
10.34 0 0 25 19.02
4.44 5.98 1 3 7
7 7 16.07 33.63 8.93
15.56 31.73 9.44 0 0
25 12.49 15.01 12.51 0
0 25 14.3 17.88 10.7
12.44 6.47 12.56 18.57 5.85
6.43 1 3 6 7
7 14.96 30.12 10.04 16.3
31.62 8.7 0 0 25
15.58 20.56 9.42 0 0
25 14.29 15.19 10.71 14.82
8.79 10.18 14.44 3.33 10.56
1 3 6 6 7
15.91 32.09 9.09 15.78 30.83
9.22 0 0 25 13.99
14.19 11.01 0 0 25
14.36 15.09 10.64 16.54 7.57
8.46 16.37 7.28 8.63 1
3 6 6 6 15.47
33.56 9.53 18.62 45.96 6.38
0 0 25 15.57 32.31
9.43 0 0 25 12.58
8.4 12.42 0 0 25
14.84 2.69 10.16 1 3
5 7 7 15.48 31.79
9.52 18.44 41.58 6.56 0
0 25 12.93 15.78 12.07
0 0 25 12.53 8.34
12.47 14.35 9.79 10.65 15.19
3.8 9.81 1 3 5
6 7 15.08 30.2 9.92
18.53 44.26 6.47 0 0
25 15.5 21.02 9.5 0
0 25 12.46 7.52 12.54
14.45 9.17 10.55 10.24 1.57
14.76 1 3 5 6
6 15.97 32.53 9.03 17.72
38.72 7.28 0 0 25
15.26 27.99 9.74 0 0
25 16.41 12.55 8.59 0
0 25 16.62 6.23 8.38
1 3 5 5 7
15.6 33.02 9.4 17.53 33.86
7.47 0 0 25 12.71
12.98 12.29 0 0 25
16.52 10.66 8.48 14.29 8.58
10.71 16.81 7.44 8.19 1
3 5 5 6 15.63
32.42 9.37 19.76 44.81 5.24
0 0 25 15.95 30.04
9.05 0 0 25 19.16
22.23 5.84 0 0 25
0 0 25 1 3
5 5 5 16.06 32.11
8.94 12.99 15.15 12.01 0
0 25 16.19 31.54 8.81
14.7 11.38 10.3 12.48 12.81
12.52 0 0 25 19.05
5.54 5.95 1 3 4
7 7 15.85 33.48 9.15
12.85 15.09 12.15 0 0
25 12.78 15.85 12.22 14.38
10.46 10.62 11.94 12.39 13.06
12.11 6.41 12.89 18.97 7.44
6.03 1 3 4 6
7 15.25 30.08 9.75 12.6
14.65 12.4 0 0 25
15.7 20.74 9.3 14.2 10.44
10.8 12.33 10.97 12.67 14.74
9.07 10.26 14.55 4.68 10.45
1 3 4 6 6
15.7 33.87 9.3 15.35 25.88
9.65 0 0 25 15.76
30.16 9.24 14.26 9.3 10.74
12.6 8.18 12.4 0 0
25 15.07 3.87 9.93 1
3 4 5 7 15.78
32.88 9.22 14.68 21.02 10.32
0 0 25 12.52 14.95
12.48 14.95 9.66 10.05 12.36
8.07 12.64 14.62 9.28 10.38
14.45 4.78 10.55 1 3
4 5 6 16.04 32.71
8.96 14.39 18.66 10.61 0
0 25 15.42 27.78 9.58
14.13 8.8 10.87 16.55 11.14
8.45 0 0 25 16.75
7.63 8.25 1 3 4
5 5 14.97 29.33 10.03
15.35 20.73 9.65 0 0
25 15.84 31.57 9.16 14.9
9.19 10.1 14.93 15.91 10.07
0 0 25 14.14 3.14
10.86 1 3 4 4
7 14.99 29.69 10.01 15.91
20.83 9.09 0 0 25
13 15.57 12 14.57 9.05
10.43 14.39 13.73 10.61 12.14
6.76 12.86 14.72 4.65 10.28
1 3 4 4 6
15.7 29.87 9.3 18.48 33.22
6.52 0 0 25 15.66
31.66 9.34 14.93 8.52 10.07
12.07 8.15 12.93 0 0
25 10.11 1.63 14.89 1
3 4 4 5 15.8
30.81 9.2 14.14 14.92 10.86
0 0 25 15.55 31.44
9.45 16.4 7.41 8.6 14.39
15.45 10.61 0 0 25
16.52 7.17 8.48 1 3
4 4 4 19.29 44.5
5.71 19.11 41.85 5.89 0
0 25 12.19 18.32 12.81
0 0 25 12.48 12.42
12.52 0 0 25 15.7
4.14 9.3 1 3 3
7 7 17.75 36.15 7.25
18.71 42.67 6.29 0 0
25 10.68 7.3 14.32 0
0 25 12.29 11.82 12.71
15.76 11.99 9.24 12.51 2.37
12.49 1 3 3 6
7 18.85 40.65 6.15 19.25
41.37 5.75 0 0 25
12.36 10.81 12.64 0 0
25 12.34 10.17 12.66 12.42
4.57 12.58 12.68 4.53 12.32
1 3 3 6 6
18.79 45.2 6.21 17.74 34.07
7.26 0 0 25 14.27
23.95 10.73 0 0 25
11.81 7.84 13.19 0 0
25 17.03 9.3 7.97 1
3 3 5 7 18.23
37.19 6.77 17.86 34.47 7.14
0 0 25 11.95 12.06
13.05 0 0 25 12.11
6.98 12.89 17.19 15.18 7.81
12 4.78 13 1 3
3 5 6 19.09 43.92
5.91 19.14 38.52 5.86 0
0 25 13.74 20.49 11.26
0 0 25 18.99 26.11
6.01 0 0 25 0
0 25 1 3 3
5 5 18.84 44.46 6.16
15.06 21.4 9.94 0 0
25 12.1 18.3 12.9 14.57
9.07 10.43 12.56 12.56 12.44
0 0 25 15.64 5.44
9.36 1 3 3 4
7 17.88 36.79 7.12 15.72
21.35 9.28 0 0 25
10.16 7.75 14.84 14.17 8.64
10.83 12.18 12.36 12.82 15.26
12.51 9.74 12.03 3.2 12.97
1 3 3 4 6
19.09 44.31 5.91 14.09 14.57
10.91 0 0 25 14.39
23.25 10.61 14.53 8.06 10.47
12.21 6.31 12.79 0 0
25 17.72 11.47 7.28 1
3 3 4 5 18.33
41.14 6.67 18.43 29.02 6.57
0 0 25 11.98 18.85
13.02 15.06 9.88 9.94 12.5
11.99 12.5 0 0 25
10.28 2.54 14.72 1 3
3 4 4 17.84 32.23
7.16 17.97 32.09 7.03 0
0 25 18.12 32.39 6.88
0 0 25 14.08 14.5
10.92 0 0 25 14.43
6.35 10.57 1 3 3
3 7 18.32 31.89 6.68
18.3 32.6 6.7 0 0
25 14.49 12.1 10.51 0
0 25 14.15 11.87 10.85
14.27 8.76 10.73 14.11 9.14
10.89 1 3 3 3
6 17.99 32.48 7.01 19.47
40.27 5.53 0 0 25
19.63 39.18 5.37 0 0
25 14.15 16.83 10.85 0
0 25 0 0 25
1 3 3 3 5
17.65 32.1 7.35 14.7 14.13
10.3 0 0 25 17.61
32.02 7.39 13.9 7.76 11.1
14.54 13.52 10.46 0 0
25 14.58 7.49 10.42 1
3 3 3 4 19.7
38.1 5.3 19.49 37.57 5.51
0 0 25 16.27 25.39
8.73 0 0 25 16.83
26.65 8.17 0 0 25
0 0 25 1 3
3 3 3 15.82 33.39
9.18 15.92 30.96 9.08 16.14
31.86 8.86 0 0 25
14.39 17.66 10.61 0 0
25 0 0 25 19.05
4.81 5.95 1 2 7
7 7 16.05 32.62 8.95
15.53 32.02 9.47 12.72 15.1
12.28 0 0 25 14.25
17.35 10.75 0 0 25
12.39 7.03 12.61 18.94 6
6.06 1 2 6 7
7 14.99 30.63 10.01 16.21
31.91 8.79 15.13 19.86 9.87
0 0 25 14.55 15.22
10.45 0 0 25 14.82
9.26 10.18 14.1 3.32 10.9
1 2 6 6 7
15.92 30.54 9.08 15.91 31.61
9.09 14.28 14.88 10.72 0
0 25 14.61 14.76 10.39
0 0 25 16.23 7.49
8.77 16.36 7.41 8.64 1
2 6 6 6 15.71
33.24 9.29 12.99 15.12 12.01
15.63 31.73 9.37 0 0
25 14.81 16.82 10.19 12.3
6.9 12.7 0 0 25
18.8 5.95 6.2 1 2
5 7 7 16.17 33.35
8.83 12.79 14.81 12.21 13.02
15.05 11.98 0 0 25
14.28 15.92 10.72 12.27 6.87
12.73 12.11 6.83 12.89 19.15
7.38 5.85 1 2 5
6 7 15.17 28.98 9.83
13.35 15.22 11.65 15.45 21.12
9.55 0 0 25 14.21
14.04 10.79 12.55 6.67 12.45
15.29 9.28 9.71 14.31 4.36
10.69 1 2 5 6
6 15.46 30.16 9.54 15.24
19.84 9.76 15.46 31.09 9.54
0 0 25 14.47 16.21
10.53 15.01 9.14 9.99 0
0 25 14.59 3.33 10.41
1 2 5 5 7
15.33 29.91 9.67 15.27 21.22
9.73 12.45 14.98 12.55 0
0 25 14.53 14.29 10.47
14.81 9.22 10.19 12.08 7.23
12.92 14.17 4.51 10.83 1
2 5 5 6 15.96
30.51 9.04 14.72 15.19 10.28
16.02 31.23 8.98 0 0
25 14.23 14.84 10.77 16.26
6.99 8.74 0 0 25
16.34 7.71 8.66 1 2
5 5 5 16.1 33.51
8.9 18.93 45.97 6.07 15.95
31.74 9.05 0 0 25
12.25 7.76 12.75 0 0
25 0 0 25 15.05
2.74 9.95 1 2 4
7 7 15.93 33.42 9.07
18.37 42.05 6.63 12.73 14.98
12.27 0 0 25 12.31
7.83 12.69 0 0 25
14.46 9.3 10.54 14.76 3.86
10.24 1 2 4 6
7 15.7 29.13 9.3 19.1
44.3 5.9 15.29 20.28 9.71
0 0 25 12.21 8.37
12.79 0 0 25 14.89
8.91 10.11 10.04 1.78 14.96
1 2 4 6 6
16.02 33.32 8.98 14.91 25.35
10.09 16.34 31.55 8.66 0
0 25 12.36 7.79 12.64
14.3 9.54 10.7 0 0
25 14.81 3.71 10.19 1
2 4 5 7 15.73
32.51 9.27 15.15 22.21 9.85
12.49 15.45 12.51 0 0
25 11.97 7.75 13.03 14.28
9.27 10.72 14.05 9.34 10.95
14.78 5.02 10.22 1 2
4 5 6 15.37 29.79
9.63 18.3 33.86 6.7 15.79
31.25 9.21 0 0 25
12.32 7.54 12.68 14.79 8.92
10.21 0 0 25 10.22
1.85 14.78 1 2 4
5 5 15.76 33.19 9.24
17.68 39.05 7.32 15.03 27.36
9.97 0 0 25 16.32
11.95 8.68 0 0 25
0 0 25 17.04 6.62
7.96 1 2 4 4
7 15.75 32.58 9.25 17.76
34.25 7.24 12.25 12.09 12.75
0 0 25 16.86 10.81
8.14 0 0 25 14.67
8.79 10.33 16.84 7.35 8.16
1 2 4 4 6
15.64 32.66 9.36 14.43 18.17
10.57 15.57 27.86 9.43 0
0 25 16.68 10.85 8.32
14.65 8.46 10.35 0 0
25 16.97 8.06 8.03 1
2 4 4 5 15.98
32.32 9.02 19.24 45.92 5.76
15.98 29.97 9.02 0 0
25 18.7 21.89 6.3 0
0 25 0 0 25
0 0 25 1 2
4 4 4 12.78 12.56
12.22 12.83 11.85 12.17 12.7
11.75 12.3 13.19 12.76 11.81
14.58 15.75 10.42 12.72 9.84
12.28 11.99 9.05 13.01 18.51
7.14 6.49 1 2 3
7 7 13.06 12.1 11.94
13.15 12.05 11.85 15.28 19.89
9.72 13.13 12.07 11.87 14.26
14.25 10.74 12.26 9.63 12.74
12.38 7.83 12.62 14.24 4.42
10.76 1 2 3 6
7 12.34 11.79 12.66 13.1
12.63 11.9 14.13 13.43 10.87
11.81 9.83 13.19 14.26 14
10.74 11.89 9.59 13.11 16.12
9.33 8.88 16.02 9.73 8.98
1 2 3 6 6
12.65 12.52 12.35 15.22 20.23
9.78 13.01 12.39 11.99 12.88
11.98 12.12 14.55 13.99 10.45
12.48 7.96 12.52 12.23 9.29
12.77 14.43 4.19 10.57 1
2 3 5 7 13.12
12.52 11.88 15.66 20.03 9.34
15.35 19.92 9.65 12.81 12.39
12.19 14.47 13.02 10.53 11.58
7.4 13.42 11.98 7.42 13.02
10.13 2.2 14.87 1 2
3 5 6 12.54 12.64
12.46 14.09 13.59 10.91 12.35
12.34 12.65 11.87 9.16 13.13
14.43 14.56 10.57 16.5 9.15
8.5 11.94 9.35 13.06 16.3
9.19 8.7 1 2 3
5 5 12.56 12.48 12.44
15.15 20.05 9.85 12.87 12.07
12.13 12.71 12.38 12.29 12.2
7.75 12.8 14.64 14.75 10.36
11.98 9.57 13.02 14.51 4.33
10.49 1 2 3 4
7 12.67 12.08 12.33 15.21
19.97 9.79 15.34 20.16 9.66
13.31 12.59 11.69 12.03 7.42
12.97 14.21 13.27 10.79 11.86
7.5 13.14 10.25 2.13 14.75
1 2 3 4 6
12.45 12.23 12.55 18.02 28.32
6.98 13 12.31 12 12.53
12.38 12.47 12.13 7.74 12.87
12.45 7.44 12.55 13.82 12.51
11.18 10.29 2.38 14.71 1
2 3 4 5 12.72
12.55 12.28 14.15 14.1 10.85
12.01 9.18 12.99 13.32 12.67
11.68 16.47 8.69 8.53 14.04
13.37 10.96 11.93 9 13.07
16.63 9.17 8.37 1 2
3 4 4 15.07 17.78
9.93 15.22 17.88 9.78 15.02
18.09 9.98 10.27 6.52 14.73
14.35 12.75 10.65 12.18 12.04
12.82 10.4 6.58 14.6 12.37
3.48 12.63 1 2 3
3 7 15.6 17.77 9.4
15.97 17.31 9.03 14.03 12.11
10.97 12.29 10.44 12.71 14.08
11.46 10.92 11.92 10.99 13.08
12.16 5.55 12.84 12.45 5.87
12.55 1 2 3 3
6 14.95 17.9 10.05 14.64
11.04 10.36 15.48 17.94 9.52
12.53 10.36 12.47 14.52 11.37
10.48 12.17 5.66 12.83 12.21
10.92 12.79 12.16 6.15 12.84
1 2 3 3 5
15.63 18.37 9.37 18.77 28.63
6.23 15.17 17.26 9.83 9.69
6.48 15.31 12.56 6.48 12.44
12.21 12.07 12.79 10.03 6.84
14.97 8.1 1.71 16.9 1
2 3 3 4 14.01
10.39 10.99 14.27 10.94 10.73
14.58 10.61 10.42 14.74 10.76
10.26 14.17 10.6 10.83 14.58
11.06 10.42 14.08 10.21 10.92
14.4 10.6 10.6 1 2
3 3 3 18.74 45.1
6.26 19.03 42.46 5.97 12.12
18.2 12.88 0 0 25
12.25 12.8 12.75 0 0
25 0 0 25 15.13
4.17 9.87 1 2 2
7 7 17.87 37 7.13
19.12 41.68 5.88 9.93 7.11
15.07 0 0 25 12.2
12.39 12.8 0 0 25
15.28 12.45 9.72 12.6 2.37
12.4 1 2 2 6
7 19.08 41.01 5.92 19.01
40.35 5.99 12.09 10.86 12.91
0 0 25 12.41 10.37
12.59 0 0 25 12.66
4.93 12.34 12.47 4.76 12.53
1 2 2 6 6
18.67 44.04 6.33 15.69 21.38
9.31 11.75 18.33 13.25 0
0 25 12.51 12.61 12.49
14.49 9.38 10.51 0 0
25 15.42 5.73 9.58 1
2 2 5 7 17.65
37.13 7.35 15.25 21.23 9.75
10.11 7.48 14.89 0 0
25 12.41 12.31 12.59 14.29
8.22 10.71 15.55 12.4 9.45
12.65 3.32 12.35 1 2
2 5 6 18.51 41.11
6.49 18.39 28.93 6.61 12.36
18.23 12.64 0 0 25
12.37 12.42 12.63 15.41 9.35
9.59 0 0 25 10.27
2.65 14.73 1 2 2
5 5 18.92 44.15 6.08
18.19 33.73 6.81 14.34 23.57
10.66 0 0 25 12.89
7.71 12.11 0 0 25
0 0 25 17.29 9.21
7.71 1 2 2 4
7 18.09 36.97 6.91 17.97
33.42 7.03 12.57 11.54 12.43
0 0 25 12.15 7.15
12.85 0 0 25 17.55
15.37 7.45 12.45 4.77 12.55
1 2 2 4 6
19.11 45 5.89 14.3 14.85
10.7 14.38 23.67 10.62 0
0 25 12.06 6.45 12.94
14.33 7.96 10.67 0 0
25 17.35 10.54 7.65 1
2 2 4 5 19.24
43.35 5.76 18.88 39.08 6.12
14.09 20.64 10.91 0 0
25 19.48 25.24 5.52 0
0 25 0 0 25
0 0 25 1 2
2 4 4 15.14 17.77
9.86 15.54 17.62 9.46 10.46
6.8 14.54 15.9 17.33 9.1
11.94 11.95 13.06 14.4 12.39
10.6 10.24 6.75 14.76 12.27
3.5 12.73 1 2 2
3 7 15.25 17.62 9.75
15.28 17.35 9.72 12.29 10.42
12.71 14.3 12.54 10.7 11.98
11.18 13.02 14.24 11.89 10.76
12.07 5.51 12.93 12.3 5.78
12.7 1 2 2 3
6 15.85 17.61 9.15 18.2
27.71 6.8 10.55 6.78 14.45
15.61 17.13 9.39 12.13 11.93
12.87 12.51 6.73 12.49 10.28
6.96 14.72 8.15 1.87 16.85
1 2 2 3 5
15.34 17.6 9.66 14.57 12.14
10.43 12.05 10.77 12.95 15.68
17.19 9.32 12.01 6.28 12.99
14.7 11.11 10.3 12.19 10.48
12.81 12.25 5.64 12.75 1
2 2 3 4 18.92
25.42 6.08 18.28 24.91 6.72
11.99 10.19 13.01 12.37 10.04
12.63 12.65 10.32 12.35 12.4
9.86 12.6 8.02 3.24 16.98
8.18 3.21 16.82 1 2
2 3 3 18.42 31.48
6.58 18.43 31.93 6.57 18.08
32.4 6.92 0 0 25
14.2 14.8 10.8 0 0
25 0 0 25 14.43
5.83 10.57 1 2 2
2 7 18.16 31.58 6.84
17.64 32.12 7.36 14.58 12.45
10.42 0 0 25 14.07
12.32 10.93 0 0 25
14.1 9.24 10.9 14.19 9.55
10.81 1 2 2 2
6 17.81 32.02 7.19 14.48
13.71 10.52 18.31 32.48 6.69
0 0 25 14.39 13.12
10.61 14.37 7.46 10.63 0
0 25 14.3 7.55 10.7
1 2 2 2 5
17.32 32.36 7.68 19.16 40.87
5.84 20.34 38.55 4.66 0
0 25 14.3 17.1 10.7
0 0 25 0 0
25 0 0 25 1
2 2 2 4 14.22
10.22 10.78 14.07 10.06 10.93
14.52 10.75 10.48 14.66 11.09
10.34 13.93 10.71 11.07 14.42
10.74 10.58 14.77 10.64 10.23
14.19 11.01 10.81 1 2
2 2 3 19.55 38.14
5.45 19.51 38.27 5.49 16.65
25.9 8.35 0 0 25
16.45 25.53 8.55 0 0
25 0 0 25 0
0 25 1 2 2
2 2 22.99 94.34 2.01
14.46 34.67 10.54 0 0
25 0 0 25 0
0 25 0 0 25
0 0 25 21.89 11.65
3.11 1 1 7 7
7 19.26 64.65 5.74 13.94
33.97 11.06 0 0 25
0 0 25 0 0
25 0 0 25 19.03
22.28 5.97 19.49 7.38 5.51
1 1 6 7 7
22.69 78.03 2.31 14.37 33.51
10.63 0 0 25 0
0 25 0 0 25
0 0 25 14.39 5.24
10.61 20.28 11.49 4.72 1
1 6 6 7 21.51
70.23 3.49 14.43 33.28 10.57
0 0 25 0 0
25 0 0 25 0
0 25 21.51 18.47 3.49
14.36 6.21 10.64 1 1
6 6 6 21.9 83.57
3.1 11.95 20.09 13.05 0
0 25 0 0 25
0 0 25 18.33 23.5
6.67 0 0 25 16.02
4.64 8.98 1 1 5
7 7 17.98 54.27 7.02
12.46 20 12.54 0 0
25 0 0 25 0
0 25 18.59 22.84 6.41
17.91 18.93 7.09 14 3.02
11 1 1 5 6
7 21.33 68.89 3.67 12.4
18.72 12.6 0 0 25
0 0 25 0 0
25 18.75 22.06 6.25 14.4
4.9 10.6 14.55 4 10.45
1 1 5 6 6
23 90.39 2 14.1 24.12
10.9 0 0 25 0
0 25 0 0 25
12.08 5.93 12.92 0 0
25 18.74 11.64 6.26 1
1 5 5 7 18.88
60.63 6.12 14.64 24.48 10.36
0 0 25 0 0
25 0 0 25 12.15
5.46 12.85 18.83 21.27 6.17
16.54 7.12 8.46 1 1
5 5 6 22.9 87.98
2.1 14.34 21.31 10.66 0
0 25 0 0 25
0 0 25 22.22 31.25
2.78 0 0 25 0
0 25 1 1 5
5 5 22.1 84.67 2.9
12.19 19.59 12.81 0 0
25 0 0 25 18.59
22.48 6.41 0 0 25
0 0 25 15.84 4.54
9.16 1 1 4 7
7 17.98 55.28 7.02 12.26
19.49 12.74 0 0 25
0 0 25 18.42 22.6
6.58 0 0 25 17.41
19.29 7.59 14.28 2.99 10.72
1 1 4 6 7
21.29 68.18 3.71 12.36 19.26
12.64 0 0 25 0
0 25 18.53 21.76 6.47
0 0 25 14.51 5.16
10.49 14.54 4.41 10.46 1
1 4 6 6 20.79
74.19 4.21 10.27 8.43 14.73
0 0 25 0 0
25 18.47 23.06 6.53 15.51
13.94 9.49 0 0 25
12.6 2.74 12.4 1 1
4 5 7 16.77 47.29
8.23 10.21 8.66 14.79 0
0 25 0 0 25
18.41 21.8 6.59 14.95 14.66
10.05 16.95 15.92 8.05 12.3
2.08 12.7 1 1 4
5 6 22.06 79.66 2.94
11.93 11.86 13.07 0 0
25 0 0 25 18.51
20.02 6.49 11.97 5.63 13.03
0 0 25 12.98 5.38
12.02 1 1 4 5
5 22.82 90.31 2.18 14.03
24.45 10.97 0 0 25
0 0 25 12.52 5.56
12.48 0 0 25 0
0 25 19.18 11.13 5.82
1 1 4 4 7
18.98 60.27 6.02 14 24.17
11 0 0 25 0
0 25 12.43 5.68 12.57
0 0 25 19.07 21.64
5.93 16.06 7.7 8.94 1
1 4 4 6 21.8
80.31 3.2 12.81 11.58 12.19
0 0 25 0 0
25 12.04 5.57 12.96 18.49
19.96 6.51 0 0 25
12.47 4.97 12.53 1 1
4 4 5 23.15 87.55
1.85 14.22 21.37 10.78 0
0 25 0 0 25
21.8 31.91 3.2 0 0
25 0 0 25 0
0 25 1 1 4
4 4 19.07 44.67 5.93
12.64 18.07 12.36 0 0
25 18.67 41.65 6.33 0
0 25 12.79 12.57 12.21
0 0 25 15.27 4.6
9.73 1 1 3 7
7 18.77 45.24 6.23 12.42
17.66 12.58 0 0 25
15.32 21.8 9.68 0 0
25 12.14 12.07 12.86 14.58
9.14 10.42 15.68 5.18 9.32
1 1 3 6 7
18.39 40.49 6.61 12.32 18.35
12.68 0 0 25 18.36
29.44 6.64 0 0 25
12.07 12.4 12.93 15.31 9.91
9.69 10.39 2.57 14.61 1
1 3 6 6 18.87
44.97 6.13 14.38 23.92 10.62
0 0 25 17.78 34.35
7.22 0 0 25 12.24
7.16 12.76 0 0 25
17.33 9 7.67 1 1
3 5 7 18.67 44.78
6.33 14.28 23.22 10.72 0
0 25 14.5 15.49 10.5
0 0 25 12.33 6.59
12.67 14.22 8.2 10.78 17.45
10.27 7.55 1 1 3
5 6 18.83 44 6.17
14.72 20.32 10.28 0 0
25 19.53 38.26 5.47 0
0 25 18.77 25.57 6.23
0 0 25 0 0
25 1 1 3 5
5 17.57 36.97 7.43 10.13
7.26 14.87 0 0 25
18.8 41.15 6.2 17.45 18.02
7.55 10.41 7.5 14.59 0
0 25 12.19 2.55 12.81
1 1 3 4 7
18.01 37.04 6.99 10.68 7.26
14.32 0 0 25 15.18
21.61 9.82 17.51 16.96 7.49
10.41 6.87 14.59 13.77 8.81
11.23 12.62 3.27 12.38 1
1 3 4 6 17.67
36.36 7.33 12.97 11.21 12.03
0 0 25 18.04 34.1
6.96 17.63 15.46 7.37 12.46
7.02 12.54 0 0 25
12.45 4.63 12.55 1 1
3 4 5 18.76 40.76
6.24 11.84 10.8 13.16 0
0 25 19.35 41.45 5.65
12.4 4.96 12.6 12.28 10.5
12.72 0 0 25 12.58
4.32 12.42 1 1 3
4 4 22.53 58.53 2.47
14.38 23.22 10.62 0 0
25 14.22 23.01 10.78 0
0 25 7.72 4.48 17.28
0 0 25 18.43 13.48
6.57 1 1 3 3
7 21.51 50.75 3.49 14.63
21.65 10.37 0 0 25
12.15 11.19 12.85 0 0
25 8.57 3.89 16.43 18.88
18.22 6.12 12.42 6.14 12.58
1 1 3 3 6
22.39 57.92 2.61 14.42 20.27
10.58 0 0 25 13.88
20.28 11.12 0 0 25
20.75 30.09 4.25 0 0
25 0 0 25 1
1 3 3 5 21.55
51.32 3.45 12.28 10.62 12.72
0 0 25 14.15 22.88
10.85 18.82 17.61 6.18 8.27
3.88 16.73 0 0 25
12.38 6.24 12.62 1 1
3 3 4 21.64 44.52
3.36 14.24 19.38 10.76 0
0 25 21.34 44.18 3.66
0 0 25 14.49 20.21
10.51 0 0 25 0
0 25 1 1 3
3 3 19.17 45.07 5.83
12.22 18.93 12.78 18.69 41.84
6.31 0 0 25 11.97
12.11 13.03 0 0 25
0 0 25 15.48 4.52
9.52 1 1 2 7
7 18.61 44.14 6.39 12.38
18.54 12.62 15.32 21.93 9.68
0 0 25 12.2 12.65
12.8 0 0 25 14.34
8.83 10.66 15.46 5.6 9.54
1 1 2 6 7
18.09 41.78 6.91 12.11 18.67
12.89 18.01 29.34 6.99 0
0 25 12.19 11.72 12.81
0 0 25 15.06 10.25
9.94 10.08 2.7 14.92 1
1 2 6 6 17.42
36.79 7.58 10.26 7.11 14.74
19.08 42.15 5.92 0 0
25 12.49 11.81 12.51 15.74
12.6 9.26 0 0 25
12.23 2.32 12.77 1 1
2 5 7 17.66 37.42
7.34 10.3 7.5 14.7 15.77
20.88 9.23 0 0 25
12.63 11.96 12.37 15.28 12.01
9.72 14.7 8.47 10.3 12.27
3.15 12.73 1 1 2
5 6 18.96 40.52 6.04
11.92 10.69 13.08 19.2 40.86
5.8 0 0 25 12.07
10.89 12.93 12.87 4.63 12.13
0 0 25 12.64 4.75
12.36 1 1 2 5
5 19.23 44.92 5.77 14.11
23.31 10.89 17.61 33.77 7.39
0 0 25 12.4 8.1
12.6 0 0 25 0
0 25 17.33 9.22 7.67
1 1 2 4 7
19.09 44.59 5.91 14.02 23.25
10.98 13.88 15.53 11.12 0
0 25 11.84 7.29 13.16
0 0 25 14.5 8.54
10.5 16.7 10.77 8.3 1
1 2 4 6 17.64
36.43 7.36 11.93 11.8 13.07
18.04 33.9 6.96 0 0
25 12.64 7.21 12.36 17.74
15.99 7.26 0 0 25
12.15 4.53 12.85 1 1
2 4 5 19.13 44.04
5.87 14.2 21 10.8 18.82
38.34 6.18 0 0 25
19.3 25.17 5.7 0 0
25 0 0 25 0
0 25 1 1 2
4 4 15.24 18.59 9.76
10.01 6.97 14.99 14.96 17.28
10.04 15.06 17.75 9.94 12.67
12.39 12.33 9.99 6.49 15.01
13.85 12.87 11.15 12.14 3.74
12.86 1 1 2 3
7 15.09 18.15 9.91 9.93
6.86 15.07 18.42 28.87 6.58
14.79 17.07 10.21 12.06 11.76
12.94 10.22 7.16 14.78 12.41
7.13 12.59 8.12 1.96 16.88
1 1 2 3 6
15.3 18.5 9.7 11.93 10.67
13.07 15.26 17.61 9.74 13.92
11.28 11.08 12.73 10.66 12.27
12.22 5.58 12.78 14.42 12.12
10.58 12.11 5.69 12.89 1
1 2 3 5 15.49
17.72 9.51 11.94 10.78 13.06
14.3 11.8 10.7 15.62 17.22
9.38 12.15 6.01 12.85 12.75
10.72 12.25 14.04 11.59 10.96
11.82 6.05 13.18 1 1
2 3 4 18.52 24.78
6.48 12.87 9.93 12.13 18.53
24.9 6.47 12.41 9.94 12.59
12.44 9.9 12.56 8.09 3.33
16.91 12.6 10.41 12.4 7.86
3.49 17.14 1 1 2
3 3 22.44 58.21 2.56
14.68 23.4 10.32 14.13 23.46
10.87 0 0 25 8.14
4.19 16.86 0 0 25
0 0 25 18.1 13.25
6.9 1 1 2 2
7 21.4 51.8 3.6 14.36
22.64 10.64 11.79 11.05 13.21
0 0 25 7.93 3.66
17.07 0 0 25 18.49
17.99 6.51 12.34 6.55 12.66
1 1 2 2 6
21.28 51.13 3.72 11.84 10.56
13.16 14.25 22.58 10.75 0
0 25 8.42 3.79 16.58
18.36 18.57 6.64 0 0
25 12.52 6.7 12.48 1
1 2 2 5 22.46
57.33 2.54 13.98 20.35 11.02
14.65 20.06 10.35 0 0
25 20.71 30.46 4.29 0
0 25 0 0 25
0 0 25 1 1
2 2 4 18.6 25.22
6.4 12.15 10.16 12.85 11.97
10.19 13.03 18.52 25.9 6.48
8.16 2.92 16.84 12.02 10.06
12.98 12.38 9.66 12.62 8.57
3.52 16.43 1 1 2
2 3 21.47 44.67 3.53
14.27 19.26 10.73 21.39 44.99
3.61 0 0 25 13.9
20.05 11.1 0 0 25
0 0 25 0 0
25 1 1 2 2
2 22.1 74.04 2.9 21.65
60.65 3.35 0 0 25
0 0 25 0 0
25 0 0 25 0
0 25 16.54 5.02 8.46
1 1 1 7 7
18.12 46.88 6.88 21.56 60.69
3.44 0 0 25 0
0 25 0 0 25
0 0 25 17.95 17.05
7.05 14.4 3.35 10.6 1
1 1 6 7 21.57
59.39 3.43 21.23 59.83 3.77
0 0 25 0 0
25 0 0 25 0
0 25 14.28 4.76 10.72
14.25 4.69 10.75 1 1
1 6 6 21.8 74.03
3.2 18.09 35.59 6.91 0
0 25 0 0 25
0 0 25 14.03 12.79
10.97 0 0 25 15.59
8.08 9.41 1 1 1
5 7 17.97 46.83 7.03
17.77 35.35 7.23 0 0
25 0 0 25 0
0 25 14.04 12.2 10.96
18.02 17.66 6.98 14.03 6.13
10.97 1 1 1 5
6 22.34 73.77 2.66 21.39
47.26 3.61 0 0 25
0 0 25 0 0
25 15.99 19.25 9.01 0
0 25 0 0 25
1 1 1 5 5
22.28 74.57 2.72 18.08 35.56
6.92 0 0 25 0
0 25 14.02 12.08 10.98
0 0 25 0 0
25 15.67 7.74 9.33 1
1 1 4 7 18.1
46.84 6.9 17.93 34.77 7.07
0 0 25 0 0
25 14.27 12.77 10.73 0
0 25 17.68 16.75 7.32
14.45 6.44 10.55 1 1
1 4 6 22.09 72.96
2.91 13.92 15.19 11.08 0
0 25 0 0 25
14.35 9.9 10.65 14.32 9.74
10.68 0 0 25 16.05
11.48 8.95 1 1 1
4 5 22.04 73.3 2.96
21.58 47.75 3.42 0 0
25 0 0 25 15.91
19.42 9.09 0 0 25
0 0 25 0 0
25 1 1 1 4
4 17.92 32.67 7.08 17.61
31.85 7.39 0 0 25
17.98 32.49 7.02 0 0
25 13.97 14.06 11.03 0
0 25 14.27 7.18 10.73
1 1 1 3 7
17.63 32.27 7.37 18 32.84
7 0 0 25 14.48
13.75 10.52 0 0 25
14.07 13.33 10.93 13.97 7.51
11.03 14.59 7.56 10.41 1
1 1 3 6 17.86
31.69 7.14 21.48 47.12 3.52
0 0 25 18.06 32.17
6.94 0 0 25 14.47
17.15 10.53 0 0 25
0 0 25 1 1
1 3 5 18.19 31.77
6.81 14.88 12.63 10.12 0
0 25 17.96 31.78 7.04
14.31 8.66 10.69 14.53 11.7
10.47 0 0 25 14.38
9.21 10.62 1 1 1
3 4 21.72 44.41 3.28
21.69 43.93 3.31 0 0
25 14.39 19.9 10.61 0
0 25 14.28 19.68 10.72
0 0 25 0 0
25 1 1 1 3
3 18.24 32.12 6.76 18.29
32.37 6.71 18.14 31.63 6.86
0 0 25 14.07 14.42
10.93 0 0 25 0
0 25 14.5 6.22 10.5
1 1 1 2 7
18.3 32.09 6.7 18.2 32.06
6.8 14.38 13.15 10.62 0
0 25 14.26 13.96 10.74
0 0 25 14.83 7.37
10.17 14 7.4 11 1
1 1 2 6 18.08
32.05 6.92 14.43 12.49 10.57
17.61 31.95 7.39 0 0
25 14.35 12.64 10.65 14.2
8.67 10.8 0 0 25
14.66 8.87 10.34 1 1
1 2 5 17.76 31.96
7.24 21.71 46.66 3.29 17.72
32.89 7.28 0 0 25
14.33 16.97 10.67 0 0
25 0 0 25 0
0 25 1 1 1
2 4 14.33 11.16 10.67
13.99 10.05 11.01 14.65 10.52
10.35 14.29 11.24 10.71 14.24
10.34 10.76 14.76 10.43 10.24
14.25 10.18 10.75 14.77 10.8
10.23 1 1 1 2
3 21.68 44.17 3.32 21.85
44.26 3.15 14.18 19.81 10.82
0 0 25 14.22 19.83
10.78 0 0 25 0
0 25 0 0 25
1 1 1 2 2
23.64 83.71 1.36 15.97 38.94
9.03 0 0 25 0
0 25 0 0 25
0 0 25 0 0
25 19.66 18.08 5.34 1
1 1 1 7 19.22
55.76 5.78 16.51 37.33 8.49
0 0 25 0 0
25 0 0 25 0
0 25 19.52 21.49 5.48
16.57 13.6 8.43 1 1
1 1 6 23.57 81.8
1.43 15.95 26.83 9.05 0
0 25 0 0 25
0 0 25 19.76 32.09
5.24 0 0 25 0
0 25 1 1 1
1 5 23.6 81.15 1.4
16.16 27.16 8.84 0 0
25 0 0 25 19.43
32.5 5.57 0 0 25
0 0 25 0 0
25 1 1 1 1
4 19.26 38.74 5.74 15.89
26.05 9.11 0 0 25
19.45 38 5.55 0 0
25 16.91 25.7 8.09 0
0 25 0 0 25
1 1 1 1 3
19.37 38.4 5.63 16.26 25.78
8.74 19.39 37.21 5.61 0
0 25 17.17 26.42 7.83
0 0 25 0 0
25 0 0 25 1
1 1 1 2 23.66
76.6 1.34 23.68 76.06 1.32
0 0 25 0 0
25 0 0 25 0
0 25 0 0 25
0 0 25 1 1
1 1 1
