21.24 129.57 3.76 0 0
25 0 0 25 0
0 25 0 0 25
0 0 25 0 0
25 21.03 28.16 3.97 7
7 7 7 7 16.15
90.44 8.85 0 0 25
0 0 25 0 0
25 0 0 25 0
0 25 15.99 46.56 9.01
16.42 14.44 8.58 6 7
7 7 7 20.19 115.18
4.81 0 0 25 0
0 25 0 0 25
0 0 25 0 0
25 8.89 13.41 16.11 18.48
23.85 6.52 6 6 7
7 7 18.87 101.44 6.13
0 0 25 0 0
25 0 0 25 0
0 25 0 0 25
17.66 39.04 7.34 11.85 11.14
13.15 6 6 6 7
7 21.07 115.49 3.93 0
0 25 0 0 25
0 0 25 0 0
25 0 0 25 10.92
13.28 14.08 16.36 22.88 8.64
6 6 6 6 7
21 113.31 4 0 0
25 0 0 25 0
0 25 0 0 25
0 0 25 20.73 44.96
4.27 0 0 25 6
6 6 6 6 16.01
90.53 8.99 0 0 25
0 0 25 0 0
25 0 0 25 16.26
46.58 8.74 0 0 25
16.35 14.27 8.65 5 7
7 7 7 12.1 59.45
12.9 0 0 25 0
0 25 0 0 25
0 0 25 16.23 46.39
8.77 12.27 30.9 12.73 13.92
8.74 11.08 5 6 7
7 7 15.39 79.03 9.61
0 0 25 0 0
25 0 0 25 0
0 25 15.05 40.93 9.95
9.63 12.79 15.37 14.6 12.58
10.4 5 6 6 7
7 13.74 67.29 11.26 0
0 25 0 0 25
0 0 25 0 0
25 16.15 43.59 8.85 15.78
28.83 9.22 9.62 5 15.38
5 6 6 6 7
16.21 79.93 8.79 0 0
25 0 0 25 0
0 25 0 0 25
15.64 42.9 9.36 11.11 12.7
13.89 11.5 10.01 13.5 5
6 6 6 6 20.24
114.63 4.76 0 0 25
0 0 25 0 0
25 0 0 25 9.52
13.21 15.48 0 0 25
18.82 23.58 6.18 5 5
7 7 7 15.18 77.68
9.82 0 0 25 0
0 25 0 0 25
0 0 25 9.68 13.09
15.32 15.21 42.14 9.79 14.35
12.67 10.65 5 5 6
7 7 19.2 101.86 5.8
0 0 25 0 0
25 0 0 25 0
0 25 9.62 11.72 15.38
9.41 12.18 15.59 16.58 19.43
8.42 5 5 6 6
7 17.88 88.05 7.12 0
0 25 0 0 25
0 0 25 0 0
25 10.11 11.75 14.89 17.67
38.27 7.33 9.36 6.91 15.64
5 5 6 6 6
18.36 101.27 6.64 0 0
25 0 0 25 0
0 25 0 0 25
18.15 39.58 6.85 0 0
25 12.16 10.48 12.84 5
5 5 7 7 13.73
66.01 11.27 0 0 25
0 0 25 0 0
25 0 0 25 17.77
38.95 7.23 13.23 35.14 11.77
9.62 5.55 15.38 5 5
5 6 7 18.04 89.53
6.96 0 0 25 0
0 25 0 0 25
0 0 25 17.84 36.53
7.16 10.14 12.11 14.86 9.51
6.3 15.49 5 5 5
6 6 20.92 114.8 4.08
0 0 25 0 0
25 0 0 25 0
0 25 11.24 13.68 13.76
0 0 25 16.14 23.22
8.86 5 5 5 5
7 16.44 79.17 8.56 0
0 25 0 0 25
0 0 25 0 0
25 11.52 13.05 13.48 16.11
43.45 8.89 11.06 9.2 13.94
5 5 5 5 6
20.91 113.19 4.09 0 0
25 0 0 25 0
0 25 0 0 25
20.8 45.1 4.2 0 0
25 0 0 25 5
5 5 5 5 16.1
89.82 8.9 0 0 25
0 0 25 0 0
25 16.17 47.24 8.83 0
0 25 0 0 25
16.23 14.44 8.77 4 7
7 7 7 12.27 59.56
12.73 0 0 25 0
0 25 0 0 25
16.15 45.44 8.85 0 0
25 12.08 30.99 12.92 14.31
9.2 10.69 4 6 7
7 7 15.16 76.87 9.84
0 0 25 0 0
25 0 0 25 15.27
42.9 9.73 0 0 25
9.59 12.68 15.41 14.77 12.76
10.23 4 6 6 7
7 13.98 67.36 11.02 0
0 25 0 0 25
0 0 25 16.04 43.92
8.96 0 0 25 15.61
28.49 9.39 9.74 4.86 15.26
4 6 6 6 7
16.14 80.23 8.86 0 0
25 0 0 25 0
0 25 15.67 43.84 9.33
0 0 25 11.65 12.49
13.35 10.76 9.22 14.24 4
6 6 6 6 12.64
59.33 12.36 0 0 25
0 0 25 0 0
25 15.97 46.1 9.03 11.98
30.72 13.02 0 0 25
14.11 9.15 10.89 4 5
7 7 7 8.23 36.91
16.77 0 0 25 0
0 25 0 0 25
16.43 46.62 8.57 12.48 30.58
12.52 8.31 19.48 16.69 13.22
7.74 11.78 4 5 6
7 7 11.2 50.22 13.8
0 0 25 0 0
25 0 0 25 15.18
40.67 9.82 11.27 26.52 13.73
9.69 13.1 15.31 13 9.15
12 4 5 6 6
7 8.95 40.35 16.05 0
0 25 0 0 25
0 0 25 16.09 45.28
8.91 11.55 28.65 13.45 13.38
20.11 11.62 9.65 5.99 15.35
4 5 6 6 6
15.06 77.56 9.94 0 0
25 0 0 25 0
0 25 15.2 42.4 9.8
9.71 12.12 15.29 0 0
25 15.39 12.56 9.61 4
5 5 7 7 11.72
50.62 13.28 0 0 25
0 0 25 0 0
25 14.9 41.12 10.1 9.79
12.58 15.21 10.72 26.63 14.28
12.84 9.08 12.16 4 5
5 6 7 14.37 67.69
10.63 0 0 25 0
0 25 0 0 25
14.93 35.95 10.07 9.51 12.02
15.49 9.55 11.98 15.45 13.54
10.46 11.46 4 5 5
6 6 13.93 66.67 11.07
0 0 25 0 0
25 0 0 25 15.84
44.57 9.16 15.48 28.9 9.52
0 0 25 9.5 5.11
15.5 4 5 5 5
7 9.71 39.95 15.29 0
0 25 0 0 25
0 0 25 15.69 43.66
9.31 15.93 29.48 9.07 9.75
20.34 15.25 9.4 6.09 15.6
4 5 5 5 6
16.03 80.28 8.97 0 0
25 0 0 25 0
0 25 16.1 42.21 8.9
11.65 13.09 13.35 0 0
25 11.4 9.24 13.6 4
5 5 5 5 19.6
114.64 5.4 0 0 25
0 0 25 0 0
25 9.54 13.55 15.46 0
0 25 0 0 25
18.15 24.52 6.85 4 4
7 7 7 15.4 77.9
9.6 0 0 25 0
0 25 0 0 25
9.58 13.62 15.42 0 0
25 15.08 41.31 9.92 14.41
12.7 10.59 4 4 6
7 7 19.05 102.4 5.95
0 0 25 0 0
25 0 0 25 9.65
12.05 15.35 0 0 25
9.21 12.17 15.79 16.26 19.21
8.74 4 4 6 6
7 17.56 89.62 7.44 0
0 25 0 0 25
0 0 25 9.62 12.26
15.38 0 0 25 17.65
37.3 7.35 9.37 6.62 15.63
4 4 6 6 6
15.15 78.48 9.85 0 0
25 0 0 25 0
0 25 9.45 13.46 15.55
15.04 41.07 9.96 0 0
25 14.72 12.63 10.28 4
4 5 7 7 11.08
51.26 13.92 0 0 25
0 0 25 0 0
25 9.64 12.53 15.36 14.98
40.6 10.02 11.4 26.3 13.6
13.03 9.18 11.97 4 4
5 6 7 14.38 67.75
10.62 0 0 25 0
0 25 0 0 25
9.63 11.68 15.37 14.13 36.13
10.87 9.97 12.36 15.03 13.66
10.31 11.34 4 4 5
6 6 19.41 101.37 5.59
0 0 25 0 0
25 0 0 25 9.65
12.64 15.35 9.36 12.5 15.64
0 0 25 16.03 19.04
8.97 4 4 5 5
7 14.47 69.05 10.53 0
0 25 0 0 25
0 0 25 9.65 12.62
15.35 9.42 12.16 15.58 14.48
34.94 10.52 13.15 10.06 11.85
4 4 5 5 6
17.78 89.59 7.22 0 0
25 0 0 25 0
0 25 9.44 11.66 15.56
17.62 37.29 7.38 0 0
25 9.8 6.82 15.2 4
4 5 5 5 18.65
101.82 6.35 0 0 25
0 0 25 0 0
25 17.59 38.83 7.41 0
0 25 0 0 25
12.13 10.98 12.87 4 4
4 7 7 13.69 66.2
11.31 0 0 25 0
0 25 0 0 25
18.3 38.74 6.7 0 0
25 13.48 34.79 11.52 9.59
5.21 15.41 4 4 4
6 7 17.56 89.08 7.44
0 0 25 0 0
25 0 0 25 17.71
37.94 7.29 0 0 25
9.28 12.17 15.72 9.33 6.93
15.67 4 4 4 6
6 13.94 65.67 11.06 0
0 25 0 0 25
0 0 25 17.63 39.11
7.37 14.01 34.63 10.99 0
0 25 9.65 5.36 15.35
4 4 4 5 7
9.49 39.93 15.51 0 0
25 0 0 25 0
0 25 17.82 38.71 7.18
13.55 35.03 11.45 9.48 20.46
15.52 9.62 5.91 15.38 4
4 4 5 6 17.61
88.53 7.39 0 0 25
0 0 25 0 0
25 17.85 37.9 7.15 9.25
12.19 15.75 0 0 25
9.81 6.86 15.19 4 4
4 5 5 20.89 115.72
4.11 0 0 25 0
0 25 0 0 25
11.75 13.61 13.25 0 0
25 0 0 25 16.25
21.78 8.75 4 4 4
4 7 16.25 78.62 8.75
0 0 25 0 0
25 0 0 25 11.53
12.78 13.47 0 0 25
16.22 43.93 8.78 11.52 9.15
13.48 4 4 4 4
6 15.98 80.45 9.02 0
0 25 0 0 25
0 0 25 11.06 13.22
13.94 15.91 42.5 9.09 0
0 25 10.77 10.11 14.23
4 4 4 4 5
20.83 113.05 4.17 0 0
25 0 0 25 0
0 25 20.84 45.28 4.16
0 0 25 0 0
25 0 0 25 4
4 4 4 4 16.66
72.67 8.34 0 0 25
0 0 25 15.46 64.78
9.54 0 0 25 0
0 25 0 0 25
16.26 14.17 8.74 3 7
7 7 7 15.79 70.46
9.21 0 0 25 0
0 25 12.36 41.27 12.64
0 0 25 0 0
25 9.85 18.19 15.15 16.36
15.72 8.64 3 6 7
7 7 15.2 64.23 9.8
0 0 25 0 0
25 15.48 55.94 9.52 0
0 25 0 0 25
10.61 18.79 14.39 11.03 8.72
13.97 3 6 6 7
7 15.81 68.23 9.19 0
0 25 0 0 25
13.65 45.2 11.35 0 0
25 0 0 25 11.04
16.46 13.96 13.41 16.2 11.59
3 6 6 6 7
16.19 68.11 8.81 0 0
25 0 0 25 15.43
55.55 9.57 0 0 25
0 0 25 16.17 28.55
8.83 0 0 25 3
6 6 6 6 15.96
71.17 9.04 0 0 25
0 0 25 12.32 41.01
12.68 0 0 25 9.54
17.43 15.46 0 0 25
16.37 16.2 8.63 3 5
7 7 7 15.83 69.97
9.17 0 0 25 0
0 25 8.71 23.57 16.29
0 0 25 9.34 17.67
15.66 7.88 12.36 17.12 16.45
18.22 8.55 3 5 6
7 7 15.15 64.61 9.85
0 0 25 0 0
25 10.83 32.51 14.17 0
0 25 9.91 15.92 15.09
11.22 18.69 13.78 11.12 10.04
13.88 3 5 6 6
7 16.25 67.67 8.75 0
0 25 0 0 25
9.57 24.25 15.43 0 0
25 9.79 14.28 15.21 11.51
14.91 13.49 13.73 18.04 11.27
3 5 6 6 6
15.23 64.57 9.77 0 0
25 0 0 25 15.42
54.5 9.58 0 0 25
11.08 18.86 13.92 0 0
25 11.25 9.09 13.75 3
5 5 7 7 15.25
64.61 9.75 0 0 25
0 0 25 11.01 32.29
13.99 0 0 25 11.41
18.36 13.59 9.96 15.46 15.04
10.94 10.71 14.06 3 5
5 6 7 14.19 59.41
10.81 0 0 25 0
0 25 14.35 45.75 10.65
0 0 25 11.06 17.32
13.94 10.92 17.29 14.08 6.29
3.42 18.71 3 5 5
6 6 15.96 67.59 9.04
0 0 25 0 0
25 13.74 44.95 11.26 0
0 25 11.5 16.83 13.5
0 0 25 14.07 15.36
10.93 3 5 5 5
7 15.97 68.69 9.03 0
0 25 0 0 25
9.78 24.53 15.22 0 0
25 10.81 14.78 14.19 9.32
14.76 15.68 13.94 17.42 11.06
3 5 5 5 6
16.35 68.12 8.65 0 0
25 0 0 25 15.77
54.93 9.23 0 0 25
16.53 28.3 8.47 0 0
25 0 0 25 3
5 5 5 5 12.35
46.53 12.65 0 0 25
0 0 25 16.28 64.64
8.72 11.77 25.31 13.23 0
0 25 0 0 25
13.7 9.42 11.3 3 4
7 7 7 12.25 45.99
12.75 0 0 25 0
0 25 11.52 40.03 13.48
12.23 25.58 12.77 0 0
25 9.8 17.47 15.2 13.93
11.2 11.07 3 4 6
7 7 11.89 39.66 13.11
0 0 25 0 0
25 15.36 54.63 9.64 12.09
25.07 12.91 0 0 25
10.43 15.31 14.57 9.6 5.96
15.4 3 4 6 6
7 11.92 44.1 13.08 0
0 25 0 0 25
13.79 45.06 11.21 11.78 24.87
13.22 0 0 25 11.29
15.56 13.71 11.19 10.44 13.81
3 4 6 6 6
11.85 46.6 13.15 0 0
25 0 0 25 11.67
40.13 13.33 11.71 24.97 13.29
9.14 17.77 15.86 0 0
25 14.19 11.97 10.81 3
4 5 7 7 11.85
46.36 13.15 0 0 25
0 0 25 8.44 23.47
16.56 11.51 25.09 13.49 9.57
16.45 15.43 7.8 12.2 17.2
14.05 13.21 10.95 3 4
5 6 7 11.37 40.92
13.63 0 0 25 0
0 25 11.08 33.54 13.92
12 24.55 13 10.04 14.63
14.96 9.93 15.31 15.07 9.48
7.15 15.52 3 4 5
6 6 10.99 40.47 14.01
0 0 25 0 0
25 15.57 54.72 9.43 12.17
24.8 12.83 9.98 15.23 15.02
0 0 25 9.62 6.45
15.38 3 4 5 5
7 11.33 40.3 13.67 0
0 25 0 0 25
10.99 33.25 14.01 11.77 24.53
13.23 9.96 15.52 15.04 9.73
15.39 15.27 10.14 7.09 14.86
3 4 5 5 6
11.38 44.3 13.62 0 0
25 0 0 25 13.54
43.85 11.46 11.99 25.5 13.01
11.73 15.54 13.27 0 0
25 11.63 10.54 13.37 3
4 5 5 5 15
60.39 10 0 0 25
0 0 25 15.17 60.29
9.83 9.5 11.29 15.5 0
0 25 0 0 25
14.76 13.6 10.24 3 4
4 7 7 15.23 60.46
9.77 0 0 25 0
0 25 11.8 35.9 13.2
9.32 11.96 15.68 0 0
25 9.6 16.59 15.4 14.47
14.67 10.53 3 4 4
6 7 14.52 54.53 10.48
0 0 25 0 0
25 14.54 49.13 10.46 9.73
11.2 15.27 0 0 25
10.96 18.08 14.04 9.72 7.59
15.28 3 4 4 6
6 15.62 60.99 9.38 0
0 25 0 0 25
11.16 35.06 13.84 9.43 11.18
15.57 9.84 17.27 15.16 0
0 25 14.56 14.89 10.44
3 4 4 5 7
15 60.28 10 0 0
25 0 0 25 7.48
19.39 17.52 9.82 10.59 15.18
9.5 15.42 15.5 8.21 12.05
16.79 14.95 17.31 10.05 3
4 4 5 6 14.65
54.83 10.35 0 0 25
0 0 25 15.03 49.09
9.97 9.5 10.95 15.5 11.13
17.91 13.87 0 0 25
9.7 7.21 15.3 3 4
4 5 5 13.5 50.03
11.5 0 0 25 0
0 25 15.9 62.75 9.1
15.09 25.71 9.91 0 0
25 0 0 25 9.66
7.36 15.34 3 4 4
4 7 14.06 50 10.94
0 0 25 0 0
25 11.83 38.89 13.17 15.21
25.67 9.79 0 0 25
9.35 16.82 15.65 9.75 8.42
15.25 3 4 4 4
6 13.52 50.8 11.48 0
0 25 0 0 25
12.18 39.07 12.82 15.47 24.85
9.53 9.57 16.91 15.43 0
0 25 9.55 8.08 15.45
3 4 4 4 5
16.19 61.48 8.81 0 0
25 0 0 25 15.75
61.28 9.25 11.37 11.69 13.63
0 0 25 0 0
25 11.33 10.91 13.67 3
4 4 4 4 20.09
95.7 4.91 0 0 25
0 0 25 9.56 28.93
15.44 0 0 25 0
0 25 0 0 25
18.29 27.43 6.71 3 3
7 7 7 18.48 81.39
6.52 0 0 25 0
0 25 7.46 18.78 17.54
0 0 25 0 0
25 14.3 34.96 10.7 12.13
12.5 12.87 3 3 6
7 7 20.38 91.6 4.62
0 0 25 0 0
25 9.5 24.04 15.5 0
0 25 0 0 25
7.49 9.53 17.51 15.16 22.3
9.84 3 3 6 6
7 19.98 88.78 5.02 0
0 25 0 0 25
9.26 21.37 15.74 0 0
25 0 0 25 18.54
42.07 6.46 0 0 25
3 3 6 6 6
18.75 80.8 6.25 0 0
25 0 0 25 7.84
18.86 17.16 0 0 25
14.67 34.45 10.33 0 0
25 12.18 12.45 12.82 3
3 5 7 7 16.94
69.58 8.06 0 0 25
0 0 25 6.33 10.77
18.67 0 0 25 14.59
33.14 10.41 11.22 22.7 13.78
8.23 6.5 16.77 3 3
5 6 7 18.45 78.78
6.55 0 0 25 0
0 25 7.48 15.15 17.52
0 0 25 14.71 32.38
10.29 8 8.68 17 8.27
8.1 16.73 3 3 5
6 6 20.28 91.26 4.72
0 0 25 0 0
25 9.97 23.65 15.03 0
0 25 7.51 9.52 17.49
0 0 25 15.32 22.49
9.68 3 3 5 5
7 18.67 78.25 6.33 0
0 25 0 0 25
7.88 15.13 17.12 0 0
25 7.91 8.47 17.09 14.78
31.61 10.22 8.8 8.5 16.2
3 3 5 5 6
20.45 88.37 4.55 0 0
25 0 0 25 9.55
21.48 15.45 0 0 25
18.45 41.7 6.55 0 0
25 0 0 25 3
3 5 5 5 15.3
63.64 9.7 0 0 25
0 0 25 9.7 28.15
15.3 15.32 36.48 9.68 0
0 25 0 0 25
14.28 17.13 10.72 3 3
4 7 7 13.7 53.24
11.3 0 0 25 0
0 25 7.38 18.26 17.62
15.04 34.75 9.96 0 0
25 12.83 27.68 12.17 9.97
7.15 15.03 3 3 4
6 7 14.65 61.48 10.35
0 0 25 0 0
25 9.48 23.52 15.52 15.18
34.28 9.82 0 0 25
7.98 9.24 17.02 11.63 12.56
13.37 3 3 4 6
6 14.23 52.53 10.77 0
0 25 0 0 25
7.63 19.19 17.37 14.89 34.88
10.11 12.67 27.24 12.33 0
0 25 9.54 7.2 15.46
3 3 4 5 7
12.34 41.83 12.66 0 0
25 0 0 25 5.76
10.58 19.24 15 36.05 10
12.78 27.39 12.22 9.46 16.09
15.54 7.38 5.34 17.62 3
3 4 5 6 15.25
61.28 9.75 0 0 25
0 0 25 9.58 23.63
15.42 15.06 34.85 9.94 7.91
8.93 17.09 0 0 25
10.71 12.8 14.29 3 3
4 5 5 19.51 83.69
5.49 0 0 25 0
0 25 9.21 28.39 15.79
9.51 10.71 15.49 0 0
25 0 0 25 16.52
22.46 8.48 3 3 4
4 7 17.78 69.82 7.22
0 0 25 0 0
25 7.9 17.71 17.1 10.02
10.25 14.98 0 0 25
14.94 33.56 10.06 9.68 8.34
15.32 3 3 4 4
6 17.86 70.66 7.14 0
0 25 0 0 25
7.8 17.46 17.2 9.58 10.64
15.42 14.5 33.57 10.5 0
0 25 9.54 8.39 15.46
3 3 4 4 5
17.59 73.34 7.41 0 0
25 0 0 25 9.75
27.77 15.25 17.7 33.09 7.3
0 0 25 0 0
25 10.03 10.73 14.97 3
3 4 4 4 18.47
73.01 6.53 0 0 25
0 0 25 17.99 65.95
7.01 0 0 25 0
0 25 0 0 25
11.88 12.7 13.12 3 3
3 7 7 18.79 73.88
6.21 0 0 25 0
0 25 13.54 41.08 11.46
0 0 25 0 0
25 9.35 16.59 15.65 12.03
14.74 12.97 3 3 3
6 7 18.19 72.2 6.81
0 0 25 0 0
25 17.78 57.8 7.22 0
0 25 0 0 25
12.08 21.95 12.92 0 0
25 3 3 3 6
6 18.91 73.22 6.09 0
0 25 0 0 25
13.66 39.43 11.34 0 0
25 9.79 17.45 15.21 0
0 25 11.91 15.63 13.09
3 3 3 5 7
18.41 73.1 6.59 0 0
25 0 0 25 9.54
19.94 15.46 0 0 25
9.61 14.85 15.39 9.59 15.16
15.41 11.63 18.17 13.37 3
3 3 5 6 18.31
71.82 6.69 0 0 25
0 0 25 17.86 57.83
7.14 0 0 25 12.18
22 12.82 0 0 25
0 0 25 3 3
3 5 5 13.72 46.56
11.28 0 0 25 0
0 25 17.76 64.72 7.24
13.36 26.72 11.64 0 0
25 0 0 25 9.57
7.59 15.43 3 3 3
4 7 13.56 45.69 11.44
0 0 25 0 0
25 13.93 40.12 11.07 13.85
26.05 11.15 0 0 25
9.61 16.9 15.39 9.97 10.32
15.03 3 3 3 4
6 13.41 47.04 11.59 0
0 25 0 0 25
13.31 39.96 11.69 13.66 26.54
11.34 9.62 16.61 15.38 0
0 25 9.42 10.43 15.58
3 3 3 4 5
18.13 62.98 6.87 0 0
25 0 0 25 17.87
62.85 7.13 9.6 9.82 15.4
0 0 25 0 0
25 9.43 9.32 15.57 3
3 3 4 4 20.67
86.83 4.33 0 0 25
0 0 25 11.14 33.3
13.86 0 0 25 0
0 25 0 0 25
16.12 31.94 8.88 3 3
3 3 7 21.16 83.34
3.84 0 0 25 0
0 25 11.24 27.31 13.76
0 0 25 0 0
25 16.24 40.71 8.76 0
0 25 3 3 3
3 6 20.69 83.94 4.31
0 0 25 0 0
25 11.79 27.82 13.21 0
0 25 16.09 39.67 8.91
0 0 25 0 0
25 3 3 3 3
5 15.64 59.83 9.36 0
0 25 0 0 25
11.62 32.9 13.38 15.86 34.78
9.14 0 0 25 0
0 25 11.46 17.91 13.54
3 3 3 3 4
20.91 79.07 4.09 0 0
25 0 0 25 21.13
78.89 3.87 0 0 25
0 0 25 0 0
25 0 0 25 3
3 3 3 3 15.94
70.79 9.06 0 0 25
16.03 64.87 8.97 0 0
25 0 0 25 0
0 25 0 0 25
16.66 15.71 8.34 2 7
7 7 7 15.8 70.22
9.2 0 0 25 11.96
41.47 13.04 0 0 25
0 0 25 0 0
25 9.44 17.91 15.56 16.35
16.85 8.65 2 6 7
7 7 15.44 64.42 9.56
0 0 25 15.02 55.33
9.98 0 0 25 0
0 25 0 0 25
11.27 18.11 13.73 11.33 9.08
13.67 2 6 6 7
7 15.97 68.01 9.03 0
0 25 13.88 45.27 11.12
0 0 25 0 0
25 0 0 25 11.17
16.04 13.83 13.61 16.05 11.39
2 6 6 6 7
16.4 66.72 8.6 0 0
25 16.65 54.94 8.35 0
0 25 0 0 25
0 0 25 16.25 29.04
8.75 0 0 25 2
6 6 6 6 11.85
45.71 13.15 0 0 25
16.11 64.56 8.89 0 0
25 0 0 25 12.47
25.64 12.53 0 0 25
13.86 9.8 11.14 2 5
7 7 7 11.67 44.67
13.33 0 0 25 12.16
40.66 12.84 0 0 25
0 0 25 12.02 25.28
12.98 9.59 17.86 15.41 14.28
11.81 10.72 2 5 6
7 7 11.15 40.09 13.85
0 0 25 15.38 54.41
9.62 0 0 25 0
0 25 12.43 25.29 12.57
10.54 15.02 14.46 9.79 5.9
15.21 2 5 6 6
7 11.8 44.83 13.2 0
0 25 13.79 44.64 11.21
0 0 25 0 0
25 11.79 24.12 13.21 11.28
15.39 13.72 11.47 10.89 13.53
2 5 6 6 6
15.03 60.77 9.97 0 0
25 15.04 59.1 9.96 0
0 25 0 0 25
9.72 12.53 15.28 0 0
25 14.63 13.18 10.37 2
5 5 7 7 15.07
61.39 9.93 0 0 25
11.39 35.55 13.61 0 0
25 0 0 25 9.61
10.6 15.39 9.71 16.79 15.29
14.69 15.2 10.31 2 5
5 6 7 14.94 55.69
10.06 0 0 25 14.37
48.33 10.63 0 0 25
0 0 25 9.67 11.14
15.33 11.03 18.05 13.97 9.56
7.22 15.44 2 5 5
6 6 13.77 49.73 11.23
0 0 25 16.25 62.42
8.75 0 0 25 0
0 25 15.9 25.95 9.1
0 0 25 9.72 6.26
15.28 2 5 5 5
7 13.51 51.34 11.49 0
0 25 11.98 39.23 13.02
0 0 25 0 0
25 15.27 25.01 9.73 9.38
16.67 15.62 9.58 8.03 15.42
2 5 5 5 6
15.79 62.28 9.21 0 0
25 15.44 61.96 9.56 0
0 25 0 0 25
11.2 10.33 13.8 0 0
25 11.65 11.35 13.35 2
5 5 5 5 16.01
71 8.99 0 0 25
12.02 40.77 12.98 0 0
25 9.89 17.61 15.11 0
0 25 0 0 25
16.18 16.52 8.82 2 4
7 7 7 15.75 70.27
9.25 0 0 25 8.72
23.33 16.28 0 0 25
9.71 17.16 15.29 0 0
25 7.89 11.7 17.11 16.27
19.2 8.73 2 4 6
7 7 15.45 64.47 9.55
0 0 25 10.89 32.57
14.11 0 0 25 9.66
16.13 15.34 0 0 25
11.73 17.86 13.27 10.94 10.3
14.06 2 4 6 6
7 16.36 68.24 8.64 0
0 25 9.97 23.58 15.03
0 0 25 9.24 14.96
15.76 0 0 25 11.05
14.87 13.95 13.94 17.79 11.06
2 4 6 6 6
11.73 46.63 13.27 0 0
25 11.67 40.73 13.33 0
0 25 9.53 17.4 15.47
11.76 24.9 13.24 0 0
25 14.19 11.46 10.81 2
4 5 7 7 11.93
45.45 13.07 0 0 25
8.61 24.03 16.39 0 0
25 9.76 16.59 15.24 12.02
25.32 12.98 7.58 11.53 17.42
13.87 13.31 11.13 2 4
5 6 7 11.36 39.85
13.64 0 0 25 11.27
33.16 13.73 0 0 25
9.61 15.03 15.39 12.05 25.13
12.95 10.33 15.83 14.67 9.2
7.18 15.8 2 4 5
6 6 14.62 60.41 10.38
0 0 25 11.21 35.5
13.79 0 0 25 9.81
17 15.19 9.84 11.48 15.16
0 0 25 14.92 15.21
10.08 2 4 5 5
7 15.41 60.12 9.59 0
0 25 7.85 19.33 17.15
0 0 25 9.62 16.38
15.38 9.4 10.62 15.6 8.09
11.49 16.91 14.78 16.91 10.22
2 4 5 5 6
13.83 50.22 11.17 0 0
25 12.25 38.77 12.75 0
0 25 9.49 16.62 15.51
15.81 25.02 9.19 0 0
25 9.96 8.03 15.04 2
4 5 5 5 15.54
64.39 9.46 0 0 25
15 55.19 10 0 0
25 11.08 18.83 13.92 0
0 25 0 0 25
11.06 8.91 13.94 2 4
4 7 7 15.51 64.49
9.49 0 0 25 11.2
32.42 13.8 0 0 25
11.28 17.91 13.72 0 0
25 9.25 16.26 15.75 11.21
10.47 13.79 2 4 4
6 7 14.29 58.65 10.71
0 0 25 14.27 46.39
10.73 0 0 25 10.49
17.89 14.51 0 0 25
10.63 17.87 14.37 6.27 3.25
18.73 2 4 4 6
6 11.06 40.29 13.94 0
0 25 14.9 55.79 10.1
0 0 25 10.98 18.1
14.02 11.32 21.95 13.68 0
0 25 9.6 6.01 15.4
2 4 4 5 7
11.17 40.89 13.83 0 0
25 11.18 33.1 13.82 0
0 25 10.92 17.93 14.08
10.72 22.63 14.28 9.48 15.24
15.52 9.12 7.62 15.88 2
4 4 5 6 14.83
55.21 10.17 0 0 25
14.32 48.5 10.68 0 0
25 11.22 18.16 13.78 9.79
11.18 15.21 0 0 25
9.58 7.21 15.42 2 4
4 5 5 16.01 67.34
8.99 0 0 25 14
45.62 11 0 0 25
11.63 16.56 13.37 0 0
25 0 0 25 13.53
15.31 11.47 2 4 4
4 7 15.78 67.56 9.22
0 0 25 9.33 24
15.67 0 0 25 11.7
15.37 13.3 0 0 25
9.55 15.3 15.45 13.66 17.75
11.34 2 4 4 4
6 11.75 43.94 13.25 0
0 25 13.49 45.51 11.51
0 0 25 11.51 15.75
13.49 11.52 24.73 13.48 0
0 25 11.34 10.46 13.66
2 4 4 4 5
15.84 66.75 9.16 0 0
25 15.94 56.79 9.06 0
0 25 16.47 28.21 8.53
0 0 25 0 0
25 0 0 25 2
4 4 4 4 12.03
36.04 12.97 0 0 25
12 34.96 13 12.17 34.63
12.83 0 0 25 0
0 25 9.78 22.88 15.22
13.8 11.71 11.2 2 3
7 7 7 11.85 35.42
13.15 0 0 25 15.55
53.18 9.45 11.84 35.16 13.16
0 0 25 0 0
25 7.51 11.15 17.49 10.61
7.73 14.39 2 3 6
7 7 11.93 36.1 13.07
0 0 25 13.39 42.08
11.61 11.25 29.32 13.75 0
0 25 0 0 25
11.35 19.42 13.65 12.4 12.76
12.6 2 3 6 6
7 11.88 34.59 13.12 0
0 25 15.93 54.32 9.07
12 33.5 13 0 0
25 0 0 25 14.01
23.77 10.99 0 0 25
2 3 6 6 6
12.25 36.12 12.75 0 0
25 12.03 35.76 12.97 8.94
18.92 16.06 0 0 25
9.42 16.57 15.58 7.62 15.8
17.38 13.39 13.18 11.61 2
3 5 7 7 12.24
35.09 12.76 0 0 25
14.37 46.96 10.63 8.76 19.62
16.24 0 0 25 9.35
14.66 15.65 8.06 10.65 16.94
10.75 9.49 14.25 2 3
5 6 7 11.94 35.86
13.06 0 0 25 12.53
36.83 12.47 8.49 16.43 16.51
0 0 25 9.43 13.88
15.57 11.23 16.94 13.77 12.36
14.08 12.64 2 3 5
6 6 11.29 31.12 13.71
0 0 25 12.09 34.82
12.91 11.39 26.98 13.61 0
0 25 10.06 14.3 14.94
9.91 20.74 15.09 9.58 7.72
15.42 2 3 5 5
7 11.15 30.91 13.85 0
0 25 15.48 50.93 9.52
11.12 27.05 13.88 0 0
25 10.51 14.44 14.49 7.89
10.41 17.11 6.29 3.82 18.71
2 3 5 5 6
12.11 34.41 12.89 0 0
25 11.81 34.52 13.19 9.48
19.48 15.52 0 0 25
11.25 12.65 13.75 9.73 19.74
15.27 11.92 12.9 13.08 2
3 5 5 5 11.77
35.88 13.23 0 0 25
8.98 20.27 16.02 11.85 35.35
13.15 9.26 16.64 15.74 0
0 25 7.77 16.38 17.23
13.54 12.31 11.46 2 3
4 7 7 11.63 36.23
13.37 0 0 25 11.48
31.75 13.52 11.69 34.34 13.31
9.77 14.67 15.23 0 0
25 7.74 11.06 17.26 10.46
9.18 14.54 2 3 4
6 7 11.67 35.71 13.33
0 0 25 9.68 22.76
15.32 11.08 30.27 13.92 9.53
14.61 15.47 0 0 25
11.27 17.75 13.73 11.76 13.91
13.24 2 3 4 6
6 12.09 35.59 12.91 0
0 25 8.66 19.37 16.34
8.51 18.77 16.49 9.2 15.59
15.8 9.84 16.14 15.16 6.18
10.86 18.82 14.27 14.93 10.73
2 3 4 5 7
11.98 35.74 13.02 0 0
25 10.58 26.38 14.42 8.54
19.55 16.46 9.26 15.17 15.74
9.37 14.58 15.63 7.62 10.68
17.38 10.06 10.49 14.94 2
3 4 5 6 11.57
31.29 13.43 0 0 25
8.72 19.73 16.28 11.07 27.51
13.93 9.42 15.06 15.58 10.06
13.62 14.94 8.14 14.7 16.86
9.84 9.27 15.16 2 3
4 5 5 11.75 31.97
13.25 0 0 25 11.36
26.9 13.64 11.96 34.68 13.04
10.14 13.83 14.86 0 0
25 9.77 20.03 15.23 9.78
7.83 15.22 2 3 4
4 7 10.96 31.35 14.04
0 0 25 14.46 43.37
10.54 12.09 33.89 12.91 10.56
14.29 14.44 0 0 25
8.12 11.28 16.88 5.72 3.91
19.28 2 3 4 4
6 11.31 31.38 13.69 0
0 25 11.02 27.67 13.98
8.53 19.68 16.47 10.39 14.18
14.61 9.29 14.97 15.71 7.58
14.67 17.42 9.65 9.68 15.35
2 3 4 4 5
12.09 33.99 12.91 0 0
25 9.97 19.3 15.03 11.89
33.83 13.11 11.77 13.19 13.23
0 0 25 9.92 19.62
15.08 11.74 12.69 13.26 2
3 4 4 4 15.64
50.11 9.36 0 0 25
15.19 48.27 9.81 7.91 17.61
17.09 0 0 25 0
0 25 7.71 15.5 17.29
11.28 10.78 13.72 2 3
3 7 7 15.08 51.46
9.92 0 0 25 13.37
38.42 11.63 10.08 23.03 14.92
0 0 25 0 0
25 7.73 11.04 17.27 12.69
17.1 12.31 2 3 3
6 7 15.33 50.48 9.67
0 0 25 15.39 45.27
9.61 9.65 21.07 15.35 0
0 25 0 0 25
14.36 28.45 10.64 0 0
25 2 3 3 6
6 13.51 41.14 11.49 0
0 25 15.05 48.97 9.95
5.61 9.18 19.39 0 0
25 13.28 24.66 11.72 6.07
9.14 18.93 8.01 5.38 16.99
2 3 3 5 7
13.81 40.42 11.19 0 0
25 13.99 38.4 11.01 7.51
15.2 17.49 0 0 25
12.65 23.78 12.35 8.09 11.01
16.91 7.47 7.67 17.53 2
3 3 5 6 15.15
48.09 9.85 0 0 25
15.45 46.94 9.55 7.89 14.02
17.11 0 0 25 7.81
7.87 17.19 7.81 13.42 17.19
7.66 7.89 17.34 2 3
3 5 5 15.41 49.4
9.59 0 0 25 11.4
29.09 13.6 7.98 16.88 17.02
9.43 13.93 15.57 0 0
25 8.05 14.62 16.95 11.6
12.21 13.4 2 3 3
4 7 15.36 48.93 9.64
0 0 25 9.73 20.28
15.27 9.68 22.7 15.32 9.57
12.71 15.43 0 0 25
7.72 10.74 17.28 12.98 19.6
12.02 2 3 3 4
6 13.76 40.11 11.24 0
0 25 11.1 28.43 13.9
6.29 9.71 18.71 9.87 13.68
15.13 12.7 24.48 12.3 5.83
9.24 19.17 7.65 7.15 17.35
2 3 3 4 5
14.58 45.32 10.42 0 0
25 14.61 40.19 10.39 8.06
16.5 16.94 11.68 15.62 13.32
0 0 25 7.61 14.42
17.39 6.44 4.97 18.56 2
3 3 4 4 14.02
36.77 10.98 0 0 25
13.72 35.72 11.28 13.92 35.85
11.08 0 0 25 0
0 25 9.49 19.55 15.51
9.82 11.14 15.18 2 3
3 3 7 13.82 36.4
11.18 0 0 25 15.92
49.26 9.08 15.81 43.11 9.19
0 0 25 0 0
25 9.95 15.73 15.05 0
0 25 2 3 3
3 6 13.69 36.21 11.31
0 0 25 13.47 37.24
11.53 9.81 17.31 15.19 0
0 25 9.96 13.29 15.04
9.4 17.61 15.6 9.29 12.72
15.71 2 3 3 3
5 13.58 36.04 11.42 0
0 25 9.27 18.91 15.73
13.96 36.55 11.04 9.41 12.25
15.59 0 0 25 9.82
18.63 15.18 9.63 11.95 15.37
2 3 3 3 4
15.93 47.39 9.07 0 0
25 16.12 47.28 8.88 11.1
25.49 13.9 0 0 25
0 0 25 11.45 25.24
13.55 0 0 25 2
3 3 3 3 20.25
94.7 4.75 0 0 25
9.61 28.92 15.39 0 0
25 0 0 25 0
0 25 0 0 25
19.24 27.28 5.76 2 2
7 7 7 18.59 82.13
6.41 0 0 25 7.46
19.49 17.54 0 0 25
0 0 25 0 0
25 14.17 33.59 10.83 12.21
12.36 12.79 2 2 6
7 7 19.94 91.15 5.06
0 0 25 9.98 24.17
15.02 0 0 25 0
0 25 0 0 25
7.71 9.29 17.29 15.4 22.36
9.6 2 2 6 6
7 20.36 89.66 4.64 0
0 25 9.33 21.34 15.67
0 0 25 0 0
25 0 0 25 18.3
41.01 6.7 0 0 25
2 2 6 6 6
14.71 63.94 10.29 0 0
25 9.66 28.77 15.34 0
0 25 0 0 25
15.53 35.39 9.47 0 0
25 14.93 17.07 10.07 2
2 5 7 7 13.9
52.26 11.1 0 0 25
8.01 18.63 16.99 0 0
25 0 0 25 15.25
34.35 9.75 13.35 27.19 11.65
9.75 7.31 15.25 2 2
5 6 7 15.18 61.26
9.82 0 0 25 9.34
23.96 15.66 0 0 25
0 0 25 14.88 33.63
10.12 7.79 9.8 17.21 11.35
12.81 13.65 2 2 5
6 6 19.09 83.37 5.91
0 0 25 10.08 27.8
14.92 0 0 25 0
0 25 9.67 10.78 15.33
0 0 25 16.04 23.17
8.96 2 2 5 5
7 17.93 70.83 7.07 0
0 25 7.99 18.12 17.01
0 0 25 0 0
25 9.45 10.06 15.55 14.95
32.48 10.05 9.78 8.41 15.22
2 2 5 5 6
17.53 73.35 7.47 0 0
25 9.52 27.59 15.48 0
0 25 0 0 25
17.71 33.5 7.29 0 0
25 9.41 11.39 15.59 2
2 5 5 5 18.54
82.11 6.46 0 0 25
7.81 19.17 17.19 0 0
25 14.33 34.58 10.67 0
0 25 0 0 25
11.46 12 13.54 2 2
4 7 7 16.84 69.95
8.16 0 0 25 6.14
10.51 18.86 0 0 25
14.43 33.44 10.57 0 0
25 10.8 22.3 14.2 9.05
6.54 15.95 2 2 4
6 7 18.46 78.42 6.54
0 0 25 8.06 15.49
16.94 0 0 25 14.43
31.44 10.57 0 0 25
7.89 8.98 17.11 8.22 8.61
16.78 2 2 4 6
6 13.87 52.56 11.13 0
0 25 7.86 18.99 17.14
0 0 25 14.32 33.65
10.68 13.68 28.55 11.32 0
0 25 9.37 7.15 15.63
2 2 4 5 7
12.08 41.8 12.92 0 0
25 6.03 10.23 18.97 0
0 25 14.82 33.34 10.18
13.82 28.64 11.18 9.56 16.6
15.44 7.95 5.13 17.05 2
2 4 5 6 17.95
70.26 7.05 0 0 25
7.78 18.66 17.22 0 0
25 14.6 33.31 10.4 9.52
10.13 15.48 0 0 25
9.48 8.31 15.52 2 2
4 5 5 19.73 91.04
5.27 0 0 25 9.46
24.5 15.54 0 0 25
7.97 9.91 17.03 0 0
25 0 0 25 15.04
22.35 9.96 2 2 4
4 7 18.78 78.44 6.22
0 0 25 7.88 15.53
17.12 0 0 25 7.67
8.16 17.33 0 0 25
14.6 31.94 10.4 8.37 8.63
16.63 2 2 4 4
6 14.91 61.93 10.09 0
0 25 9.1 23.51 15.9
0 0 25 8.02 9.72
16.98 15.1 34.36 9.9 0
0 25 11.02 12.33 13.98
2 2 4 4 5
20.4 89.08 4.6 0 0
25 9.59 21.85 15.41 0
0 25 18.49 40.59 6.51
0 0 25 0 0
25 0 0 25 2
2 4 4 4 15.18
49.9 9.82 0 0 25
7.84 17.62 17.16 14.86 49.33
10.14 0 0 25 0
0 25 7.86 15.34 17.14
11.3 10.77 13.7 2 2
3 7 7 15.05 50.38
9.95 0 0 25 9.43
23.23 15.57 13.83 39.34 11.17
0 0 25 0 0
25 7.83 11.92 17.17 12.73
16.26 12.27 2 2 3
6 7 15.33 49.09 9.67
0 0 25 9.65 21.44
15.35 15.25 45.27 9.75 0
0 25 0 0 25
15.02 28.95 9.98 0 0
25 2 2 3 6
6 15.12 51.17 9.88 0
0 25 7.68 16.74 17.32
11.04 28.91 13.96 0 0
25 9.58 14.02 15.42 7.52
15.05 17.48 10.71 12.46 14.29
2 2 3 5 7
15.66 51.09 9.34 0 0
25 9.75 22.4 15.25 9.5
19.35 15.5 0 0 25
9.76 12.82 15.24 8.09 10.59
16.91 12.85 18.14 12.15 2
2 3 5 6 14.52
46.47 10.48 0 0 25
7.73 16.41 17.27 14.32 40.23
10.68 0 0 25 11.22
14.85 13.78 8.29 15.02 16.71
6.06 4.88 18.94 2 2
3 5 5 13.77 40.98
11.23 0 0 25 5.91
9.54 19.09 15.24 48.76 9.76
12.94 24.72 12.06 0 0
25 6.24 9.21 18.76 7.42
5.27 17.58 2 2 3
4 7 13.71 40.61 11.29
0 0 25 8.08 14.87
16.92 13.32 38.16 11.68 12.73
24.12 12.27 0 0 25
7.99 10.73 17.01 7.83 7.85
17.17 2 2 3 4
6 13.81 40.24 11.19 0
0 25 6.17 9.69 18.83
11.15 28.37 13.85 12.57 25.03
12.43 9.38 13.75 15.62 6.02
8.84 18.98 7.64 7.34 17.36
2 2 3 4 5
15.35 47.77 9.65 0 0
25 7.61 13.34 17.39 15.62
47.86 9.38 7.71 7.73 17.29
0 0 25 7.87 13.6
17.13 7.83 7.71 17.17 2
2 3 4 4 19.5
70.22 5.5 0 0 25
9.62 22.05 15.38 9.4 22.19
15.6 0 0 25 0
0 25 3.98 4.87 21.02
14.73 23.44 10.27 2 2
3 3 7 19.21 67.63
5.79 0 0 25 9.74
19.84 15.26 9.91 20.02 15.09
0 0 25 0 0
25 16.39 37.26 8.61 0
0 25 2 2 3
3 6 17.57 58.28 7.43
0 0 25 9.37 22.02
15.63 7.77 14.24 17.23 0
0 25 14.52 28.59 10.48
4.47 4.79 20.53 8.11 10.27
16.89 2 2 3 3
5 17.59 59.1 7.41 0
0 25 7.38 13.73 17.62
9.7 21.99 15.3 14.77 28.63
10.23 0 0 25 4.27
4.9 20.73 7.75 10.19 17.25
2 2 3 3 4
17.65 53.54 7.35 0 0
25 9.52 18.7 15.48 18.05
53.91 6.95 0 0 25
0 0 25 9.22 19.41
15.78 0 0 25 2
2 3 3 3 18.73
73.87 6.27 0 0 25
17.59 65.39 7.41 0 0
25 0 0 25 0
0 25 0 0 25
11.79 12.63 13.21 2 2
2 7 7 18.51 72.59
6.49 0 0 25 13.92
40.57 11.08 0 0 25
0 0 25 0 0
25 9.71 16.68 15.29 12.02
16 12.98 2 2 2
6 7 18.71 71.71 6.29
0 0 25 18.06 58.09
6.94 0 0 25 0
0 25 0 0 25
11.5 21.93 13.5 0 0
25 2 2 2 6
6 13.37 46.8 11.63 0
0 25 17.97 64.08 7.03
0 0 25 0 0
25 13.61 27.42 11.39 0
0 25 9.41 7.34 15.59
2 2 2 5 7
14.14 45.96 10.86 0 0
25 13.3 40.41 11.7 0
0 25 0 0 25
13.63 26.71 11.37 9.8 15.87
15.2 9.77 10.41 15.23 2
2 2 5 6 17.68
62.64 7.32 0 0 25
17.93 63.37 7.07 0 0
25 0 0 25 10.12
8.98 14.88 0 0 25
9.52 9.76 15.48 2 2
2 5 5 19.06 73.27
5.94 0 0 25 13.92
40.06 11.08 0 0 25
9.84 16.78 15.16 0 0
25 0 0 25 11.72
15.35 13.28 2 2 2
4 7 18.45 73.71 6.55
0 0 25 9.44 20.06
15.56 0 0 25 9.25
14.5 15.75 0 0 25
9.78 14.67 15.22 11.85 18.29
13.15 2 2 2 4
6 13.48 45.53 11.52 0
0 25 13.58 39.81 11.42
0 0 25 9.51 16.85
15.49 13.78 27 11.22 0
0 25 9.92 10.54 15.08
2 2 2 4 5
18.99 72.02 6.01 0 0
25 17.51 57.03 7.49 0
0 25 11.99 22.46 13.01
0 0 25 0 0
25 0 0 25 2
2 2 4 4 13.59
35.42 11.41 0 0 25
14.14 36.91 10.86 13.59 36.55
11.41 0 0 25 0
0 25 9.54 19.49 15.46
9.63 11.14 15.37 2 2
2 3 7 13.32 36.5
11.68 0 0 25 17.88
56.7 7.12 13.62 36.17 11.38
0 0 25 0 0
25 9.42 16.39 15.58 0
0 25 2 2 2
3 6 13.69 36.11 11.31
0 0 25 13.95 36.53
11.05 9.53 18.21 15.47 0
0 25 9.72 12.62 15.28
9.46 18.22 15.54 9.44 12.52
15.56 2 2 2 3
5 13.81 37.23 11.19 0
0 25 9.06 17.08 15.94
13.68 36.63 11.32 9.46 13.17
15.54 0 0 25 9.54
17.58 15.46 9.62 13.14 15.38
2 2 2 3 4
17.81 53.68 7.19 0 0
25 17.86 52.92 7.14 9.66
19.3 15.34 0 0 25
0 0 25 9.33 19.44
15.67 0 0 25 2
2 2 3 3 20.87
88.06 4.13 0 0 25
11.45 33.53 13.55 0 0
25 0 0 25 0
0 25 0 0 25
15.57 30.52 9.43 2 2
2 2 7 20.77 84.06
4.23 0 0 25 11.51
27.79 13.49 0 0 25
0 0 25 0 0
25 15.99 39.88 9.01 0
0 25 2 2 2
2 6 16.04 60.07 8.96
0 0 25 11.81 32.21
13.19 0 0 25 0
0 25 16.04 34.07 8.96
0 0 25 11.73 18.03
13.27 2 2 2 2
5 21.09 84.19 3.91 0
0 25 11.42 26.48 13.58
0 0 25 16.15 40.67
8.85 0 0 25 0
0 25 0 0 25
2 2 2 2 4
15.94 46.66 9.06 0 0
25 11.2 25.77 13.8 16.2
47.71 8.8 0 0 25
0 0 25 11.32 25.2
13.68 0 0 25 2
2 2 2 3 20.63
78.69 4.37 0 0 25
20.93 79.75 4.07 0 0
25 0 0 25 0
0 25 0 0 25
0 0 25 2 2
2 2 2 16.28 71.9
8.72 15.89 65.57 9.11 0
0 25 0 0 25
0 0 25 0 0
25 0 0 25 15.97
14.39 9.03 1 7 7
7 7 11.89 45.35 13.11
16.1 65.78 8.9 0 0
25 0 0 25 0
0 25 0 0 25
11.8 25.34 13.2 13.59 10.15
11.41 1 6 7 7
7 15.13 60.43 9.87 15.23
59.13 9.77 0 0 25
0 0 25 0 0
25 0 0 25 9.56
12.14 15.44 14.88 13.5 10.12
1 6 6 7 7
13.61 50.79 11.39 15.56 61.96
9.44 0 0 25 0
0 25 0 0 25
0 0 25 15.66 25.47
9.34 10.2 6.75 14.8 1
6 6 6 7 15.86
61.68 9.14 16.29 61.03 8.71
0 0 25 0 0
25 0 0 25 0
0 25 11.35 10.77 13.65
11.7 11.32 13.3 1 6
6 6 6 15.96 70.67
9.04 12.44 40.99 12.56 0
0 25 0 0 25
0 0 25 9.61 18.07
15.39 0 0 25 16.34
15.92 8.66 1 5 7
7 7 11.99 46.67 13.01
11.73 40.14 13.27 0 0
25 0 0 25 0
0 25 9.7 17.9 15.3
11.65 24.83 13.35 13.63 11.76
11.37 1 5 6 7
7 15.35 59.99 9.65 11.23
35.97 13.77 0 0 25
0 0 25 0 0
25 9.67 16.75 15.33 9.65
11.43 15.35 14.83 15.13 10.17
1 5 6 6 7
13.67 50.34 11.33 12.42 39.56
12.58 0 0 25 0
0 25 0 0 25
9.77 16.58 15.23 15.4 24.87
9.6 9.43 7.96 15.57 1
5 6 6 6 15.18
63.69 9.82 15.37 55.47 9.63
0 0 25 0 0
25 0 0 25 11.53
18.65 13.47 0 0 25
11.09 9.02 13.91 1 5
5 7 7 10.94 40.48
14.06 15.04 54.92 9.96 0
0 25 0 0 25
0 0 25 11.04 18.37
13.96 10.8 22.37 14.2 9.75
6.29 15.25 1 5 5
6 7 14.52 54.71 10.48
14.31 49.04 10.69 0 0
25 0 0 25 0
0 25 11.07 17.76 13.93
9.8 11.42 15.2 9.7 7.67
15.3 1 5 5 6
6 16.15 68.57 8.85 13.96
44.71 11.04 0 0 25
0 0 25 0 0
25 11.25 15.91 13.75 0
0 25 14.2 15.25 10.8
1 5 5 5 7
11.91 43.57 13.09 13.48 45.13
11.52 0 0 25 0
0 25 0 0 25
11.37 15.71 13.63 12.28 23.99
12.72 11.65 10.91 13.35 1
5 5 5 6 16.06
67.12 8.94 15.63 55.43 9.37
0 0 25 0 0
25 0 0 25 16.42
29.34 8.58 0 0 25
0 0 25 1 5
5 5 5 15.97 70.74
9.03 11.89 41.43 13.11 0
0 25 0 0 25
9.39 18.02 15.61 0 0
25 0 0 25 16.11
16.45 8.89 1 4 7
7 7 11.78 45.01 13.22
11.94 40.65 13.06 0 0
25 0 0 25 9.76
17.43 15.24 0 0 25
11.64 25.93 13.36 14.26 11.6
10.74 1 4 6 7
7 15.18 60.31 9.82 11.36
35.5 13.64 0 0 25
0 0 25 9.95 17.29
15.05 0 0 25 9.67
11.92 15.33 14.35 14.47 10.65
1 4 6 6 7
13.3 50.28 11.7 12.04 39.17
12.96 0 0 25 0
0 25 9.84 17.13 15.16
0 0 25 15.83 24.96
9.17 9.65 7.8 15.35 1
4 6 6 6 16.31
69.02 8.69 8.73 23.7 16.27
0 0 25 0 0
25 9.51 17.11 15.49 7.99
12.02 17.01 0 0 25
16.2 19.41 8.8 1 4
5 7 7 11.97 44.64
13.03 8.3 23.32 16.7 0
0 25 0 0 25
9.65 16.88 15.35 7.82 12.11
17.18 12.26 25.3 12.74 14.39
13.36 10.61 1 4 5
6 7 15.87 60.07 9.13
7.82 19.36 17.18 0 0
25 0 0 25 9.95
16.15 15.05 8 11.95 17
9.34 10.73 15.66 14.91 15.85
10.09 1 4 5 6
6 15.39 64.5 9.61 10.94
32.56 14.06 0 0 25
0 0 25 9.96 15.82
15.04 11.4 17.8 13.6 0
0 25 11.81 9.82 13.19
1 4 5 5 7
11.31 40.09 13.69 10.96 32.91
14.04 0 0 25 0
0 25 9.64 15.71 15.36
11.28 18.26 13.72 11.08 21.89
13.92 9.59 7.28 15.41 1
4 5 5 6 16.01
68.63 8.99 9.75 23.82 15.25
0 0 25 0 0
25 9.72 15.05 15.28 11.62
14.36 13.38 0 0 25
13.63 17.41 11.37 1 4
5 5 5 15.47 65.02
9.53 15.5 54.49 9.5 0
0 25 0 0 25
10.99 18.03 14.01 0 0
25 0 0 25 11.53
8.97 13.47 1 4 4
7 7 10.72 40.91 14.28
15.78 54.33 9.22 0 0
25 0 0 25 11.16
17.89 13.84 0 0 25
11.18 21.83 13.82 9.9 6.3
15.1 1 4 4 6
7 14.61 54.14 10.39 14.78
50.01 10.22 0 0 25
0 0 25 11.39 17.67
13.61 0 0 25 9.29
11.02 15.71 9.52 7.57 15.48
1 4 4 6 6
15.3 64.54 9.7 11.42 32.36
13.58 0 0 25 0
0 25 11.21 17.97 13.79
9.66 15.89 15.34 0 0
25 10.98 10.67 14.02 1
4 4 5 7 10.74
40.23 14.26 11.11 33.62 13.89
0 0 25 0 0
25 11.4 17.37 13.6 9.78
15.43 15.22 11.42 21.69 13.58
9.92 7.29 15.08 1 4
4 5 6 14.11 58.76
10.89 14.38 45.85 10.62 0
0 25 0 0 25
11.31 16.87 13.69 11.21 18.39
13.79 0 0 25 6.02
3.1 18.98 1 4 4
5 5 16.12 68.64 8.88
13.75 45.06 11.25 0 0
25 0 0 25 11.17
16.21 13.83 0 0 25
0 0 25 13.63 15.42
11.37 1 4 4 4
7 11.79 44.01 13.21 14.04
44.44 10.96 0 0 25
0 0 25 11.46 15.22
13.54 0 0 25 11.92
24.79 13.08 11.7 10.63 13.3
1 4 4 4 6
15.88 67.01 9.12 9.74 24.5
15.26 0 0 25 0
0 25 11.54 15.18 13.46
9.56 14.46 15.44 0 0
25 13.87 18.26 11.13 1
4 4 4 5 15.63
67.29 9.37 16.13 55.36 8.87
0 0 25 0 0
25 16.48 29.11 8.52 0
0 25 0 0 25
0 0 25 1 4
4 4 4 12.14 35.37
12.86 11.96 34.73 13.04 0
0 25 11.93 34.56 13.07
0 0 25 10.13 22.97
14.87 0 0 25 14.26
11.95 10.74 1 3 7
7 7 12.28 35.72 12.72
11.88 35.66 13.12 0 0
25 8.37 19.24 16.63 0
0 25 9.73 21.52 15.27
7.71 10.76 17.29 13.84 13.29
11.16 1 3 6 7
7 11.09 31.06 13.91 11.93
33.57 13.07 0 0 25
11.15 28.2 13.85 0 0
25 9.91 20.65 15.09 9.98
14.71 15.02 9.58 8.17 15.42
1 3 6 6 7
11.54 34.58 13.46 11.85 34.39
13.15 0 0 25 9.96
19.85 15.04 0 0 25
9.35 19.49 15.65 11.69 12.52
13.31 11.46 13.32 13.54 1
3 6 6 6 12.1
34.69 12.9 15.31 54 9.69
0 0 25 11.59 35.19
13.41 0 0 25 7.46
11.54 17.54 0 0 25
10.52 7.6 14.48 1 3
5 7 7 11.94 35.11
13.06 14.68 46.99 10.32 0
0 25 8.35 19.28 16.65
0 0 25 7.65 11.5
17.35 10.08 14.73 14.92 10.36
9.33 14.64 1 3 5
6 7 11.03 31.48 13.97
15.78 51.54 9.22 0 0
25 10.71 27.57 14.29 0
0 25 7.86 10.52 17.14
10.49 13.28 14.51 6.06 3.68
18.94 1 3 5 6
6 11.65 35.67 13.35 13.64
42.13 11.36 0 0 25
11.05 29.66 13.95 0 0
25 11.42 19.44 13.58 0
0 25 12.63 12.71 12.37
1 3 5 5 7
12.44 34.97 12.56 12.68 37.29
12.32 0 0 25 7.82
15.92 17.18 0 0 25
11.77 17.27 13.23 9.16 13.89
15.84 12.18 14.61 12.82 1
3 5 5 6 12.32
36 12.68 15.77 53.02 9.23
0 0 25 12.2 33.17
12.8 0 0 25 14.47
23.05 10.53 0 0 25
0 0 25 1 3
5 5 5 11.63 34.9
13.37 8.92 20.81 16.08 0
0 25 11.73 34.95 13.27
10.11 16.39 14.89 7.91 16.36
17.09 0 0 25 13.6
12.69 11.4 1 3 4
7 7 11.64 35.18 13.36
8.21 19.79 16.79 0 0
25 8.57 20.09 16.43 9.79
15.34 15.21 8.01 15.45 16.99
7.46 10.83 17.54 14.34 15.3
10.66 1 3 4 6
7 11.06 31.56 13.94 8.76
19.59 16.24 0 0 25
11.15 27.55 13.85 9.47 15.99
15.53 7.61 14.07 17.39 10.38
13.91 14.62 9.51 9.39 15.49
1 3 4 6 6
11.79 35.1 13.21 11.39 31.67
13.61 0 0 25 11.91
34.81 13.09 9.58 15.21 15.42
7.84 10.56 17.16 0 0
25 10.63 9.51 14.37 1
3 4 5 7 11.78
33.83 13.22 10.22 27.03 14.78
0 0 25 8.37 20.26
16.63 9.6 14.6 15.4 7.78
10.21 17.22 9.86 15.38 15.14
10.15 10.93 14.85 1 3
4 5 6 11.78 35.72
13.22 9.65 22.75 15.35 0
0 25 11.08 29.74 13.92
9.56 14.21 15.44 11.66 17.08
13.34 0 0 25 12.29
14.48 12.71 1 3 4
5 5 11.19 31.14 13.81
11.25 27.27 13.75 0 0
25 12.17 35.06 12.83 10.31
14.26 14.69 9.21 20.19 15.79
0 0 25 9.8 8.15
15.2 1 3 4 4
7 11.74 30.4 13.26 11.37
27.61 13.63 0 0 25
8.68 19.77 16.32 10.14 13.85
14.86 9.73 19.16 15.27 7.95
10.05 17.05 9.4 10.15 15.6
1 3 4 4 6
11.15 31.75 13.85 14.41 43.59
10.59 0 0 25 11.42
34.66 13.58 10.55 13.73 14.45
7.89 10.5 17.11 0 0
25 6.22 4.13 18.78 1
3 4 4 5 11.87
33.5 13.13 10.17 19.8 14.83
0 0 25 12.29 34.5
12.71 11.22 13.33 13.78 9.51
18.96 15.49 0 0 25
11.53 13.32 13.47 1 3
4 4 4 15.3 50.08
9.7 15.19 49.6 9.81 0
0 25 7.83 17.05 17.17
0 0 25 7.91 15.3
17.09 0 0 25 10.91
10.83 14.09 1 3 3
7 7 13.71 41 11.29
14.9 48.75 10.1 0 0
25 5.94 9.52 19.06 0
0 25 7.58 14.5 17.42
11.23 19.2 13.77 7.98 5.69
17.02 1 3 3 6
7 15.74 47.89 9.26 15.69
47.77 9.31 0 0 25
7.76 13.01 17.24 0 0
25 7.49 13.22 17.51 7.99
7.39 17.01 8.13 7.92 16.87
1 3 3 6 6
15.46 49.6 9.54 13.47 38.67
11.53 0 0 25 9.36
22.94 15.64 0 0 25
8.01 12 16.99 0 0
25 12.9 17.59 12.1 1
3 3 5 7 13.6
40.35 11.4 13.76 38.23 11.24
0 0 25 7.78 14.85
17.22 0 0 25 7.58
10.69 17.42 13.36 23.44 11.64
8.24 8.12 16.76 1 3
3 5 6 14.71 49.65
10.29 15.14 46.34 9.86 0
0 25 9.29 20.94 15.71
0 0 25 14.67 29.26
10.33 0 0 25 0
0 25 1 3 3
5 5 15.34 51.23 9.66
10.87 28.76 14.13 0 0
25 7.62 16.96 17.38 9.66
14.48 15.34 7.07 14.65 17.93
0 0 25 11.16 12.2
13.84 1 3 3 4
7 13.87 39.87 11.13 10.94
28.38 14.06 0 0 25
6.34 9.3 18.66 9.81 14
15.19 7.66 14.92 17.34 10.97
19.41 14.03 7.62 6.91 17.38
1 3 3 4 6
15.11 50.13 9.89 9 20.05
16 0 0 25 9.3
22.91 15.7 9.67 13.67 15.33
7.61 10.74 17.39 0 0
25 12.65 19.16 12.35 1
3 3 4 5 14.73
45.71 10.27 14.54 39.74 10.46
0 0 25 8.17 17.01
16.83 11.08 15.42 13.92 7.97
14.63 17.03 0 0 25
5.82 5.18 19.18 1 3
3 4 4 13.91 36.55
11.09 13.94 35.79 11.06 0
0 25 14.05 36.16 10.95
0 0 25 9.46 20.04
15.54 0 0 25 9.43
10.67 15.57 1 3 3
3 7 14.3 36.15 10.7
13.94 35.82 11.06 0 0
25 9.81 17.38 15.19 0
0 25 10.12 17.53 14.88
9.73 12.94 15.27 9.78 12.5
15.22 1 3 3 3
6 13.28 36.62 11.72 15.58
50.23 9.42 0 0 25
15.14 42.92 9.86 0 0
25 9.5 16.73 15.5 0
0 25 0 0 25
1 3 3 3 5
13.25 36.51 11.75 9.84 18.38
15.16 0 0 25 13.87
36.19 11.13 9.53 12.51 15.47
9.18 18.38 15.82 0 0
25 9.6 12.76 15.4 1
3 3 3 4 15.91
47.2 9.09 16.08 46.09 8.92
0 0 25 11.47 25.74
13.53 0 0 25 11.84
25.67 13.16 0 0 25
0 0 25 1 3
3 3 3 11.46 35.79
13.54 11.89 34.98 13.11 11.92
35.27 13.08 0 0 25
9.46 22.93 15.54 0 0
25 0 0 25 14.28
12.02 10.72 1 2 7
7 7 12.13 34.84 12.87
12.19 35.14 12.81 8.68 19.29
16.32 0 0 25 9.42
21.63 15.58 0 0 25
7.93 11.17 17.07 14.02 13.56
10.98 1 2 6 7
7 10.73 32.33 14.27 11.72
34.49 13.28 11.14 26.76 13.86
0 0 25 9.74 20.74
15.26 0 0 25 10.16
14.44 14.84 9.58 8.17 15.42
1 2 6 6 7
11.98 34.18 13.02 12.25 33.62
12.75 10.02 20.02 14.98 0
0 25 9.64 19.74 15.36
0 0 25 11.33 12.76
13.67 11.18 13.28 13.82 1
2 6 6 6 12.39
36.06 12.61 8.44 19.83 16.56
11.64 34.3 13.36 0 0
25 9.44 22.18 15.56 7.71
10.92 17.29 0 0 25
13.66 13.43 11.34 1 2
5 7 7 11.74 35.11
13.26 8.76 19.84 16.24 8.3
19.51 16.7 0 0 25
10.05 20.87 14.95 7.67 10.99
17.33 7.24 10.66 17.76 14.41
14.85 10.59 1 2 5
6 7 11.3 31.63 13.7
8.39 18.68 16.61 10.76 27.55
14.24 0 0 25 9.32
19.73 15.68 7.73 10.84 17.27
10.81 14.22 14.19 9.49 9.55
15.51 1 2 5 6
6 11.01 31.51 13.99 10.83
27.1 14.17 12.01 35.23 12.99
0 0 25 9.84 20.34
15.16 10.23 14.74 14.77 0
0 25 9.51 7.65 15.49
1 2 5 5 7
11 31.15 14 11.14 27.08
13.86 8.93 19.72 16.07 0
0 25 9.48 19.59 15.52
10.3 14.22 14.7 7.76 10.87
17.24 9.63 9.13 15.37 1
2 5 5 6 11.77
34.42 13.23 9.74 19.27 15.26
12.16 34.92 12.84 0 0
25 9.95 19.46 15.05 11.47
12.95 13.53 0 0 25
11.45 12.44 13.55 1 2
5 5 5 12.49 36.38
12.51 14.94 52.1 10.06 12.01
35.27 12.99 0 0 25
7.92 11.22 17.08 0 0
25 0 0 25 10.23
7.44 14.77 1 2 4
7 7 12.04 35.25 12.96
14.74 47.8 10.26 8.65 18.2
16.35 0 0 25 7.75
11.27 17.25 0 0 25
9.75 14.81 15.25 10.63 9.11
14.37 1 2 4 6
7 10.9 31.63 14.1 15.25
51.87 9.75 11.08 26.93 13.92
0 0 25 8.2 10.39
16.8 0 0 25 10.45
13.85 14.55 5.88 3.57 19.12
1 2 4 6 6
11.92 36.22 13.08 11.22 31.16
13.78 11.9 34.85 13.1 0
0 25 8.28 11.7 16.72
9.82 14.76 15.18 0 0
25 10.46 7.71 14.54 1
2 4 5 7 11.75
35.49 13.25 10.36 26.82 14.64
8.52 20.13 16.48 0 0
25 7.78 10.71 17.22 9.92
14.53 15.08 9.66 14.44 15.34
10.07 9.82 14.93 1 2
4 5 6 11.01 31.56
13.99 14.51 44.06 10.49 11.84
34.57 13.16 0 0 25
7.68 10.52 17.32 10.38 13.93
14.62 0 0 25 6.27
3.67 18.73 1 2 4
5 5 11.89 36.41 13.11
13.47 42.07 11.53 11.46 30.23
13.54 0 0 25 11.18
19.01 13.82 0 0 25
0 0 25 12.02 12.26
12.98 1 2 4 4
7 11.75 35.8 13.25 12.95
36.38 12.05 7.92 15.57 17.08
0 0 25 11.79 17.77
13.21 0 0 25 9.41
13.86 15.59 12.25 14.55 12.75
1 2 4 4 6
12 35.39 13 9.8 22.79
15.2 11.22 30.38 13.78 0
0 25 11.41 16.75 13.59
9.29 14.38 15.71 0 0
25 11.75 14.84 13.25 1
2 4 4 5 12.05
35.4 12.95 15.8 54.13 9.2
11.91 32.75 13.09 0 0
25 13.87 24.09 11.13 0
0 25 0 0 25
0 0 25 1 2
4 4 4 8.7 16.17
16.3 8.59 16.2 16.41 8.59
16.56 16.41 8.53 16.22 16.47
10.03 20.7 14.97 7.75 13.38
17.25 7.8 13.29 17.2 13.13
14.36 11.87 1 2 3
7 7 8.72 16.74 16.28
8.78 16.69 16.22 10.93 25.81
14.07 8.72 16.23 16.28 9.8
19.04 15.2 7.85 13.17 17.15
8.02 10.77 16.98 9.64 9.09
15.36 1 2 3 6
7 8.49 15.78 16.51 8.44
15.82 16.56 9.33 18.97 15.67
7.62 13.18 17.38 9.71 18.7
15.29 7.84 13.45 17.16 11.56
15.18 13.44 11.36 14.57 13.64
1 2 3 6 6
8.51 16.17 16.49 11.86 27.07
13.14 8.47 16.57 16.53 8.8
16.04 16.2 9.59 19.4 15.41
7.56 10.35 17.44 7.93 13
17.07 9.77 8.91 15.23 1
2 3 5 7 8.74
16.33 16.26 11.15 26.73 13.85
11.26 26.54 13.74 8.46 16.3
16.54 9.35 17.61 15.65 7.67
10.27 17.33 7.79 10.68 17.21
6.34 4.78 18.66 1 2
3 5 6 8.5 16.28
16.5 9.68 18.22 15.32 8.92
15.9 16.08 7.66 12.89 17.34
10.03 18.94 14.97 11.09 15.48
13.91 7.92 13.01 17.08 11.26
14.22 13.74 1 2 3
5 5 8.71 16.2 16.29
11.04 26.98 13.96 8.37 16.58
16.63 8.88 16.22 16.12 7.88
11.6 17.12 9.36 18.64 15.64
7.5 13.53 17.5 9.31 9.2
15.69 1 2 3 4
7 8.4 16.46 16.6 11.08
26.59 13.92 10.74 26.86 14.26
8.41 16.01 16.59 7.88 10.33
17.12 9.62 18.53 15.38 7.85
10.46 17.15 6.05 4.73 18.95
1 2 3 4 6
8.27 16.92 16.73 13.58 36.19
11.42 8.74 16.22 16.26 8.49
16.39 16.51 8.01 10.43 16.99
7.64 10.52 17.36 9.51 17.85
15.49 6.16 5.08 18.84 1
2 3 4 5 8.83
16.09 16.17 9.85 18.56 15.15
8.02 12.82 16.98 8.17 16.71
16.83 11.69 15.06 13.31 9.97
18.38 15.03 7.72 12.37 17.28
11.28 14.48 13.72 1 2
3 4 4 11.07 24.66
13.93 10.79 24.78 14.21 11.06
24.3 13.94 6.4 8.35 18.6
9.37 17.53 15.63 7.78 14.45
17.22 5.87 8.33 19.13 7.83
7.43 17.17 1 2 3
3 7 11.05 23.81 13.95
11.21 24.71 13.79 9.64 16.78
15.36 7.71 13.97 17.29 9.86
16.04 15.14 7.98 13.41 17.02
7.71 9.46 17.29 7.52 9.14
17.48 1 2 3 3
6 11.21 24.06 13.79 9.79
16.53 15.21 11.77 24.05 13.23
8.29 13.35 16.71 9.79 15.73
15.21 7.77 9.45 17.23 7.85
13.69 17.15 7.9 8.77 17.1
1 2 3 3 5
11.1 23.41 13.9 14.87 39.1
10.13 11.23 24.44 13.77 6.44
8.28 18.56 7.97 10.63 17.03
7.75 13.24 17.25 6.21 8.08
18.79 4.21 3.04 20.79 1
2 3 3 4 9.67
14.87 15.33 9.71 15.14 15.29
9.62 15.8 15.38 9.61 15.66
15.39 9.67 14.97 15.33 9.57
15.55 15.43 9.8 15.57 15.2
9.74 15.05 15.26 1 2
3 3 3 15.19 50.39
9.81 15.25 48.68 9.75 7.71
17.31 17.29 0 0 25
7.9 15.78 17.1 0 0
25 0 0 25 11.19
10.6 13.81 1 2 2
7 7 13.75 40.39 11.25
15.1 49.05 9.9 6.03 9.09
18.97 0 0 25 7.58
14.93 17.42 0 0 25
11.54 18.63 13.46 8.01 5.9
16.99 1 2 2 6
7 14.83 48.57 10.17 14.83
47.61 10.17 7.52 14.22 17.48
0 0 25 7.6 13.45
17.4 0 0 25 7.76
7.79 17.24 8.1 7.72 16.9
1 2 2 6 6
15.24 50.1 9.76 11.48 29.73
13.52 8.1 16.81 16.9 0
0 25 7.39 14.77 17.61
9.49 13.69 15.51 0 0
25 10.86 12.34 14.14 1
2 2 5 7 13.44
40.1 11.56 11.21 28.49 13.79
6.02 9.77 18.98 0 0
25 7.58 14.77 17.42 9.37
13.36 15.63 11.19 19.77 13.81
7.91 7.02 17.09 1 2
2 5 6 14.4 45.91
10.6 14.14 40.41 10.86 8.17
17.11 16.83 0 0 25
7.57 14.71 17.43 10.99 15.81
14.01 0 0 25 5.99
4.79 19.01 1 2 2
5 5 15.18 49.98 9.82
13.59 38.7 11.41 9.86 23.16
15.14 0 0 25 7.77
11.88 17.23 0 0 25
0 0 25 13.1 16.78
11.9 1 2 2 4
7 13.52 40 11.48 13.59
38.44 11.41 7.86 15.13 17.14
0 0 25 7.55 10.9
17.45 0 0 25 13.06
24.01 11.94 8.3 7.64 16.7
1 2 2 4 6
15.44 49.64 9.56 9.62 20.45
15.38 9.69 22.51 15.31 0
0 25 7.78 10.7 17.22
9.16 13.31 15.84 0 0
25 13 18.7 12 1
2 2 4 5 15.04
49.64 9.96 15.1 47.11 9.9
9.72 21.34 15.28 0 0
25 14.36 27.69 10.64 0
0 25 0 0 25
0 0 25 1 2
2 4 4 10.78 24.88
14.22 11.32 24.21 13.68 5.87
8.75 19.13 11.09 24.62 13.91
7.71 14.11 17.29 9.62 16.97
15.38 6.04 8.8 18.96 8.04
7.19 16.96 1 2 2
3 7 10.72 24.8 14.28
10.46 24.63 14.54 7.82 13.5
17.18 9.75 16.51 15.25 7.91
13.18 17.09 9.66 16.93 15.34
8.03 8.97 16.97 7.92 9.21
17.08 1 2 2 3
6 10.85 24.75 14.15 14.19
39.34 10.81 6.28 8.14 18.72
11.07 25.18 13.93 7.41 13.78
17.59 7.51 9.64 17.49 5.89
8.77 19.11 4.17 3.03 20.83
1 2 2 3 5
11.27 24.12 13.73 10 16.72
15 7.92 13.11 17.08 10.88
23.86 14.12 7.81 9.14 17.19
9.71 16.63 15.29 7.92 13.45
17.08 8.07 9.39 16.93 1
2 2 3 4 14.73
36.09 10.27 14.19 36.6 10.81
8.01 12.42 16.99 7.68 12.75
17.32 7.77 12.67 17.23 7.73
12.51 17.27 4.3 4.27 20.7
4.19 4.09 20.81 1 2
2 3 3 13.55 36.24
11.45 13.77 35.54 11.23 14.08
36.87 10.92 0 0 25
9.77 19.95 15.23 0 0
25 0 0 25 9.34
10.89 15.66 1 2 2
2 7 13.65 37.32 11.35
13.48 36.15 11.52 9.58 17.51
15.42 0 0 25 9.44
17.18 15.56 0 0 25
9.58 13.1 15.42 9.29 13.72
15.71 1 2 2 2
6 13.65 36.79 11.35 9.57
17.86 15.43 13.66 36.44 11.34
0 0 25 9.67 17.39
15.33 9.44 13.01 15.56 0
0 25 9.72 12.8 15.28
1 2 2 2 5
13.56 36.27 11.44 16.05 49.74
8.95 15.28 42.92 9.72 0
0 25 9.54 16.64 15.46
0 0 25 0 0
25 0 0 25 1
2 2 2 4 9.24
14.8 15.76 9.69 15.53 15.31
10.09 15.42 14.91 9.75 15.6
15.25 9.69 15.87 15.31 9.45
14.96 15.55 9.7 14.71 15.3
9.55 15.95 15.45 1 2
2 2 3 16.34 46.74
8.66 15.73 47.4 9.27 11.01
25.73 13.99 0 0 25
11.23 25.82 13.77 0 0
25 0 0 25 0
0 25 1 2 2
2 2 20.46 95.17 4.54
9.32 29.45 15.68 0 0
25 0 0 25 0
0 25 0 0 25
0 0 25 18.44 27.16
6.56 1 1 7 7
7 15.18 63.78 9.82 9.81
28.61 15.19 0 0 25
0 0 25 0 0
25 0 0 25 15.17
35.66 9.83 14.69 17.1 10.31
1 1 6 7 7
19.1 82.63 5.9 9.68 28.75
15.32 0 0 25 0
0 25 0 0 25
0 0 25 9.57 10.88
15.43 16.12 23.27 8.88 1
1 6 6 7 18.08
73.35 6.92 9.76 27.55 15.24
0 0 25 0 0
25 0 0 25 0
0 25 17.99 32.83 7.01
9.75 10.69 15.25 1 1
6 6 6 18.57 81.42
6.43 7.39 19.2 17.61 0
0 25 0 0 25
0 0 25 14.29 34.36
10.71 0 0 25 11.96
12.81 13.04 1 1 5
7 7 13.64 52.32 11.36
8.14 18.22 16.86 0 0
25 0 0 25 0
0 25 14.63 33.92 10.37
14.37 27.65 10.63 9.85 7.26
15.15 1 1 5 6
7 18.23 69.98 6.77 8.11
18.47 16.89 0 0 25
0 0 25 0 0
25 14.41 32.97 10.59 9.19
10.15 15.81 9.59 8.9 15.41
1 1 5 6 6
20.58 89.83 4.42 9.73 23.67
15.27 0 0 25 0
0 25 0 0 25
8 9.34 17 0 0
25 15.33 23.52 9.67 1
1 5 5 7 15.07
60.43 9.93 9.47 24.61 15.53
0 0 25 0 0
25 0 0 25 7.65
9.22 17.35 15.43 33.9 9.57
11.32 12.9 13.68 1 1
5 5 6 20.49 89.11
4.51 9.68 21.41 15.32 0
0 25 0 0 25
0 0 25 18.66 40.65
6.34 0 0 25 0
0 25 1 1 5
5 5 18.57 81.38 6.43
7.9 19.28 17.1 0 0
25 0 0 25 14.37
34.11 10.63 0 0 25
0 0 25 11.97 12.42
13.03 1 1 4 7
7 13.56 52.08 11.44 7.68
18.64 17.32 0 0 25
0 0 25 14.26 34.21
10.74 0 0 25 13.79
29.5 11.21 9.27 7.01 15.73
1 1 4 6 7
17.75 70.9 7.25 7.12 18.35
17.88 0 0 25 0
0 25 14.82 32.53 10.18
0 0 25 9.51 10.27
15.49 10.04 8.71 14.96 1
1 4 6 6 16.98
69.53 8.02 5.91 10.54 19.09
0 0 25 0 0
25 14.29 33.63 10.71 11.52
22.72 13.48 0 0 25
8.62 6.26 16.38 1 1
4 5 7 11.99 41.33
13.01 6.03 10.96 18.97 0
0 25 0 0 25
14.6 33.29 10.4 11.11 22.13
13.89 12.26 23.62 12.74 7.7
4.98 17.3 1 1 4
5 6 18.61 78.95 6.39
7.78 15.31 17.22 0 0
25 0 0 25 15
31.09 10 7.6 8.67 17.4
0 0 25 8.51 8.48
16.49 1 1 4 5
5 20.13 90.43 4.87 9.63
24.09 15.37 0 0 25
0 0 25 7.65 9.65
17.35 0 0 25 0
0 25 15.23 23.19 9.77
1 1 4 4 7
15.28 61.61 9.72 9.44 23.19
15.56 0 0 25 0
0 25 7.8 8.65 17.2
0 0 25 15.46 34.5
9.54 11.7 12.37 13.3 1
1 4 4 6 19.14
78.69 5.86 7.59 15.03 17.41
0 0 25 0 0
25 8 8.83 17 14.01
31.35 10.99 0 0 25
8.6 8.76 16.4 1 1
4 4 5 20.25 88.73
4.75 9.96 21.83 15.04 0
0 25 0 0 25
19.09 40.14 5.91 0 0
25 0 0 25 0
0 25 1 1 4
4 4 15.06 50.7 9.94
7.67 17.28 17.33 0 0
25 15.23 49.26 9.77 0
0 25 7.83 15.18 17.17
0 0 25 11.14 10.65
13.86 1 1 3 7
7 15.62 50.11 9.38 7.68
17.75 17.32 0 0 25
11.12 27.67 13.88 0 0
25 8.41 15.19 16.59 9.48
14.07 15.52 10.97 11.93 14.03
1 1 3 6 7
14.66 46.02 10.34 7.55 17.02
17.45 0 0 25 14.48
39.68 10.52 0 0 25
8.17 15 16.83 11.22 15.23
13.78 6.21 4.76 18.79 1
1 3 6 6 15.38
50.49 9.62 9.4 23.92 15.6
0 0 25 13.72 38.05
11.28 0 0 25 7.5
11.26 17.5 0 0 25
12.84 17.44 12.16 1 1
3 5 7 15.31 49.29
9.69 9.59 22.18 15.41 0
0 25 9.61 20.73 15.39
0 0 25 8.06 10.5
16.94 9.75 13.29 15.25 13.25
18.44 11.75 1 1 3
5 6 15.13 49.83 9.87
9.38 21.45 15.62 0 0
25 15.58 45.72 9.42 0
0 25 14.91 28 10.09
0 0 25 0 0
25 1 1 3 5
5 13.61 40.85 11.39 5.74
9.39 19.26 0 0 25
15.29 48.18 9.71 12.76 24.23
12.24 6.18 9.74 18.82 0
0 25 7.79 6.24 17.21
1 1 3 4 7
13.49 39.59 11.51 6.12 9.57
18.88 0 0 25 11.09
29.2 13.91 12.8 24.51 12.2
5.72 9.78 19.28 9.64 13.57
15.36 7.97 6.95 17.03 1
1 3 4 6 14.03
39.89 10.97 7.52 15.57 17.48
0 0 25 13.64 39.34
11.36 12.84 23.43 12.16 7.67
10.73 17.33 0 0 25
7.5 7.84 17.5 1 1
3 4 5 15.37 47.81
9.63 7.65 13.74 17.35 0
0 25 15.55 48 9.45
7.7 7.98 17.3 7.85 12.82
17.15 0 0 25 7.91
7.62 17.09 1 1 3
4 4 19.47 69.58 5.53
9.34 22.45 15.66 0 0
25 9.47 22.21 15.53 0
0 25 4.12 5.07 20.88
0 0 25 14.26 24.03
10.74 1 1 3 3
7 18.05 59.27 6.95 9.93
21.87 15.07 0 0 25
8.04 14.08 16.96 0 0
25 4.24 4.69 20.76 14.59
27.9 10.41 7.76 9.58 17.24
1 1 3 3 6
19.26 67.97 5.74 8.83 19.74
16.17 0 0 25 9.61
20.45 15.39 0 0 25
16.49 37.65 8.51 0 0
25 0 0 25 1
1 3 3 5 17.73
59.04 7.27 7.55 13.96 17.45
0 0 25 9.93 21.86
15.07 14.86 28.6 10.14 4.56
4.29 20.44 0 0 25
8.04 9.58 16.96 1 1
3 3 4 17.51 54.09
7.49 9.72 19.38 15.28 0
0 25 17.37 52.86 7.63
0 0 25 9.51 19.56
15.49 0 0 25 0
0 25 1 1 3
3 3 15.32 51.67 9.68
7.92 17.54 17.08 15.1 47.93
9.9 0 0 25 7.68
14.98 17.32 0 0 25
0 0 25 11.33 10.53
13.67 1 1 2 7
7 14.94 50.5 10.06 7.79
17.01 17.21 11.41 28.66 13.59
0 0 25 7.72 14.73
17.28 0 0 25 9.52
14.39 15.48 10.93 12.4 14.07
1 1 2 6 7
14.19 45.97 10.81 7.6 17.06
17.4 14.46 39.25 10.54 0
0 25 7.99 15.29 17.01
0 0 25 11.06 15.75
13.94 6.07 5.31 18.93 1
1 2 6 6 13.63
40.07 11.37 6.13 9.7 18.87
15.34 49.38 9.66 0 0
25 7.68 14.06 17.32 11.18
19.15 13.82 0 0 25
7.71 5.97 17.29 1 1
2 5 7 13.67 40.41
11.33 5.91 10.02 19.09 11.23
27.84 13.77 0 0 25
7.91 14.37 17.09 11.48 19.46
13.52 9.58 13.45 15.42 8.01
6.66 16.99 1 1 2
5 6 15.2 47.34 9.8
7.7 13.27 17.3 15.69 47.46
9.31 0 0 25 8.05
13.39 16.95 8.05 7.79 16.95
0 0 25 8.1 7.96
16.9 1 1 2 5
5 15.44 49.51 9.56 9.27
23.46 15.73 13.57 39.42 11.43
0 0 25 7.95 12.08
17.05 0 0 25 0
0 25 12.63 16.67 12.37
1 1 2 4 7
15.16 50.45 9.84 9.58 22.52
15.42 9.43 20.08 15.57 0
0 25 7.54 10.22 17.46
0 0 25 9.7 13.27
15.3 12.85 19.2 12.15 1
1 2 4 6 13.79
40.27 11.21 8.17 14.63 16.83
13.84 38.92 11.16 0 0
25 7.54 11.02 17.46 12.73
23.13 12.27 0 0 25
8.08 7.88 16.92 1 1
2 4 5 15.47 49.89
9.53 9.38 21.4 15.62 15.24
45.52 9.76 0 0 25
14.4 28.7 10.6 0 0
25 0 0 25 0
0 25 1 1 2
4 4 10.95 24.8 14.05
6.03 8.56 18.97 10.66 23.8
14.34 11.28 24.81 13.72 7.77
14.52 17.23 6.03 8.86 18.97
9.52 17.44 15.48 7.61 7.36
17.39 1 1 2 3
7 11.22 24.1 13.78 5.71
8.47 19.29 14.14 38.9 10.86
11.04 24.27 13.96 7.85 14.72
17.15 5.94 8.55 19.06 7.61
10.15 17.39 4.36 2.97 20.64
1 1 2 3 6
10.86 23.56 14.14 7.72 13.01
17.28 11.22 25.07 13.78 9.97
17.09 15.03 7.9 13.31 17.1
7.75 9.64 17.25 9.33 16.75
15.67 7.83 8.99 17.17 1
1 2 3 5 10.87
24.24 14.13 8.22 13.64 16.78
9.51 15.89 15.49 11.25 24.75
13.75 7.88 8.97 17.12 7.88
13.78 17.12 9.28 16.73 15.72
8.02 9.09 16.98 1 1
2 3 4 14.39 36.65
10.61 7.63 12.88 17.37 14.32
35.51 10.68 7.66 13.3 17.34
8.11 12.91 16.89 4.06 4.32
20.94 7.7 12.44 17.3 4.03
4.09 20.97 1 1 2
3 3 19.07 69.98 5.93
9.53 22.9 15.47 9.18 22.23
15.82 0 0 25 4.09
5.02 20.91 0 0 25
0 0 25 14.24 23.76
10.76 1 1 2 2
7 17.9 59.87 7.1 9.72
21.94 15.28 7.61 13.85 17.39
0 0 25 4.31 4.98
20.69 0 0 25 14.33
27.84 10.67 8.16 9.49 16.84
1 1 2 2 6
17.77 59.88 7.23 7.93 14.3
17.07 9.59 21.87 15.41 0
0 25 4.11 4.61 20.89
14.61 28.69 10.39 0 0
25 7.3 9.34 17.7 1
1 2 2 5 19.41
67.5 5.59 9.73 20.73 15.27
9.94 20.44 15.06 0 0
25 15.52 36.73 9.48 0
0 25 0 0 25
0 0 25 1 1
2 2 4 14.96 35.81
10.04 8.02 12.72 16.98 7.72
12.56 17.28 14.58 35.4 10.42
4.19 4.26 20.81 7.9 12.55
17.1 7.82 13.37 17.18 3.95
4.19 21.05 1 1 2
2 3 17.88 52.07 7.12
9.54 20.41 15.46 18.01 53.32
6.99 0 0 25 9.34
19.43 15.66 0 0 25
0 0 25 0 0
25 1 1 2 2
2 18.33 73.34 6.67 17.95
65.68 7.05 0 0 25
0 0 25 0 0
25 0 0 25 0
0 25 11.92 12.78 13.08
1 1 1 7 7
14.15 45.56 10.85 17.71 64.96
7.29 0 0 25 0
0 25 0 0 25
0 0 25 13.93 26.13
11.07 9.75 7.81 15.25 1
1 1 6 7 17.7
63.2 7.3 17.76 63.61 7.24
0 0 25 0 0
25 0 0 25 0
0 25 9.51 8.64 15.49
9.79 9.79 15.21 1 1
1 6 6 18.63 73.56
6.37 13.5 40.32 11.5 0
0 25 0 0 25
0 0 25 9.59 17.2
15.41 0 0 25 11.98
15.22 13.02 1 1 1
5 7 13.71 45.7 11.29
13.23 41.71 11.77 0 0
25 0 0 25 0
0 25 9.81 17.33 15.19
13.3 26.2 11.7 9.03 9.98
15.97 1 1 1 5
6 18.75 72.27 6.25 18.11
57.08 6.89 0 0 25
0 0 25 0 0
25 11.6 22.19 13.4 0
0 25 0 0 25
1 1 1 5 5
18.75 73.56 6.25 13.39 40.99
11.61 0 0 25 0
0 25 9.42 16.33 15.58
0 0 25 0 0
25 11.98 15.58 13.02 1
1 1 4 7 13.44
45.86 11.56 13.78 41.24 11.22
0 0 25 0 0
25 9.45 16.31 15.55 0
0 25 13.38 26.92 11.62
9.42 10.2 15.58 1 1
1 4 6 18.78 73.03
6.22 9.35 20.07 15.65 0
0 25 0 0 25
9.55 14.78 15.45 9.76 14.44
15.24 0 0 25 12.18
18.06 12.82 1 1 1
4 5 18.47 72.6 6.53
17.99 57.16 7.01 0 0
25 0 0 25 11.73
22.05 13.27 0 0 25
0 0 25 0 0
25 1 1 1 4
4 13.61 36.49 11.39 13.88
35.9 11.12 0 0 25
13.47 36.95 11.53 0 0
25 9.43 19.62 15.57 0
0 25 9.57 11.08 15.43
1 1 1 3 7
13.91 36.32 11.09 13.76 36.64
11.24 0 0 25 9.54
18.09 15.46 0 0 25
9.76 17.65 15.24 10.09 12.27
14.91 9.77 12.2 15.23 1
1 1 3 6 13.49
36.58 11.51 17.83 55.6 7.17
0 0 25 14.05 36.7
10.95 0 0 25 9.76
15.99 15.24 0 0 25
0 0 25 1 1
1 3 5 13.53 36.09
11.47 9.36 17.85 15.64 0
0 25 13.85 36.1 11.15
9.88 13.49 15.12 9.73 17.57
15.27 0 0 25 9.49
13.06 15.51 1 1 1
3 4 17.66 52.74 7.34
17.77 53.06 7.23 0 0
25 9.79 19.18 15.21 0
0 25 9.38 20.42 15.62
0 0 25 0 0
25 1 1 1 3
3 13.94 36.63 11.06 13.89
36.59 11.11 13.73 35.91 11.27
0 0 25 9.73 19.7
15.27 0 0 25 0
0 25 9.33 10.55 15.67
1 1 1 2 7
13.59 35.92 11.41 13.88 35.69
11.12 9.5 18.97 15.5 0
0 25 10.41 18.35 14.59
0 0 25 9.57 12.58
15.43 9.54 12 15.46 1
1 1 2 6 14.01
35.56 10.99 9.6 17.41 15.4
14.04 36.6 10.96 0 0
25 9.71 17.56 15.29 9.77
13.23 15.23 0 0 25
9.39 13.12 15.61 1 1
1 2 5 13.99 36.26
11.01 17.66 56.42 7.34 13.25
36.63 11.75 0 0 25
9.61 16.18 15.39 0 0
25 0 0 25 0
0 25 1 1 1
2 4 9.86 15.98 15.14
9.73 15.19 15.27 9.51 14.74
15.49 9.64 15.57 15.36 9.68
15.41 15.32 9.51 15 15.49
9.77 15.02 15.23 10.1 15.29
14.9 1 1 1 2
3 17.97 52.85 7.03 17.91
53.82 7.09 9.64 18.94 15.36
0 0 25 9.74 19.13
15.26 0 0 25 0
0 25 0 0 25
1 1 1 2 2
20.57 87.35 4.43 11.36 34.5
13.64 0 0 25 0
0 25 0 0 25
0 0 25 0 0
25 15.4 30.82 9.6 1
1 1 1 7 15.66
59.52 9.34 11.67 32.84 13.33
0 0 25 0 0
25 0 0 25 0
0 25 16.29 34.8 8.71
11.19 18.03 13.81 1 1
1 1 6 20.84 84.31
4.16 11.71 27.23 13.29 0
0 25 0 0 25
0 0 25 15.52 40.39
9.48 0 0 25 0
0 25 1 1 1
1 5 21.01 84.96 3.99
11.29 26.96 13.71 0 0
25 0 0 25 15.99
39.79 9.01 0 0 25
0 0 25 0 0
25 1 1 1 1
4 16.14 47.91 8.86 11.48
25.13 13.52 0 0 25
16 46.94 9 0 0
25 11.42 24.98 13.58 0
0 25 0 0 25
1 1 1 1 3
15.76 47.61 9.24 10.93 25.92
14.07 16.13 47.27 8.87 0
0 25 11.04 25.34 13.96
0 0 25 0 0
25 0 0 25 1
1 1 1 2 20.77
78.89 4.23 21.12 79.22 3.88
0 0 25 0 0
25 0 0 25 0
0 25 0 0 25
0 0 25 1 1
1 1 1
