25 150.19 0 0 0
25 0 0 25 0
0 25 0 0 25
0 0 25 0 0
25 24.72 0.09 0.28 7
7 7 7 23.65 120.35
1.35 0 0 25 0
0 25 0 0 25
0 0 25 0 0
25 23.66 7.45 1.34 24.59
0.3 0.41 6 7 7
7 24.93 127.36 0.07 0
0 25 0 0 25
0 0 25 0 0
25 0 0 25 22.63
2.25 2.37 22.71 0.12 2.29
6 6 7 7 24.89
124.41 0.11 0 0 25
0 0 25 0 0
25 0 0 25 0
0 25 23.32 2.24 1.68
23.62 1.52 1.38 6 6
6 7 25 125.68 0
0 0 25 0 0
25 0 0 25 0
0 25 0 0 25
24.59 24.73 0.41 0 0
25 6 6 6 6
23.84 119.61 1.16 0 0
25 0 0 25 0
0 25 0 0 25
23.74 7.83 1.26 0 0
25 24.77 0.21 0.23 5
7 7 7 22.7 92.55
2.3 0 0 25 0
0 25 0 0 25
0 0 25 23.28 7.28
1.72 22.71 6.33 2.29 24.73
0.42 0.27 5 6 7
7 23.73 98.97 1.27 0
0 25 0 0 25
0 0 25 0 0
25 23.36 6.05 1.64 22.58
2.4 2.42 22.67 0.24 2.33
5 6 6 7 23.43
95.81 1.57 0 0 25
0 0 25 0 0
25 0 0 25 23.59
6.34 1.41 23.6 1.86 1.4
23.85 1.52 1.15 5 6
6 6 24.97 127.44 0.03
0 0 25 0 0
25 0 0 25 0
0 25 22.42 2.59 2.58
0 0 25 22.43 0.15
2.57 5 5 7 7
23.88 98.76 1.12 0 0
25 0 0 25 0
0 25 0 0 25
22.46 2.62 2.54 23.55 6.15
1.45 22.36 0.22 2.64 5
5 6 7 24.86 104.32
0.14 0 0 25 0
0 25 0 0 25
0 0 25 22.71 2.49
2.29 22.64 2.35 2.36 20.54
0.09 4.46 5 5 6
6 24.9 124.45 0.1 0
0 25 0 0 25
0 0 25 0 0
25 23.39 2.31 1.61 0
0 25 23.5 1.45 1.5
5 5 5 7 23.63
95.41 1.37 0 0 25
0 0 25 0 0
25 0 0 25 23.57
2.05 1.43 23.51 6.6 1.49
23.66 1.57 1.34 5 5
5 6 25 125.68 0
0 0 25 0 0
25 0 0 25 0
0 25 24.61 24.71 0.39
0 0 25 0 0
25 5 5 5 5
23.77 119.83 1.23 0 0
25 0 0 25 0
0 25 23.54 7.95 1.46
0 0 25 0 0
25 24.67 0.24 0.33 4
7 7 7 22.51 92.67
2.49 0 0 25 0
0 25 0 0 25
23.76 7.26 1.24 0 0
25 22.59 6.18 2.41 24.62
0.41 0.38 4 6 7
7 23.72 98.82 1.28 0
0 25 0 0 25
0 0 25 23.57 6.23
1.43 0 0 25 22.4
2.61 2.6 22.43 0.22 2.57
4 6 6 7 23.61
95.53 1.39 0 0 25
0 0 25 0 0
25 23.6 6.64 1.4 0
0 25 23.71 1.91 1.29
23.59 1.41 1.41 4 6
6 6 22.57 93.04 2.43
0 0 25 0 0
25 0 0 25 23.44
7.31 1.56 22.64 5.94 2.36
0 0 25 24.56 0.5
0.44 4 5 7 7
21.27 67.38 3.73 0 0
25 0 0 25 0
0 25 23.62 7.57 1.38
22.39 6.08 2.61 21.48 4.99
3.52 24.69 0.53 0.31 4
5 6 7 22.41 72.28
2.59 0 0 25 0
0 25 0 0 25
23.44 6.4 1.56 22.71 4.85
2.29 22.55 2.56 2.45 22.49
0.31 2.51 4 5 6
6 23.88 98.19 1.12 0
0 25 0 0 25
0 0 25 23.77 6.39
1.23 22.42 2.49 2.58 0
0 25 22.6 0.26 2.4
4 5 5 7 22.26
71.5 2.74 0 0 25
0 0 25 0 0
25 23.55 6.99 1.45 22.43
2.76 2.57 22.55 5.27 2.45
22.34 0.35 2.66 4 5
5 6 23.65 95.48 1.35
0 0 25 0 0
25 0 0 25 23.53
6.57 1.47 23.68 2.16 1.32
0 0 25 23.66 1.27
1.34 4 5 5 5
24.96 127.26 0.04 0 0
25 0 0 25 0
0 25 22.51 2.41 2.49
0 0 25 0 0
25 22.72 0.14 2.28 4
4 7 7 23.39 98.46
1.61 0 0 25 0
0 25 0 0 25
22.41 2.63 2.59 0 0
25 23.7 6.75 1.3 22.48
0.18 2.52 4 4 6
7 24.89 104.44 0.11 0
0 25 0 0 25
0 0 25 22.63 2.38
2.37 0 0 25 22.49
2.37 2.51 20.7 0.1 4.3
4 4 6 6 23.49
98.28 1.51 0 0 25
0 0 25 0 0
25 22.4 2.65 2.6 23.61
6.89 1.39 0 0 25
22.46 0.22 2.54 4 4
5 7 22.41 71.7 2.59
0 0 25 0 0
25 0 0 25 22.65
2.73 2.35 23.55 6.55 1.45
22.53 5.02 2.47 22.5 0.36
2.5 4 4 5 6
24.85 104.63 0.15 0 0
25 0 0 25 0
0 25 22.48 2.47 2.52
22.49 2.43 2.51 0 0
25 20.57 0.08 4.43 4
4 5 5 24.86 124.35
0.14 0 0 25 0
0 25 0 0 25
23.66 2.01 1.34 0 0
25 0 0 25 23.87
1.25 1.13 4 4 4
7 23.85 96.36 1.15 0
0 25 0 0 25
0 0 25 23.56 2
1.44 0 0 25 23.52
5.75 1.48 23.43 1.53 1.57
4 4 4 6 23.66
95.97 1.34 0 0 25
0 0 25 0 0
25 23.68 1.89 1.32 23.31
6.57 1.69 0 0 25
23.57 1.35 1.43 4 4
4 5 24.98 125.64 0.02
0 0 25 0 0
25 0 0 25 24.64
24.74 0.36 0 0 25
0 0 25 0 0
25 4 4 4 4
23.64 75.19 1.36 0 0
25 0 0 25 23.54
52.2 1.46 0 0 25
0 0 25 0 0
25 24.72 0.71 0.28 3
7 7 7 23.88 74.89
1.12 0 0 25 0
0 25 22.68 28.39 2.32
0 0 25 0 0
25 22.66 4.95 2.34 22.41
0.14 2.59 3 6 7
7 23.64 74.16 1.36 0
0 25 0 0 25
23.38 30.82 1.62 0 0
25 0 0 25 21.64
1.5 3.36 23.52 1.34 1.48
3 6 6 7 23.64
74.36 1.36 0 0 25
0 0 25 23.52 28.69
1.48 0 0 25 0
0 25 24.71 25.08 0.29
0 0 25 3 6
6 6 23.75 75.24 1.25
0 0 25 0 0
25 22.38 28.75 2.62 0
0 25 22.23 4.82 2.77
0 0 25 22.61 0.22
2.39 3 5 7 7
23.85 74.92 1.15 0 0
25 0 0 25 21.32
7.15 3.68 0 0 25
22.61 4.47 2.39 21.37 2.72
3.63 21.49 0.1 3.51 3
5 6 7 23.57 73.84
1.43 0 0 25 0
0 25 22.49 8.18 2.51
0 0 25 22.57 3.84
2.43 21.67 1.37 3.33 21.25
1.22 3.75 3 5 6
6 23.71 73.66 1.29 0
0 25 0 0 25
23.73 30.91 1.27 0 0
25 21.43 1.43 3.57 0
0 25 23.58 1.55 1.42
3 5 5 7 23.65
74 1.35 0 0 25
0 0 25 22.47 7.99
2.53 0 0 25 21.45
1.38 3.55 22.7 3.67 2.3
21.55 1.14 3.45 3 5
5 6 23.58 74.3 1.42
0 0 25 0 0
25 23.59 28.82 1.41 0
0 25 24.75 24.96 0.25
0 0 25 0 0
25 3 5 5 5
22.57 49.47 2.43 0 0
25 0 0 25 23.65
52.61 1.35 22.34 4.06 2.66
0 0 25 0 0
25 24.62 0.68 0.38 3
4 7 7 22.74 49.78
2.26 0 0 25 0
0 25 22.47 28.05 2.53
22.52 4.09 2.48 0 0
25 22.37 5.07 2.63 22.6
0.31 2.4 3 4 6
7 22.4 48.78 2.6 0
0 25 0 0 25
23.61 30.89 1.39 22.5 3.83
2.5 0 0 25 21.31
1.3 3.69 23.77 1.61 1.23
3 4 6 6 22.49
49.86 2.51 0 0 25
0 0 25 22.57 28.73
2.43 22.58 4.05 2.42 22.46
4.67 2.54 0 0 25
22.34 0.25 2.66 3 4
5 7 22.57 49.95 2.43
0 0 25 0 0
25 21.64 6.76 3.36 22.45
3.97 2.55 22.71 4.44 2.29
21.24 2.42 3.76 21.65 0.2
3.35 3 4 5 6
22.63 49.31 2.37 0 0
25 0 0 25 23.42
30.79 1.58 22.46 3.36 2.54
21.64 1.63 3.36 0 0
25 23.4 1.36 1.6 3
4 5 5 23.75 53.69
1.25 0 0 25 0
0 25 23.56 51.14 1.44
22.39 2.57 2.61 0 0
25 0 0 25 22.45
0.45 2.55 3 4 4
7 23.64 53.5 1.36 0
0 25 0 0 25
22.37 27.88 2.63 22.38 2.35
2.62 0 0 25 22.57
4.5 2.43 20.71 0.1 4.29
3 4 4 6 23.67
53.94 1.33 0 0 25
0 0 25 22.47 27.28
2.53 22.26 2.59 2.74 22.68
4.66 2.32 0 0 25
20.36 0.09 4.64 3 4
4 5 23.55 51.11 1.45
0 0 25 0 0
25 23.62 51.12 1.38 23.61
1.67 1.39 0 0 25
0 0 25 23.67 1.65
1.33 3 4 4 4
24.98 82.07 0.02 0 0
25 0 0 25 22.43
47.81 2.57 0 0 25
0 0 25 0 0
25 22.56 0.15 2.44 3
3 7 7 24.84 79.02
0.16 0 0 25 0
0 25 21.8 24.02 3.2
0 0 25 0 0
25 22.38 3.95 2.62 22.54
1.45 2.46 3 3 6
7 24.96 80.25 0.04 0
0 25 0 0 25
22.38 27.15 2.62 0 0
25 0 0 25 22.46
22.8 2.54 0 0 25
3 3 6 6 24.78
79.63 0.22 0 0 25
0 0 25 21.52 23.68
3.48 0 0 25 22.57
4.1 2.43 0 0 25
22.43 1.29 2.57 3 3
5 7 24.69 76.72 0.31
0 0 25 0 0
25 20.45 2.43 4.55 0
0 25 22.55 2.91 2.45
22.55 3 2.45 22.33 2.37
2.67 3 3 5 6
24.94 80.8 0.06 0 0
25 0 0 25 22.04
27.17 2.96 0 0 25
22.32 22.73 2.68 0 0
25 0 0 25 3
3 5 5 23.71 55.46
1.29 0 0 25 0
0 25 22.59 47.68 2.41
23.53 4.28 1.47 0 0
25 0 0 25 22.27
0.48 2.73 3 3 4
7 23.72 53.12 1.28 0
0 25 0 0 25
21.46 23.7 3.54 23.42 4.07
1.58 0 0 25 22.57
3.75 2.43 22.56 1.63 2.44
3 3 4 6 23.48
52.64 1.52 0 0 25
0 0 25 21.57 23.83
3.43 23.53 4.4 1.47 22.3
3.98 2.7 0 0 25
22.69 1.58 2.31 3 3
4 5 24.9 59.58 0.1
0 0 25 0 0
25 22.66 47.2 2.34 22.46
2.49 2.54 0 0 25
0 0 25 20.51 0.2
4.49 3 3 4 4
24.81 75.33 0.19 0 0
25 0 0 25 23.81
48.96 1.19 0 0 25
0 0 25 0 0
25 23.61 3.48 1.39 3
3 3 7 24.74 74.98
0.26 0 0 25 0
0 25 23.59 26.97 1.41
0 0 25 0 0
25 23.44 26.28 1.56 0
0 25 3 3 3
6 24.81 75.34 0.19 0
0 25 0 0 25
23.47 26.59 1.53 0 0
25 23.54 26.25 1.46 0
0 25 0 0 25
3 3 3 5 23.63
49.15 1.37 0 0 25
0 0 25 23.57 48.8
1.43 23.7 3.77 1.3 0
0 25 0 0 25
23.39 3.99 1.61 3 3
3 4 24.99 76.37 0.01
0 0 25 0 0
25 24.61 74.03 0.39 0
0 25 0 0 25
0 0 25 0 0
25 3 3 3 3
23.82 75.05 1.18 0 0
25 23.56 52.24 1.44 0
0 25 0 0 25
0 0 25 0 0
25 24.67 0.66 0.33 2
7 7 7 23.67 74.77
1.33 0 0 25 22.8
28.56 2.2 0 0 25
0 0 25 0 0
25 22.51 5 2.49 22.53
0.16 2.47 2 6 7
7 23.6 73.93 1.4 0
0 25 23.59 30.79 1.41
0 0 25 0 0
25 0 0 25 21.68
1.56 3.32 23.4 1.45 1.6
2 6 6 7 23.64
74.13 1.36 0 0 25
23.66 28.93 1.34 0 0
25 0 0 25 0
0 25 24.74 24.9 0.26
0 0 25 2 6
6 6 22.44 50.31 2.56
0 0 25 23.42 52.16
1.58 0 0 25 0
0 25 22.38 3.77 2.62
0 0 25 24.77 0.75
0.23 2 5 7 7
22.53 49.7 2.47 0 0
25 22.54 28.49 2.46 0
0 25 0 0 25
22.39 4.09 2.61 22.56 4.84
2.44 22.49 0.37 2.51 2
5 6 7 22.6 48.8
2.4 0 0 25 23.63
30.55 1.37 0 0 25
0 0 25 22.8 3.95
2.2 21.3 1.44 3.7 23.53
1.4 1.47 2 5 6
6 23.58 53.74 1.42 0
0 25 23.6 51.19 1.4
0 0 25 0 0
25 22.45 2.64 2.55 0
0 25 22.43 0.37 2.57
2 5 5 7 23.62
53.52 1.38 0 0 25
22.51 27.41 2.49 0 0
25 0 0 25 22.44
2.13 2.56 22.78 5.02 2.22
20.51 0.06 4.49 2 5
5 6 23.5 51.27 1.5
0 0 25 23.48 51.08
1.52 0 0 25 0
0 25 23.58 1.75 1.42
0 0 25 23.65 1.69
1.35 2 5 5 5
23.8 74.9 1.2 0 0
25 22.65 28.72 2.35 0
0 25 22.6 4.49 2.4
0 0 25 0 0
25 22.64 0.2 2.36 2
4 7 7 23.63 75.13
1.37 0 0 25 21.07
6.87 3.93 0 0 25
22.55 4.78 2.45 0 0
25 21.78 2.66 3.22 21.41
0.12 3.59 2 4 6
7 23.69 73.51 1.31 0
0 25 22.53 8.08 2.47
0 0 25 22.62 3.91
2.38 0 0 25 21.34
1.43 3.66 21.47 1.42 3.53
2 4 6 6 22.64
49.62 2.36 0 0 25
22.63 28.97 2.37 0 0
25 22.53 4.48 2.47 22.32
3.87 2.68 0 0 25
22.62 0.32 2.38 2 4
5 7 22.66 49.59 2.34
0 0 25 21.42 6.52
3.58 0 0 25 22.59
4.85 2.41 22.84 3.76 2.16
21.72 2.66 3.28 21.32 0.07
3.68 2 4 5 6
23.65 53.71 1.35 0 0
25 22.68 27.22 2.32 0
0 25 22.53 4.66 2.47
22.43 2.43 2.57 0 0
25 20.54 0.15 4.46 2
4 5 5 23.88 74.06
1.12 0 0 25 23.62
30.73 1.38 0 0 25
21.15 1.5 3.85 0 0
25 0 0 25 23.58
1.48 1.42 2 4 4
7 23.64 73.9 1.36 0
0 25 22.51 8.39 2.49
0 0 25 21.55 1.35
3.45 0 0 25 22.43
3.49 2.57 21.6 1.14 3.4
2 4 4 6 22.49
47.85 2.51 0 0 25
23.54 31.07 1.46 0 0
25 21.64 1.58 3.36 22.58
4.24 2.42 0 0 25
23.47 1.54 1.53 2 4
4 5 23.7 74.02 1.3
0 0 25 23.54 28.96
1.46 0 0 25 24.63
25.15 0.37 0 0 25
0 0 25 0 0
25 2 4 4 4
22.67 27.02 2.33 0 0
25 22.47 26.37 2.53 22.75
26.55 2.25 0 0 25
0 0 25 22.45 7.2
2.55 22.32 0.2 2.68 2
3 7 7 22.28 27.08
2.72 0 0 25 23.48
31.53 1.52 22.52 26.05 2.48
0 0 25 0 0
25 20.37 1.25 4.63 23.67
1.77 1.33 2 3 6
7 22.58 27.28 2.42 0
0 25 23.67 28.59 1.33
22.45 25.19 2.55 0 0
25 0 0 25 24.75
25.49 0.25 0 0 25
2 3 6 6 22.41
27.28 2.59 0 0 25
22.64 26.28 2.36 21.19 4.81
3.81 0 0 25 22.59
4.71 2.41 21.48 4.76 3.52
21.58 0.27 3.42 2 3
5 7 22.56 27.47 2.44
0 0 25 23.49 29.83
1.51 21.18 4.72 3.82 0
0 25 22.4 3.7 2.6
20.47 1.05 4.53 21.79 1.34
3.21 2 3 5 6
22.58 26.62 2.42 0 0
25 22.57 26.09 2.43 22.49
5.66 2.51 0 0 25
21.62 1.15 3.38 22.41 6.37
2.59 21.26 1.18 3.74 2
3 5 5 22.5 27.29
2.5 0 0 25 21.22
4.79 3.78 22.41 26.57 2.59
22.61 4.65 2.39 0 0
25 21.46 4.8 3.54 21.49
0.21 3.51 2 3 4
7 22.63 27.47 2.37 0
0 25 22.62 8.6 2.38
22.31 25.8 2.69 22.35 3.45
2.65 0 0 25 20.36
1.36 4.64 21.64 1.41 3.36
2 3 4 6 22.55
27.92 2.45 0 0 25
21.48 4.51 3.52 21.23 4.57
3.77 22.42 4.33 2.58 22.46
4.86 2.54 20.48 2.5 4.52
20.57 0.12 4.43 2 3
4 5 22.57 26.29 2.43
0 0 25 22.47 5.81
2.53 22.44 26.5 2.56 21.84
1.54 3.16 0 0 25
22.41 6.12 2.59 20.93 1.08
4.07 2 3 4 4
23.57 30.55 1.43 0 0
25 23.84 29.14 1.16 21.74
23.94 3.26 0 0 25
0 0 25 20.27 3.22
4.73 22.24 1.49 2.76 2
3 3 7 23.52 31.62
1.48 0 0 25 23.48
26.77 1.52 22.27 26.95 2.73
0 0 25 0 0
25 22.61 22.78 2.39 0
0 25 2 3 3
6 23.44 28.34 1.56 0
0 25 23.59 28.62 1.41
20.56 2.58 4.44 0 0
25 22.33 2.73 2.67 20.08
2.09 4.92 22.68 2.96 2.32
2 3 3 5 23.56
31.14 1.44 0 0 25
22.45 6.32 2.55 21.35 24
3.65 22.61 3.52 2.39 0
0 25 20.08 3.28 4.92
20.46 1.23 4.54 2 3
3 4 23.58 26.39 1.42
0 0 25 23.74 26.46
1.26 23.61 26.19 1.39 0
0 25 0 0 25
23.73 26.3 1.27 0 0
25 2 3 3 3
24.93 82.39 0.07 0 0
25 22.57 47.21 2.43 0
0 25 0 0 25
0 0 25 0 0
25 22.62 0.28 2.38 2
2 7 7 24.77 79.47
0.23 0 0 25 21.47
23.85 3.53 0 0 25
0 0 25 0 0
25 22.35 4.22 2.65 22.5
1.37 2.5 2 2 6
7 24.88 80.11 0.12 0
0 25 22.46 27.33 2.54
0 0 25 0 0
25 0 0 25 22.41
22.81 2.59 0 0 25
2 2 6 6 23.72
56.19 1.28 0 0 25
22.2 46.93 2.8 0 0
25 0 0 25 23.63
4.37 1.37 0 0 25
22.71 0.25 2.29 2 2
5 7 23.69 52.8 1.31
0 0 25 21.37 23.76
3.63 0 0 25 0
0 25 23.54 3.99 1.46
22.62 3.92 2.38 22.86 1.45
2.14 2 2 5 6
24.83 59.32 0.17 0 0
25 22.72 47.42 2.28 0
0 25 0 0 25
22.58 2.72 2.42 0 0
25 20.15 0.26 4.85 2
2 5 5 24.84 79.71
0.16 0 0 25 21.24
23.81 3.76 0 0 25
22.43 4.05 2.57 0 0
25 0 0 25 22.49
1.43 2.51 2 2 4
7 24.6 76.58 0.4 0
0 25 20.34 2.64 4.66
0 0 25 22.71 3.17
2.29 0 0 25 22.42
2.95 2.58 22.42 2.17 2.58
2 2 4 6 23.63
52.85 1.37 0 0 25
21.1 24.01 3.9 0 0
25 22.92 3.84 2.08 23.66
4.22 1.34 0 0 25
22.56 1.21 2.44 2 2
4 5 24.95 80.03 0.05
0 0 25 22.76 27.17
2.24 0 0 25 22.5
22.59 2.5 0 0 25
0 0 25 0 0
25 2 2 4 4
23.82 31.09 1.18 0 0
25 21.25 23.66 3.75 23.6
28.57 1.4 0 0 25
0 0 25 20.4 3.5
4.6 22.68 1.43 2.32 2
2 3 7 23.77 30.69
1.23 0 0 25 22.26
27.36 2.74 23.72 26.81 1.28
0 0 25 0 0
25 22.66 22.73 2.34 0
0 25 2 2 3
6 23.77 30.89 1.23 0
0 25 21.73 24.05 3.27
22.53 5.87 2.47 0 0
25 22.55 3.51 2.45 20.31
3.17 4.69 20.43 1.19 4.57
2 2 3 5 23.78
28.61 1.22 0 0 25
20.29 2.16 4.71 23.55 28.16
1.45 22.67 3 2.33 0
0 25 20.35 2.43 4.65
22.34 2.66 2.66 2 2
3 4 24.81 35.69 0.19
0 0 25 22.09 27.01
2.91 22.48 26.96 2.52 0
0 25 0 0 25
20.46 20.5 4.54 0 0
25 2 2 3 3
24.77 75.15 0.23 0 0
25 23.57 49.32 1.43 0
0 25 0 0 25
0 0 25 0 0
25 23.82 3.37 1.18 2
2 2 7 24.84 75.07
0.16 0 0 25 23.61
26.62 1.39 0 0 25
0 0 25 0 0
25 23.63 26.23 1.37 0
0 25 2 2 2
6 23.6 48.5 1.4 0
0 25 23.69 48.82 1.31
0 0 25 0 0
25 23.64 4.1 1.36 0
0 25 23.6 4.05 1.4
2 2 2 5 24.82
75.16 0.18 0 0 25
23.6 26.63 1.4 0 0
25 23.66 26.13 1.34 0
0 25 0 0 25
0 0 25 2 2
2 4 23.59 26.41 1.41
0 0 25 23.52 26.32
1.48 23.64 26.38 1.36 0
0 25 0 0 25
23.39 26.75 1.61 0 0
25 2 2 2 3
25 76.35 0 0 0
25 24.59 74.06 0.41 0
0 25 0 0 25
0 0 25 0 0
25 0 0 25 2
2 2 2 23.87 74.89
1.13 23.5 52.34 1.5 0
0 25 0 0 25
0 0 25 0 0
25 0 0 25 24.75
0.65 0.25 1 7 7
7 22.4 50.08 2.6 23.46
52.19 1.54 0 0 25
0 0 25 0 0
25 0 0 25 22.53
3.95 2.47 24.74 0.65 0.26
1 6 7 7 23.63
53.24 1.37 23.65 51.4 1.35
0 0 25 0 0
25 0 0 25 0
0 25 22.59 2.79 2.41
22.29 0.41 2.71 1 6
6 7 23.41 51.05 1.59
23.43 51.4 1.57 0 0
25 0 0 25 0
0 25 0 0 25
23.72 1.93 1.28 23.51 1.55
1.49 1 6 6 6
23.66 75.12 1.34 22.57 28.52
2.43 0 0 25 0
0 25 0 0 25
22.52 4.79 2.48 0 0
25 22.66 0.16 2.34 1
5 7 7 22.63 50.06
2.37 22.61 28.18 2.39 0
0 25 0 0 25
0 0 25 22.75 4.65
2.25 22.47 3.83 2.53 22.48
0.34 2.52 1 5 6
7 23.72 53.91 1.28 22.7
27.25 2.3 0 0 25
0 0 25 0 0
25 22.54 4.7 2.46 22.42
2.5 2.58 20.17 0.09 4.83
1 5 6 6 23.53
73.13 1.47 23.79 31.43 1.21
0 0 25 0 0
25 0 0 25 21.56
1.54 3.44 0 0 25
23.67 1.35 1.33 1 5
5 7 22.44 48.62 2.56
23.5 30.4 1.5 0 0
25 0 0 25 0
0 25 21.79 1.24 3.21
22.73 4.09 2.27 23.72 1.47
1.28 1 5 5 6
23.88 73.57 1.12 23.53 29.21
1.47 0 0 25 0
0 25 0 0 25
24.58 25.23 0.42 0 0
25 0 0 25 1
5 5 5 23.68 75.14
1.32 22.53 28.82 2.47 0
0 25 0 0 25
22.4 4.8 2.6 0 0
25 0 0 25 22.42
0.21 2.58 1 4 7
7 22.55 49.98 2.45 22.54
28.84 2.46 0 0 25
0 0 25 22.51 4.73
2.49 0 0 25 22.28
3.8 2.72 22.54 0.23 2.46
1 4 6 7 23.73
53.28 1.27 22.5 27.58 2.5
0 0 25 0 0
25 22.45 4.73 2.55 0
0 25 22.6 2.7 2.4
20.29 0.14 4.71 1 4
6 6 23.85 75.27 1.15
21.53 6.85 3.47 0 0
25 0 0 25 22.4
4.9 2.6 21.2 2.36 3.8
0 0 25 21.51 0.13
3.49 1 4 5 7
22.91 50.31 2.09 21.26 6.47
3.74 0 0 25 0
0 25 22.42 4.32 2.58
21.44 2.29 3.56 22.61 4.05
2.39 21.79 0.13 3.21 1
4 5 6 23.7 73.71
1.3 22.72 8.22 2.28 0
0 25 0 0 25
22.39 3.87 2.61 21.57 1.22
3.43 0 0 25 21.37
1.23 3.63 1 4 5
5 23.69 73.8 1.31 23.6
30.73 1.4 0 0 25
0 0 25 21.72 1.48
3.28 0 0 25 0
0 25 23.64 1.34 1.36
1 4 4 7 22.53
48.76 2.47 23.6 30.53 1.4
0 0 25 0 0
25 21.63 1.43 3.37 0
0 25 22.76 3.63 2.24
23.59 1.54 1.41 1 4
4 6 23.61 74.23 1.39
22.3 8.1 2.7 0 0
25 0 0 25 21.49
1.39 3.51 22.35 3.86 2.65
0 0 25 21.47 1.2
3.53 1 4 4 5
23.75 74.39 1.25 23.33 28.94
1.67 0 0 25 0
0 25 24.56 25.03 0.44
0 0 25 0 0
25 0 0 25 1
4 4 4 22.7 27.32
2.3 22.78 25.63 2.22 0
0 25 22.61 26.65 2.39
0 0 25 22.64 6.95
2.36 0 0 25 22.41
0.31 2.59 1 3 7
7 22.7 27.8 2.3 22.42
26.36 2.58 0 0 25
21.22 4.3 3.78 0 0
25 22.26 7.12 2.74 21.53
2.44 3.47 21.57 0.28 3.43
1 3 6 7 22.48
26.42 2.52 22.41 25.85 2.59
0 0 25 22.42 6.4
2.58 0 0 25 22.57
6.11 2.43 21.39 1.31 3.61
21.33 1.31 3.67 1 3
6 6 22.6 27.34 2.4
23.52 30.62 1.48 0 0
25 22.67 26.18 2.33 0
0 25 20.39 1.18 4.61
0 0 25 23.64 1.86
1.36 1 3 5 7
22.27 27.47 2.73 23.5 29.96
1.5 0 0 25 21.82
4.64 3.18 0 0 25
20.52 1.26 4.48 22.39 3.51
2.61 21.56 1.1 3.44 1
3 5 6 22.53 27.76
2.47 23.62 28.49 1.38 0
0 25 22.58 24.97 2.42
0 0 25 24.65 25.4
0.35 0 0 25 0
0 25 1 3 5
5 22.6 27.63 2.4 21.48
4.93 3.52 0 0 25
22.51 26 2.49 22.68 4.85
2.32 21.05 4.61 3.95 0
0 25 21.38 0.28 3.62
1 3 4 7 22.39
27.4 2.61 21.19 5 3.81
0 0 25 21.97 4.7
3.03 22.51 4.81 2.49 21.27
4.64 3.73 21.37 2.16 3.63
20.41 0.18 4.59 1 3
4 6 22.5 27.51 2.5
22.49 8.08 2.51 0 0
25 22.57 26.43 2.43 22.59
3.39 2.41 20.52 1.32 4.48
0 0 25 21.46 1.14
3.54 1 3 4 5
22.49 25.94 2.51 22.39 6.07
2.61 0 0 25 22.49
26.34 2.51 21.54 1.33 3.46
22.49 6.29 2.51 0 0
25 21.44 1.19 3.56 1
3 4 4 23.79 31.53
1.21 23.53 28.24 1.47 0
0 25 21.43 23.61 3.57
0 0 25 20.49 3.57
4.51 0 0 25 22.37
1.44 2.63 1 3 3
7 23.57 28.62 1.43 23.57
28.76 1.43 0 0 25
20.16 2.27 4.84 0 0
25 19.92 2.55 5.08 22.68
2.71 2.32 22.53 2.66 2.47
1 3 3 6 23.76
31.17 1.24 23.44 26.68 1.56
0 0 25 22.5 26.81
2.5 0 0 25 22.65
22.99 2.35 0 0 25
0 0 25 1 3
3 5 23.54 31.17 1.46
22.51 6.01 2.49 0 0
25 21.44 23.53 3.56 22.52
3.43 2.48 20.69 3.24 4.31
0 0 25 20.76 1.16
4.24 1 3 3 4
23.71 26.28 1.29 23.56 26.31
1.44 0 0 25 23.67
26.52 1.33 0 0 25
23.63 26.32 1.37 0 0
25 0 0 25 1
3 3 3 22.7 27.54
2.3 22.51 26.18 2.49 22.34
26.53 2.66 0 0 25
22.58 6.8 2.42 0 0
25 0 0 25 22.56
0.26 2.44 1 2 7
7 22.6 27.2 2.4 22.44
26.16 2.56 21.6 4.96 3.4
0 0 25 22.36 7.18
2.64 0 0 25 21.47
2.43 3.53 21.4 0.2 3.6
1 2 6 7 22.6
26.36 2.4 22.51 25.92 2.49
22.26 6.18 2.74 0 0
25 22.39 6.35 2.61 0
0 25 21.54 1.31 3.46
21.35 1.23 3.65 1 2
6 6 22.51 27.25 2.49
21.44 4.93 3.56 22.6 26.33
2.4 0 0 25 22.35
7.24 2.65 21.46 2.34 3.54
0 0 25 21.37 0.18
3.63 1 2 5 7
22.46 27.41 2.54 21.42 4.6
3.58 21.41 4.59 3.59 0
0 25 22.45 7.24 2.55
21.58 2.36 3.42 21.47 2.75
3.53 20.09 0.17 4.91 1
2 5 6 22.53 26.32
2.47 22.38 6.19 2.62 22.6
26.13 2.4 0 0 25
22.44 5.57 2.56 21.56 1.32
3.44 0 0 25 21.73
1.23 3.27 1 2 5
5 22.59 27.65 2.41 23.38
30.38 1.62 22.73 26.31 2.27
0 0 25 20.33 1.31
4.67 0 0 25 0
0 25 23.73 1.59 1.27
1 2 4 7 22.54
27.43 2.46 23.42 29.72 1.58
21.58 4.82 3.42 0 0
25 20.22 1.13 4.78 0
0 25 22.7 3.74 2.3
21.52 1.18 3.48 1 2
4 6 22.75 27.57 2.25
22.5 7.74 2.5 22.32 26.12
2.68 0 0 25 20.62
1.3 4.38 22.76 3.52 2.24
0 0 25 21.59 1.21
3.41 1 2 4 5
22.55 27.74 2.45 23.51 28.65
1.49 22.28 25.34 2.72 0
0 25 24.63 25.3 0.37
0 0 25 0 0
25 0 0 25 1
2 4 4 21.4 3.25
3.6 21.32 3.83 3.68 21.52
3.49 3.48 21.3 3.39 3.7
22.56 6.69 2.44 21.59 3.82
3.41 21.68 3.48 3.32 20.47
0.21 4.53 1 2 3
7 21.31 3.54 3.69 21.51
3.24 3.49 22.61 5.89 2.39
21.52 3.58 3.48 22.74 5.73
2.26 21.72 3.47 3.28 20.34
1.2 4.66 20.42 1.18 4.58
1 2 3 6 21.51
3.5 3.49 22.46 5.64 2.54
21.8 3.74 3.2 21.53 3.55
3.47 22.57 5.99 2.43 20.36
1.39 4.64 21.53 3.23 3.47
20.03 1.17 4.97 1 2
3 5 21.25 3.77 3.75
22.48 5.89 2.52 21.44 3.85
3.56 21.33 3.64 3.67 20.26
1.12 4.74 22.56 5.65 2.44
21.69 3.52 3.31 20.46 1.09
4.54 1 2 3 4
22.42 5.3 2.58 22.38 4.77
2.62 22.25 4.95 2.75 20.36
2.47 4.64 22.49 4.84 2.51
20.36 2.28 4.64 20.25 2.29
4.75 20.52 2.07 4.48 1
2 3 3 23.63 31.27
1.37 23.36 28.74 1.64 21.29
24.06 3.71 0 0 25
20.57 3.35 4.43 0 0
25 0 0 25 22.35
1.38 2.65 1 2 2
7 23.54 28.58 1.46 23.53
28.75 1.47 20.19 2.35 4.81
0 0 25 20.19 2.75
4.81 0 0 25 22.42
2.76 2.58 22.11 2.83 2.89
1 2 2 6 23.69
31.21 1.31 22.7 6.2 2.3
21.38 23.88 3.62 0 0
25 20.25 3.21 4.75 22.33
3.59 2.67 0 0 25
20.16 1.4 4.84 1 2
2 5 23.54 31.34 1.46
23.5 26.78 1.5 22.46 26.96
2.54 0 0 25 22.62
22.8 2.38 0 0 25
0 0 25 0 0
25 1 2 2 4
22.9 4.58 2.1 22.5 4.28
2.5 20.36 2.28 4.64 22.49
4.95 2.51 20.52 2.28 4.48
22.5 5.21 2.5 20.22 2.31
4.78 20.22 2.4 4.78 1
2 2 3 23.49 26.57
1.51 23.61 26.24 1.39 23.7
26.64 1.3 0 0 25
23.51 26.24 1.49 0 0
25 0 0 25 0
0 25 1 2 2
2 24.96 82.9 0.04 22.39
47.04 2.61 0 0 25
0 0 25 0 0
25 0 0 25 0
0 25 22.54 0.17 2.46
1 1 7 7 23.76
55.21 1.24 22.56 47.86 2.44
0 0 25 0 0
25 0 0 25 0
0 25 23.56 4.23 1.44
22.56 0.26 2.44 1 1
6 7 24.9 60.25 0.1
22.44 47.04 2.56 0 0
25 0 0 25 0
0 25 0 0 25
22.4 2.32 2.6 20.43 0.22
4.57 1 1 6 6
24.78 79.28 0.22 21.49 23.46
3.51 0 0 25 0
0 25 0 0 25
22.66 4.45 2.34 0 0
25 22.49 1.39 2.51 1
1 5 7 23.34 53.12
1.66 21.41 23.94 3.59 0
0 25 0 0 25
0 0 25 22.56 3.8
2.44 23.62 4.15 1.38 22.69
1.37 2.31 1 1 5
6 24.91 80.29 0.09 22.64
26.87 2.36 0 0 25
0 0 25 0 0
25 22.64 22.65 2.36 0
0 25 0 0 25
1 1 5 5 24.75
79.61 0.25 21.34 23.71 3.66
0 0 25 0 0
25 22.67 4.31 2.33 0
0 25 0 0 25
22.48 1.13 2.52 1 1
4 7 23.67 53.51 1.33
21.27 23.66 3.73 0 0
25 0 0 25 22.31
3.84 2.69 0 0 25
23.47 3.92 1.53 22.68 1.67
2.32 1 1 4 6
24.7 76.65 0.3 20.27 2.36
4.73 0 0 25 0
0 25 22.3 2.96 2.7
22.56 2.72 2.44 0 0
25 22.72 2.76 2.28 1
1 4 5 24.93 80.48
0.07 22.58 27.13 2.42 0
0 25 0 0 25
22.48 22.4 2.52 0 0
25 0 0 25 0
0 25 1 1 4
4 23.93 31.38 1.07 21.44
23.84 3.56 0 0 25
23.67 28.35 1.33 0 0
25 20.17 3.21 4.83 0
0 25 22.5 1.51 2.5
1 1 3 7 23.84
31.22 1.16 21.34 23.79 3.66
0 0 25 22.33 5.94
2.67 0 0 25 20.27
3.05 4.73 22.57 3.52 2.43
20.73 1.4 4.27 1 1
3 6 23.85 30.92 1.15
22.68 27 2.32 0 0
25 23.58 26.62 1.42 0
0 25 22.73 22.62 2.27
0 0 25 0 0
25 1 1 3 5
23.47 28.56 1.53 20.36 2.2
4.64 0 0 25 23.76
28.24 1.24 22.59 2.84 2.41
20.37 2.38 4.63 0 0
25 22.41 2.82 2.59 1
1 3 4 24.89 35.24
0.11 22.48 26.88 2.52 0
0 25 22.61 26.52 2.39
0 0 25 20.6 20.78
4.4 0 0 25 0
0 25 1 1 3
3 23.69 30.86 1.31 21.68
23.91 3.32 23.61 28.83 1.39
0 0 25 20.18 3.17
4.82 0 0 25 0
0 25 22.45 1.62 2.55
1 1 2 7 23.78
31.66 1.22 21.55 23.45 3.45
22.15 6.07 2.85 0 0
25 20.39 3.18 4.61 0
0 25 22.43 3.66 2.57
20.43 1.25 4.57 1 1
2 6 23.61 29.11 1.39
20.4 2.26 4.6 23.43 28.48
1.57 0 0 25 20.38
2.04 4.62 22.4 2.67 2.6
0 0 25 22.52 2.7
2.48 1 1 2 5
23.79 31.16 1.21 22.32 27.01
2.68 23.57 26.42 1.43 0
0 25 22.57 23.16 2.43
0 0 25 0 0
25 0 0 25 1
1 2 4 22.42 5.36
2.58 20 2.48 5 22.23
4.96 2.77 22.55 4.87 2.45
20.41 2.27 4.59 20.34 2.3
4.66 22.43 4.82 2.57 20.53
2.03 4.47 1 1 2
3 24.94 35.54 0.06 22.42
26.94 2.58 22.29 26.9 2.71
0 0 25 20.48 20.49
4.52 0 0 25 0
0 25 0 0 25
1 1 2 2 24.86
75.28 0.14 23.84 49.16 1.16
0 0 25 0 0
25 0 0 25 0
0 25 0 0 25
23.44 3.42 1.56 1 1
1 7 23.62 48.96 1.38
23.53 49.12 1.47 0 0
25 0 0 25 0
0 25 0 0 25
23.42 3.87 1.58 23.62 3.86
1.38 1 1 1 6
24.75 74.98 0.25 23.82 26.84
1.18 0 0 25 0
0 25 0 0 25
23.63 25.98 1.37 0 0
25 0 0 25 1
1 1 5 24.76 75.12
0.24 23.61 26.9 1.39 0
0 25 0 0 25
23.52 26.09 1.48 0 0
25 0 0 25 0
0 25 1 1 1
4 23.48 26.35 1.52 23.58
26.67 1.42 0 0 25
23.61 26.53 1.39 0 0
25 23.63 26.15 1.37 0
0 25 0 0 25
1 1 1 3 23.52
26.41 1.48 23.42 26.39 1.58
23.68 26.41 1.32 0 0
25 23.57 26.6 1.43 0
0 25 0 0 25
0 0 25 1 1
1 2 24.96 76.35 0.04
24.61 74.08 0.39 0 0
25 0 0 25 0
0 25 0 0 25
0 0 25 0 0
25 1 1 1 1
