24.97 149.86 0.03 0 0
25 0 0 25 0
0 25 0 0 25
0 0 25 0 0
25 24.98 0.19 0.02 7
7 7 7 7 23.79
119.66 1.21 0 0 25
0 0 25 0 0
25 0 0 25 0
0 25 23.91 7.89 1.09
24.68 0.07 0.32 6 7
7 7 7 24.92 126.91
0.08 0 0 25 0
0 25 0 0 25
0 0 25 0 0
25 22.38 0.68 2.62 24.77
0.34 0.23 6 6 7
7 7 24.77 124.31 0.23
0 0 25 0 0
25 0 0 25 0
0 25 0 0 25
24.78 3.57 0.22 22.48 0.09
2.52 6 6 6 7
7 24.95 125.34 0.05 0
0 25 0 0 25
0 0 25 0 0
25 0 0 25 23.32
1.22 1.68 23.79 1.38 1.21
6 6 6 6 7
24.96 124.87 0.04 0 0
25 0 0 25 0
0 25 0 0 25
0 0 25 25 25.17
0 0 0 25 6
6 6 6 6 23.77
119.96 1.23 0 0 25
0 0 25 0 0
25 0 0 25 23.57
7.97 1.43 0 0 25
24.66 0.07 0.34 5 7
7 7 7 22.47 92.27
2.53 0 0 25 0
0 25 0 0 25
0 0 25 23.83 8.23
1.17 22.38 6.34 2.62 24.45
0.03 0.55 5 6 7
7 7 23.67 98.57 1.33
0 0 25 0 0
25 0 0 25 0
0 25 23.6 6.59 1.4
22.32 0.48 2.68 24.46 0.31
0.54 5 6 6 7
7 23.34 95.89 1.66 0
0 25 0 0 25
0 0 25 0 0
25 23.72 6.81 1.28 24.67
2.98 0.33 22.55 0.04 2.45
5 6 6 6 7
23.69 96.67 1.31 0 0
25 0 0 25 0
0 25 0 0 25
23.76 6.43 1.24 23.21 1.49
1.79 23.29 1.46 1.71 5
6 6 6 6 24.85
126.74 0.15 0 0 25
0 0 25 0 0
25 0 0 25 22.68
0.54 2.32 0 0 25
24.84 0.35 0.16 5 5
7 7 7 23.7 98.48
1.3 0 0 25 0
0 25 0 0 25
0 0 25 22.19 0.57
2.81 23.81 6.47 1.19 24.54
0.24 0.46 5 5 6
7 7 24.88 103.96 0.12
0 0 25 0 0
25 0 0 25 0
0 25 22.62 0.46 2.38
22.51 0.49 2.49 24.67 0.41
0.33 5 5 6 6
7 24.81 101.7 0.19 0
0 25 0 0 25
0 0 25 0 0
25 22.37 0.45 2.63 24.8
3.05 0.2 22.62 0.2 2.38
5 5 6 6 6
24.78 124.01 0.22 0 0
25 0 0 25 0
0 25 0 0 25
24.84 3.44 0.16 0 0
25 22.82 0.11 2.18 5
5 5 7 7 23.79
96.13 1.21 0 0 25
0 0 25 0 0
25 0 0 25 24.8
3.41 0.2 23.49 6 1.51
22.31 0.07 2.69 5 5
5 6 7 24.76 101.65
0.24 0 0 25 0
0 25 0 0 25
0 0 25 24.82 3.3
0.18 22.37 0.46 2.63 22.45
0.19 2.55 5 5 5
6 6 24.99 125.17 0.01
0 0 25 0 0
25 0 0 25 0
0 25 23.52 1.42 1.48
0 0 25 23.61 1.29
1.39 5 5 5 5
7 23.61 96.46 1.39 0
0 25 0 0 25
0 0 25 0 0
25 23.47 1.19 1.53 23.75
6.64 1.25 23.58 1.3 1.42
5 5 5 5 6
24.97 124.9 0.03 0 0
25 0 0 25 0
0 25 0 0 25
24.98 25.15 0.02 0 0
25 0 0 25 5
5 5 5 5 23.77
119.95 1.23 0 0 25
0 0 25 0 0
25 23.79 7.77 1.21 0
0 25 0 0 25
24.58 0.14 0.42 4 7
7 7 7 22.45 92.45
2.55 0 0 25 0
0 25 0 0 25
23.76 7.76 1.24 0 0
25 22.55 6.34 2.45 24.6
0.09 0.4 4 6 7
7 7 23.6 98.09 1.4
0 0 25 0 0
25 0 0 25 23.76
6.96 1.24 0 0 25
22.3 0.61 2.7 24.42 0.26
0.58 4 6 6 7
7 23.63 95.39 1.37 0
0 25 0 0 25
0 0 25 23.78 6.96
1.22 0 0 25 24.63
3.43 0.37 22.11 0.07 2.89
4 6 6 6 7
23.69 96.74 1.31 0 0
25 0 0 25 0
0 25 23.87 6.31 1.13
0 0 25 23.29 1.21
1.71 23.56 1.33 1.44 4
6 6 6 6 22.81
92.7 2.19 0 0 25
0 0 25 0 0
25 23.76 7.76 1.24 22.42
6.02 2.58 0 0 25
24.5 0.03 0.5 4 5
7 7 7 21.43 68.18
3.57 0 0 25 0
0 25 0 0 25
23.66 8.03 1.34 22.55 6.09
2.45 21.28 4.34 3.72 24.42
0.02 0.58 4 5 6
7 7 22.45 72.44 2.55
0 0 25 0 0
25 0 0 25 23.73
6.04 1.27 22.63 5.12 2.37
22.63 0.48 2.37 24.36 0.12
0.64 4 5 6 6
7 22.81 69.78 2.19 0
0 25 0 0 25
0 0 25 23.81 6.32
1.19 22.45 5.24 2.55 24.47
2.79 0.53 22.26 0.07 2.74
4 5 6 6 6
23.68 98.2 1.32 0 0
25 0 0 25 0
0 25 23.67 6.76 1.33
22.31 0.66 2.69 0 0
25 24.5 0.22 0.5 4
5 5 7 7 22.34
72.67 2.66 0 0 25
0 0 25 0 0
25 23.66 6.59 1.34 22.36
0.35 2.64 22.62 4.65 2.38
24.53 0.23 0.47 4 5
5 6 7 23.65 76.69
1.35 0 0 25 0
0 25 0 0 25
23.53 5.67 1.47 22.35 0.53
2.65 22.35 0.49 2.65 24.44
0.3 0.56 4 5 5
6 6 23.42 95.79 1.58
0 0 25 0 0
25 0 0 25 23.77
6.85 1.23 24.63 3.13 0.37
0 0 25 22.36 0.05
2.64 4 5 5 5
7 22.23 69.54 2.77 0
0 25 0 0 25
0 0 25 23.79 6.59
1.21 24.54 3.37 0.46 22.36
5.2 2.64 22.33 0.05 2.67
4 5 5 5 6
23.69 96.2 1.31 0 0
25 0 0 25 0
0 25 23.86 6.8 1.14
23.52 1.25 1.48 0 0
25 23.47 1.21 1.53 4
5 5 5 5 24.91
127.03 0.09 0 0 25
0 0 25 0 0
25 22.41 0.51 2.59 0
0 25 0 0 25
24.83 0.31 0.17 4 4
7 7 7 23.77 98.61
1.23 0 0 25 0
0 25 0 0 25
22.15 0.42 2.85 0 0
25 23.65 6.7 1.35 24.45
0.25 0.55 4 4 6
7 7 24.85 104.07 0.15
0 0 25 0 0
25 0 0 25 22.42
0.44 2.58 0 0 25
22.64 0.54 2.36 24.64 0.4
0.36 4 4 6 6
7 24.74 101.95 0.26 0
0 25 0 0 25
0 0 25 22.07 0.45
2.93 0 0 25 24.68
3.45 0.32 22.29 0.37 2.71
4 4 6 6 6
23.62 98.32 1.38 0 0
25 0 0 25 0
0 25 22.47 0.54 2.53
23.64 6.75 1.36 0 0
25 24.52 0.14 0.48 4
4 5 7 7 22.66
71.62 2.34 0 0 25
0 0 25 0 0
25 22.62 0.5 2.38 23.59
6.25 1.41 22.82 5.39 2.18
24.33 0.22 0.67 4 4
5 6 7 23.76 76.52
1.24 0 0 25 0
0 25 0 0 25
22.31 0.51 2.69 23.72 5.41
1.28 22.52 0.51 2.48 24.38
0.36 0.62 4 4 5
6 6 24.91 104.63 0.09
0 0 25 0 0
25 0 0 25 22.38
0.49 2.62 22.11 0.34 2.89
0 0 25 24.68 0.46
0.32 4 4 5 5
7 23.84 76.68 1.16 0
0 25 0 0 25
0 0 25 22.31 0.48
2.69 22.48 0.55 2.52 23.59
5.34 1.41 24.38 0.35 0.62
4 4 5 5 6
24.79 101.63 0.21 0 0
25 0 0 25 0
0 25 22.44 0.38 2.56
24.8 3.33 0.2 0 0
25 22.37 0.26 2.63 4
4 5 5 5 24.76
124.02 0.24 0 0 25
0 0 25 0 0
25 24.83 3.84 0.17 0
0 25 0 0 25
22.47 0.08 2.53 4 4
4 7 7 23.58 95.65
1.42 0 0 25 0
0 25 0 0 25
24.67 3.53 0.33 0 0
25 23.4 6.69 1.6 22.41
0.07 2.59 4 4 4
6 7 24.68 101.57 0.32
0 0 25 0 0
25 0 0 25 24.7
3.23 0.3 0 0 25
22.59 0.6 2.41 22.43 0.2
2.57 4 4 4 6
6 23.5 95.72 1.5 0
0 25 0 0 25
0 0 25 24.73 3.39
0.27 23.5 6.52 1.5 0
0 25 22.56 0.08 2.44
4 4 4 5 7
22.49 69.42 2.51 0 0
25 0 0 25 0
0 25 24.82 3.76 0.18
23.45 6.65 1.55 22.26 4.97
2.74 22.15 0.03 2.85 4
4 4 5 6 24.65
101.75 0.35 0 0 25
0 0 25 0 0
25 24.75 3.36 0.25 22.27
0.52 2.73 0 0 25
22.5 0.2 2.5 4 4
4 5 5 24.97 125.31
0.03 0 0 25 0
0 25 0 0 25
23.27 1.15 1.73 0 0
25 0 0 25 23.86
1.44 1.14 4 4 4
4 7 23.79 96.71 1.21
0 0 25 0 0
25 0 0 25 23.51
1.2 1.49 0 0 25
23.76 6.47 1.24 23.48 1.08
1.52 4 4 4 4
6 23.95 96.45 1.05 0
0 25 0 0 25
0 0 25 23.22 1.41
1.78 23.63 6.67 1.37 0
0 25 23.31 1.36 1.69
4 4 4 4 5
25 124.93 0 0 0
25 0 0 25 0
0 25 24.99 25.08 0.01
0 0 25 0 0
25 0 0 25 4
4 4 4 4 23.78
75.5 1.22 0 0 25
0 0 25 23.7 52.28
1.3 0 0 25 0
0 25 0 0 25
24.62 0.12 0.38 3 7
7 7 7 23.52 75.02
1.48 0 0 25 0
0 25 22.55 28.91 2.45
0 0 25 0 0
25 22.23 2.71 2.77 24.73
0.33 0.27 3 6 7
7 7 23.69 73.68 1.31
0 0 25 0 0
25 23.49 31.46 1.51 0
0 25 0 0 25
22.57 2.71 2.43 22.31 0.09
2.69 3 6 6 7
7 23.89 73.97 1.11 0
0 25 0 0 25
23.57 28.69 1.43 0 0
25 0 0 25 23.41
1.45 1.59 23.71 1.31 1.29
3 6 6 6 7
23.84 73.94 1.16 0 0
25 0 0 25 23.7
29 1.3 0 0 25
0 0 25 24.78 24.74
0.22 0 0 25 3
6 6 6 6 23.7
75.37 1.3 0 0 25
0 0 25 22.81 28.17
2.19 0 0 25 22.49
2.53 2.51 0 0 25
24.71 0.22 0.29 3 5
7 7 7 23.71 75.21
1.29 0 0 25 0
0 25 21.48 6.52 3.52
0 0 25 22.52 2.73
2.48 21.38 1.32 3.62 24.67
0.46 0.33 3 5 6
7 7 23.63 74.11 1.37
0 0 25 0 0
25 22.5 7.93 2.5 0
0 25 22.35 1.6 2.65
22.63 2.3 2.37 22.7 0.25
2.3 3 5 6 6
7 23.61 73.44 1.39 0
0 25 0 0 25
22.46 6.35 2.54 0 0
25 22.62 1.69 2.38 23.29
1.52 1.71 23.45 1.57 1.55
3 5 6 6 6
23.76 73.74 1.24 0 0
25 0 0 25 23.76
31.19 1.24 0 0 25
22.42 2.57 2.58 0 0
25 22.48 0.08 2.52 3
5 5 7 7 23.68
73.48 1.32 0 0 25
0 0 25 22.4 8.61
2.6 0 0 25 22.44
2.69 2.56 22.32 1.76 2.68
22.4 0.22 2.6 3 5
5 6 7 23.59 72.19
1.41 0 0 25 0
0 25 23.57 9.84 1.43
0 0 25 22.67 2.68
2.33 22.52 2.37 2.48 20.43
0.14 4.57 3 5 5
6 6 23.71 74.04 1.29
0 0 25 0 0
25 23.48 28.9 1.52 0
0 25 23.32 1.69 1.68
0 0 25 23.52 1.34
1.48 3 5 5 5
7 23.78 74.02 1.22 0
0 25 0 0 25
22.51 5.98 2.49 0 0
25 23.46 1.36 1.54 22.38
1.38 2.62 23.75 1.38 1.25
3 5 5 5 6
23.7 74.24 1.3 0 0
25 0 0 25 23.67
29.04 1.33 0 0 25
24.65 24.7 0.35 0 0
25 0 0 25 3
5 5 5 5 22.34
49.46 2.66 0 0 25
0 0 25 23.73 52.87
1.27 22.85 4.23 2.15 0
0 25 0 0 25
24.5 0.02 0.5 3 4
7 7 7 22.55 49.56
2.45 0 0 25 0
0 25 22.61 28.78 2.39
22.45 3.97 2.55 0 0
25 22.45 2.77 2.55 24.59
0.27 0.41 3 4 6
7 7 22.81 48.79 2.19
0 0 25 0 0
25 23.89 31.42 1.11 22.35
3.45 2.65 0 0 25
22.38 2.49 2.62 22.31 0.11
2.69 3 4 6 6
7 22.33 49.02 2.67 0
0 25 0 0 25
23.52 28.97 1.48 22.52 3.82
2.48 0 0 25 23.39
1.75 1.61 23.38 1.3 1.62
3 4 6 6 6
22.29 49.93 2.71 0 0
25 0 0 25 22.22
28.91 2.78 22.61 4.15 2.39
22.53 2.84 2.47 0 0
25 24.37 0.15 0.63 3
4 5 7 7 22.5
49.51 2.5 0 0 25
0 0 25 21.36 6.85
3.64 22.67 4.22 2.33 22.19
2.61 2.81 21.5 1.68 3.5
24.52 0.39 0.48 3 4
5 6 7 22.64 48.92
2.36 0 0 25 0
0 25 22.55 7.54 2.45
22.65 4.06 2.35 22.61 1.63
2.39 22.33 2.21 2.67 22.72
0.14 2.28 3 4 5
6 6 22.49 48.43 2.51
0 0 25 0 0
25 23.66 31.65 1.34 22.57
4.1 2.43 22.2 2.54 2.8
0 0 25 22.23 0.13
2.77 3 4 5 5
7 22.69 49.09 2.31 0
0 25 0 0 25
22.23 8.34 2.77 22.31 3.73
2.69 22.45 2.89 2.55 22.27
1.9 2.73 21.91 0.19 3.09
3 4 5 5 6
22.78 49.17 2.22 0 0
25 0 0 25 23.62
28.56 1.38 22.35 3.97 2.65
23.43 1.57 1.57 0 0
25 23.34 1.21 1.66 3
4 5 5 5 23.71
53.33 1.29 0 0 25
0 0 25 23.63 51.65
1.37 22.38 0.59 2.62 0
0 25 0 0 25
24.51 0.2 0.49 3 4
4 7 7 23.66 53.09
1.34 0 0 25 0
0 25 22.53 27.66 2.47
22.46 0.37 2.54 0 0
25 22.49 2.82 2.51 24.59
0.33 0.41 3 4 4
6 7 23.58 52.35 1.42
0 0 25 0 0
25 23.69 29.86 1.31 22.26
0.51 2.74 0 0 25
22.56 2.86 2.44 22.04 0.29
2.96 3 4 4 6
6 23.57 53.75 1.43 0
0 25 0 0 25
22.37 27.41 2.63 22.6 0.45
2.4 22.37 2.56 2.63 0
0 25 24.52 0.4 0.48
3 4 4 5 7
23.73 53.42 1.27 0 0
25 0 0 25 21.42
5.67 3.58 22.2 0.42 2.8
22.6 2.48 2.4 21.63 1.51
3.37 24.51 0.41 0.49 3
4 4 5 6 23.84
52.81 1.16 0 0 25
0 0 25 23.65 29.26
1.35 22.28 0.38 2.72 22.68
2.31 2.32 0 0 25
22.6 0.19 2.4 3 4
4 5 5 23.48 50.99
1.52 0 0 25 0
0 25 23.8 51.82 1.2
24.6 2.85 0.4 0 0
25 0 0 25 22.37
0.09 2.63 3 4 4
4 7 23.67 51.29 1.33
0 0 25 0 0
25 22.4 27.26 2.6 24.6
2.62 0.4 0 0 25
22.41 2.91 2.59 22.6 0.24
2.4 3 4 4 4
6 23.55 51 1.45 0
0 25 0 0 25
22.78 27.97 2.22 24.46 2.82
0.54 22.39 2.51 2.61 0
0 25 22.35 0.17 2.65
3 4 4 4 5
23.53 51.12 1.47 0 0
25 0 0 25 23.83
52.24 1.17 23.69 1.24 1.31
0 0 25 0 0
25 23.31 1.04 1.69 3
4 4 4 4 24.91
81.8 0.09 0 0 25
0 0 25 22.34 45.48
2.66 0 0 25 0
0 25 0 0 25
24.78 0.69 0.22 3 3
7 7 7 24.8 79.85
0.2 0 0 25 0
0 25 21.26 22.64 3.74
0 0 25 0 0
25 23.53 5.08 1.47 22.71
0.13 2.29 3 3 6
7 7 24.89 79.56 0.11
0 0 25 0 0
25 22.44 25.1 2.56 0
0 25 0 0 25
21.53 1.28 3.47 23.67 1.53
1.33 3 3 6 6
7 24.92 79.69 0.08 0
0 25 0 0 25
22.33 22.98 2.67 0 0
25 0 0 25 24.8
25.28 0.2 0 0 25
3 3 6 6 6
24.83 79.31 0.17 0 0
25 0 0 25 21.27
22.84 3.73 0 0 25
23.83 5.36 1.17 0 0
25 22.35 0.21 2.65 3
3 5 7 7 24.58
76.53 0.42 0 0 25
0 0 25 20.49 2.57
4.51 0 0 25 23.5
5.38 1.5 22.28 3.26 2.72
21.26 0.15 3.74 3 3
5 6 7 24.81 77.19
0.19 0 0 25 0
0 25 21.53 3.6 3.47
0 0 25 23.66 4.06
1.34 21.43 1.25 3.57 21.31
1.16 3.69 3 3 5
6 6 24.91 79.95 0.09
0 0 25 0 0
25 22.44 24.74 2.56 0
0 25 21.47 1.2 3.53
0 0 25 23.66 1.63
1.34 3 3 5 5
7 24.8 77.14 0.2 0
0 25 0 0 25
21.5 3.61 3.5 0 0
25 21.39 1.15 3.61 23.64
4.21 1.36 21.44 1.12 3.56
3 3 5 5 6
24.91 79.71 0.09 0 0
25 0 0 25 22.47
22.8 2.53 0 0 25
24.9 25.21 0.1 0 0
25 0 0 25 3
3 5 5 5 23.75
56.14 1.25 0 0 25
0 0 25 22.13 45.3
2.87 23.48 4.37 1.52 0
0 25 0 0 25
24.42 0.41 0.58 3 3
4 7 7 23.75 52.78
1.25 0 0 25 0
0 25 21.21 22.98 3.79
23.7 4.16 1.3 0 0
25 23.48 5.22 1.52 22.52
0.2 2.48 3 3 4
6 7 23.63 53.76 1.37
0 0 25 0 0
25 22.2 24.85 2.8 23.8
4.2 1.2 0 0 25
21.39 1.2 3.61 23.55 1.42
1.45 3 3 4 6
6 23.34 53.3 1.66 0
0 25 0 0 25
21.22 22.63 3.78 23.7 4.74
1.3 23.38 5.06 1.62 0
0 25 22.42 0.21 2.58
3 3 4 5 7
23.48 51.03 1.52 0 0
25 0 0 25 20.34
2.5 4.66 23.56 4.35 1.44
23.52 4.83 1.48 22.11 2.61
2.89 21.52 0.15 3.48 3
3 4 5 6 23.71
53.94 1.29 0 0 25
0 0 25 22.09 24.94
2.91 23.57 4.32 1.43 21.07
1.31 3.93 0 0 25
23.41 1.64 1.59 3 3
4 5 5 24.87 59.47
0.13 0 0 25 0
0 25 22.37 45.36 2.63
22.16 0.36 2.84 0 0
25 0 0 25 24.6
0.81 0.4 3 3 4
4 7 24.81 56.67 0.19
0 0 25 0 0
25 21.28 22.82 3.72 22.51
0.36 2.49 0 0 25
23.55 4.79 1.45 22.83 0.38
2.17 3 3 4 4
6 24.73 56.85 0.27 0
0 25 0 0 25
21.49 22.56 3.51 22.45 0.43
2.55 23.65 5 1.35 0
0 25 22.53 0.31 2.47
3 3 4 4 5
24.81 57.11 0.19 0 0
25 0 0 25 22.37
45.04 2.63 24.78 2.89 0.22
0 0 25 0 0
25 22.47 0.53 2.53 3
3 4 4 4 24.84
75.07 0.16 0 0 25
0 0 25 24.75 52.37
0.25 0 0 25 0
0 25 0 0 25
22.77 0.2 2.23 3 3
3 7 7 24.83 74.89
0.17 0 0 25 0
0 25 23.74 26.76 1.26
0 0 25 0 0
25 22.62 3.1 2.38 22.74
1.32 2.26 3 3 3
6 7 24.89 74.92 0.11
0 0 25 0 0
25 24.77 30.38 0.23 0
0 25 0 0 25
22.56 22.48 2.44 0 0
25 3 3 3 6
6 24.83 75.17 0.17 0
0 25 0 0 25
23.67 26.61 1.33 0 0
25 22.54 3.32 2.46 0
0 25 22.69 1.17 2.31
3 3 3 5 7
24.89 75.04 0.11 0 0
25 0 0 25 22.39
3.06 2.61 0 0 25
22.29 2.52 2.71 22.56 2.41
2.44 22.5 2.34 2.5 3
3 3 5 6 24.85
74.85 0.15 0 0 25
0 0 25 24.76 30.39
0.24 0 0 25 22.43
22.72 2.57 0 0 25
0 0 25 3 3
3 5 5 23.56 48.73
1.44 0 0 25 0
0 25 24.75 52.89 0.25
23.51 4.17 1.49 0 0
25 0 0 25 22.18
0.21 2.82 3 3 3
4 7 23.54 48.64 1.46
0 0 25 0 0
25 23.56 26.9 1.44 23.68
4.17 1.32 0 0 25
22.22 3.6 2.78 22.29 1.4
2.71 3 3 3 4
6 23.57 49.2 1.43 0
0 25 0 0 25
23.6 26.56 1.4 23.32 3.85
1.68 22.55 3.62 2.45 0
0 25 22.53 1.2 2.47
3 3 3 4 5
24.74 52.23 0.26 0 0
25 0 0 25 24.8
52.47 0.2 22.57 0.38 2.43
0 0 25 0 0
25 22.41 0.4 2.59 3
3 3 4 4 24.94
75.89 0.06 0 0 25
0 0 25 23.49 48.15
1.51 0 0 25 0
0 25 0 0 25
23.64 3.89 1.36 3 3
3 3 7 24.97 75.67
0.03 0 0 25 0
0 25 23.34 26.02 1.66
0 0 25 0 0
25 23.76 26.24 1.24 0
0 25 3 3 3
3 6 24.95 75.8 0.05
0 0 25 0 0
25 23.4 25.78 1.6 0
0 25 23.75 26.32 1.25
0 0 25 0 0
25 3 3 3 3
5 23.65 49.85 1.35 0
0 25 0 0 25
23.29 48.07 1.71 23.76 4.27
1.24 0 0 25 0
0 25 23.12 3.99 1.88
3 3 3 3 4
24.98 75.08 0.02 0 0
25 0 0 25 24.96
74.98 0.04 0 0 25
0 0 25 0 0
25 0 0 25 3
3 3 3 3 23.79
75.09 1.21 0 0 25
23.84 52.55 1.16 0 0
25 0 0 25 0
0 25 0 0 25
24.66 0.07 0.34 2 7
7 7 7 23.64 75.18
1.36 0 0 25 22.36
28.72 2.64 0 0 25
0 0 25 0 0
25 22.26 2.83 2.74 24.75
0.26 0.25 2 6 7
7 7 23.41 73.93 1.59
0 0 25 23.68 31.22
1.32 0 0 25 0
0 25 0 0 25
22.6 3.01 2.4 22.07 0.08
2.93 2 6 6 7
7 23.64 74.14 1.36 0
0 25 23.6 28.84 1.4
0 0 25 0 0
25 0 0 25 23.56
1.7 1.44 23.39 1.13 1.61
2 6 6 6 7
23.71 73.96 1.29 0 0
25 23.59 29.41 1.41 0
0 25 0 0 25
0 0 25 24.63 24.7
0.37 0 0 25 2
6 6 6 6 22.51
49.77 2.49 0 0 25
23.72 52.85 1.28 0 0
25 0 0 25 22.74
3.96 2.26 0 0 25
24.4 0.05 0.6 2 5
7 7 7 22.6 50.5
2.4 0 0 25 22.38
28.26 2.62 0 0 25
0 0 25 22.88 3.69
2.12 22.44 2.58 2.56 24.5
0.17 0.5 2 5 6
7 7 22.87 48.88 2.13
0 0 25 23.62 31.09
1.38 0 0 25 0
0 25 22.59 3.64 2.41
22.39 2.48 2.61 22.34 0.1
2.66 2 5 6 6
7 22.71 48.73 2.29 0
0 25 23.65 28.74 1.35
0 0 25 0 0
25 22.59 4.01 2.41 23.38
1.53 1.62 23.35 1.31 1.65
2 5 6 6 6
23.75 53.85 1.25 0 0
25 23.68 51.52 1.32 0
0 25 0 0 25
22.16 0.33 2.84 0 0
25 24.55 0.16 0.45 2
5 5 7 7 23.73
53.53 1.27 0 0 25
22.38 27.72 2.62 0 0
25 0 0 25 22.18
0.31 2.82 22.37 2.8 2.63
24.6 0.38 0.4 2 5
5 6 7 23.62 52.12
1.38 0 0 25 23.7
29.85 1.3 0 0 25
0 0 25 22.36 0.57
2.64 22.51 2.85 2.49 22.11
0.31 2.89 2 5 5
6 6 23.67 51.16 1.33
0 0 25 23.7 51.57
1.3 0 0 25 0
0 25 24.63 2.63 0.37
0 0 25 22.55 0.09
2.45 2 5 5 5
7 23.43 50.93 1.57 0
0 25 22.51 27.87 2.49
0 0 25 0 0
25 24.58 2.89 0.42 22.15
2.98 2.85 22.33 0.33 2.67
2 5 5 5 6
23.76 51.36 1.24 0 0
25 23.6 51.91 1.4 0
0 25 0 0 25
23.49 1.38 1.51 0 0
25 23.34 1.16 1.66 2
5 5 5 5 23.73
74.67 1.27 0 0 25
22.68 28.94 2.32 0 0
25 22.27 2.8 2.73 0
0 25 0 0 25
24.7 0.21 0.3 2 4
7 7 7 23.75 74.59
1.25 0 0 25 21.74
6.72 3.26 0 0 25
22.36 2.66 2.64 0 0
25 21.7 1.45 3.3 24.58
0.45 0.42 2 4 6
7 7 23.58 73.35 1.42
0 0 25 22.37 8.24
2.63 0 0 25 22.67
1.69 2.33 0 0 25
22.57 2.46 2.43 22.79 0.28
2.21 2 4 6 6
7 23.9 74.27 1.1 0
0 25 22.11 5.54 2.89
0 0 25 22.63 1.71
2.37 0 0 25 23.46
1.55 1.54 23.45 1.38 1.55
2 4 6 6 6
22.57 49.78 2.43 0 0
25 22.36 28.77 2.64 0
0 25 22.47 2.78 2.53
22.7 3.8 2.3 0 0
25 24.54 0.23 0.46 2
4 5 7 7 22.6
49.55 2.4 0 0 25
21.44 6.57 3.56 0 0
25 22.37 2.74 2.63 22.8
4.07 2.2 21.4 1.56 3.6
24.54 0.36 0.46 2 4
5 6 7 22.67 48.9
2.33 0 0 25 22.41
8.5 2.59 0 0 25
22.37 1.66 2.63 22.43 3.85
2.57 22.3 2.2 2.7 22.59
0.12 2.41 2 4 5
6 6 23.55 53.72 1.45
0 0 25 22.32 27.5
2.68 0 0 25 22.27
2.86 2.73 22.37 0.5 2.63
0 0 25 24.57 0.34
0.43 2 4 5 5
7 23.77 53.55 1.23 0
0 25 21.34 5.66 3.66
0 0 25 22.51 2.73
2.49 22.25 0.38 2.75 21.13
1.54 3.87 24.52 0.62 0.48
2 4 5 5 6
23.48 50.69 1.52 0 0
25 22.83 27.94 2.17 0
0 25 22.32 2.45 2.68
24.61 2.72 0.39 0 0
25 22.58 0.38 2.42 2
4 5 5 5 23.58
74.07 1.42 0 0 25
23.62 30.93 1.38 0 0
25 22.66 2.49 2.34 0
0 25 0 0 25
22.57 0.08 2.43 2 4
4 7 7 23.7 73.56
1.3 0 0 25 22.28
8.34 2.72 0 0 25
22.54 2.79 2.46 0 0
25 22.58 1.66 2.42 22.36
0.19 2.64 2 4 4
6 7 23.87 72.86 1.13
0 0 25 23.41 9.37
1.59 0 0 25 22.53
2.12 2.47 0 0 25
22.64 2.54 2.36 20.59 0.07
4.41 2 4 4 6
6 22.67 48.27 2.33 0
0 25 23.82 31.67 1.18
0 0 25 22.21 2.83
2.79 22.53 3.69 2.47 0
0 25 22.21 0.1 2.79
2 4 4 5 7
22.48 48.88 2.52 0 0
25 22.28 8.39 2.72 0
0 25 22.42 2.54 2.58
22.36 3.94 2.64 22.3 1.81
2.7 22.42 0.18 2.58 2
4 4 5 6 23.77
52.14 1.23 0 0 25
23.65 29.65 1.35 0 0
25 22.93 2.36 2.07 22.31
0.43 2.69 0 0 25
22.56 0.2 2.44 2 4
4 5 5 23.74 73.97
1.26 0 0 25 23.59
28.82 1.41 0 0 25
23.32 1.43 1.68 0 0
25 0 0 25 23.72
1.41 1.28 2 4 4
4 7 23.87 74.09 1.13
0 0 25 22.71 5.94
2.29 0 0 25 23.58
1.49 1.42 0 0 25
22.21 1.26 2.79 23.55 1.3
1.45 2 4 4 4
6 22.75 48.98 2.25 0
0 25 23.54 28.76 1.46
0 0 25 23.52 1.68
1.48 22.68 3.49 2.32 0
0 25 23.37 1.23 1.63
2 4 4 4 5
23.73 73.81 1.27 0 0
25 23.7 29.45 1.3 0
0 25 24.65 24.66 0.35
0 0 25 0 0
25 0 0 25 2
4 4 4 4 22.7
27.24 2.3 0 0 25
22.57 26.02 2.43 22.61 26.51
2.39 0 0 25 0
0 25 22.59 5.14 2.41
24.38 0.24 0.62 2 3
7 7 7 22.62 27.13
2.38 0 0 25 23.78
31.28 1.22 22.41 26.46 2.59
0 0 25 0 0
25 21.33 2.42 3.67 22.47
0.1 2.53 2 3 6
7 7 22.37 27.4 2.63
0 0 25 23.69 28.63
1.31 22.51 25.3 2.49 0
0 25 0 0 25
23.35 1.8 1.65 23.56 1.39
1.44 2 3 6 6
7 22.68 27.78 2.32 0
0 25 23.79 29.22 1.21
22.42 25.2 2.58 0 0
25 0 0 25 24.45
24.46 0.55 0 0 25
2 3 6 6 6
22.84 27.17 2.16 0 0
25 22.69 26.34 2.31 21.27
4.71 3.73 0 0 25
22.44 2.92 2.56 21.24 3.58
3.76 24.43 0.37 0.57 2
3 5 7 7 22.89
27.13 2.11 0 0 25
23.75 29.85 1.25 21.55 4.38
3.45 0 0 25 22.53
1.71 2.47 21.36 2.4 3.64
22.31 0.14 2.69 2 3
5 6 7 22.56 26.9
2.44 0 0 25 23.58
27.48 1.42 21.47 3.91 3.53
0 0 25 22.46 1.68
2.54 23.45 1.66 1.55 23.48
1.37 1.52 2 3 5
6 6 22.52 26.64 2.48
0 0 25 22.33 26.14
2.67 22.41 5.78 2.59 0
0 25 22.65 2.51 2.35
22.48 4 2.52 22.29 0.25
2.71 2 3 5 5
7 22.26 26.36 2.74 0
0 25 23.77 30.04 1.23
22.34 6.11 2.66 0 0
25 22.43 2.65 2.57 21.44
2.38 3.56 20.11 0.11 4.89
2 3 5 5 6
22.37 26.33 2.63 0 0
25 22.8 26.35 2.2 22.56
3.69 2.44 0 0 25
23.51 1.63 1.49 22.44 3.66
2.56 23.29 1.37 1.71 2
3 5 5 5 22.64
27.22 2.36 0 0 25
21.39 4.48 3.61 22.58 26.79
2.42 22.5 2.5 2.5 0
0 25 21.1 3.88 3.9
24.55 0.37 0.45 2 3
4 7 7 22.65 27.15
2.35 0 0 25 22.45
8.17 2.55 22.54 26.41 2.46
22.43 1.66 2.57 0 0
25 21.54 2.45 3.46 22.43
0.12 2.57 2 3 4
6 7 22.62 27.67 2.38
0 0 25 22.55 5.56
2.45 22.82 25.01 2.18 22.41
1.3 2.59 0 0 25
23.21 1.75 1.79 23.41 1.69
1.59 2 3 4 6
6 22.72 27.79 2.28 0
0 25 21.3 4.27 3.7
21.43 4.55 3.57 22.24 2.56
2.76 22.4 2.33 2.6 20.7
2.55 4.3 24.62 0.54 0.38
2 3 4 5 7
22.57 27.89 2.43 0 0
25 22.43 6.97 2.57 21.07
4.55 3.93 22.29 1.53 2.71
22.38 1.75 2.62 21.43 2.47
3.57 22.28 0.39 2.72 2
3 4 5 6 22.54
26.03 2.46 0 0 25
21.47 4.64 3.53 22.49 6.02
2.51 22.43 2.38 2.57 22.49
2.43 2.51 21.38 2.82 3.62
22.43 0.45 2.57 2 3
4 5 5 22.43 26.41
2.57 0 0 25 22.65
6.12 2.35 22.42 26.45 2.58
22.39 2.32 2.61 0 0
25 22.31 3.78 2.69 22.47
0.25 2.53 2 3 4
4 7 22.29 26.25 2.71
0 0 25 23.69 9.99
1.31 22.37 26.77 2.63 22.4
2.15 2.6 0 0 25
21.14 2.32 3.86 20.51 0.12
4.49 2 3 4 4
6 22.48 26.36 2.52 0
0 25 22.38 5.95 2.62
21.36 4.61 3.64 22.52 2.35
2.48 22.33 2.8 2.67 21.19
2.68 3.81 22.6 0.39 2.4
2 3 4 4 5
22.31 26.37 2.69 0 0
25 22.55 3.67 2.45 22.79
26.57 2.21 23.39 1.53 1.61
0 0 25 22.34 3.79
2.66 23.19 1.5 1.81 2
3 4 4 4 23.88
31.17 1.12 0 0 25
23.54 28.89 1.46 21.32 22.48
3.68 0 0 25 0
0 25 21.51 4.68 3.49
22.35 0.18 2.65 2 3
3 7 7 23.46 30.97
1.54 0 0 25 23.47
26.85 1.53 22.51 24.73 2.49
0 0 25 0 0
25 21.47 1.47 3.53 23.49
1.58 1.51 2 3 3
6 7 23.55 30.84 1.45
0 0 25 23.91 27.18
1.09 22.28 22.83 2.72 0
0 25 0 0 25
24.59 24.82 0.41 0 0
25 2 3 3 6
6 23.49 28.72 1.51 0
0 25 23.54 29.16 1.46
20.44 2.15 4.56 0 0
25 23.53 4.63 1.47 20.3
2.15 4.7 21.75 0.14 3.25
2 3 3 5 7
23.39 28.58 1.61 0 0
25 23.45 26.65 1.55 21.46
3.77 3.54 0 0 25
23.53 3.92 1.47 21.38 1.47
3.62 21.23 1.17 3.77 2
3 3 5 6 23.7
29.35 1.3 0 0 25
23.62 28.76 1.38 21.38 3.39
3.62 0 0 25 21.24
1.17 3.76 21.41 3.21 3.59
21.62 1.15 3.38 2 3
3 5 5 23.58 30.85
1.42 0 0 25 22.52
6.24 2.48 21.53 22.49 3.47
22.54 1.73 2.46 0 0
25 21.33 4.13 3.67 22.72
0.34 2.28 2 3 3
4 7 23.41 31.29 1.59
0 0 25 22.46 3.97
2.54 22.31 25.16 2.69 22.34
1.43 2.66 0 0 25
21.13 1.38 3.87 23.63 1.49
1.37 2 3 3 4
6 23.59 28.59 1.41 0
0 25 22.61 5.91 2.39
20.46 2.43 4.54 22.55 1.43
2.45 23.51 4.74 1.49 20.58
2.11 4.42 21.23 0.26 3.77
2 3 3 4 5
23.49 29.72 1.51 0 0
25 23.76 7.86 1.24 21.06
22.36 3.94 22.7 2.63 2.3
0 0 25 21.37 4.81
3.63 19.98 0.26 5.02 2
3 3 4 4 23.7
26.47 1.3 0 0 25
23.55 26.29 1.45 23.47 26.28
1.53 0 0 25 0
0 25 22.44 3.9 2.56
22.49 1.41 2.51 2 3
3 3 7 23.64 26.44
1.36 0 0 25 23.9
27.02 1.1 24.64 29.53 0.36
0 0 25 0 0
25 22.23 22.6 2.77 0
0 25 2 3 3
3 6 23.67 26.16 1.33
0 0 25 23.79 26.43
1.21 22.62 2.73 2.38 0
0 25 22.37 2.38 2.63
22.15 2.67 2.85 22.37 2.66
2.63 2 3 3 3
5 23.81 26.27 1.19 0
0 25 22.4 3.81 2.6
23.68 26.2 1.32 22.41 1.37
2.59 0 0 25 22.5
3.56 2.5 22.55 1.44 2.45
2 3 3 3 4
23.85 26.67 1.15 0 0
25 23.81 26.86 1.19 23.28
26.3 1.72 0 0 25
0 0 25 23.33 25.9
1.67 0 0 25 2
3 3 3 3 24.94
82.33 0.06 0 0 25
22.44 45 2.56 0 0
25 0 0 25 0
0 25 0 0 25
24.81 0.48 0.19 2 2
7 7 7 24.76 79.44
0.24 0 0 25 21.36
22.36 3.64 0 0 25
0 0 25 0 0
25 23.72 5.52 1.28 22.5
0.34 2.5 2 2 6
7 7 24.9 79.9 0.1
0 0 25 22.31 25.23
2.69 0 0 25 0
0 25 0 0 25
21.54 1.19 3.46 23.66 1.27
1.34 2 2 6 6
7 24.89 79.47 0.11 0
0 25 22.53 23.03 2.47
0 0 25 0 0
25 0 0 25 24.78
25.3 0.22 0 0 25
2 2 6 6 6
23.75 55.08 1.25 0 0
25 22.64 45.52 2.36 0
0 25 0 0 25
23.59 4.33 1.41 0 0
25 24.55 0.54 0.45 2
2 5 7 7 23.56
52.92 1.44 0 0 25
21.27 22.71 3.73 0 0
25 0 0 25 23.61
4.58 1.39 23.57 5.25 1.43
22.42 0.11 2.58 2 2
5 6 7 23.65 53.46
1.35 0 0 25 22.3
24.86 2.7 0 0 25
0 0 25 23.78 4.38
1.22 21.38 1.26 3.62 23.54
1.39 1.46 2 2 5
6 6 24.89 59.69 0.11
0 0 25 22.16 44.97
2.84 0 0 25 0
0 25 22.5 0.35 2.5
0 0 25 24.69 0.75
0.31 2 2 5 5
7 24.71 56.56 0.29 0
0 25 21.27 22.96 3.73
0 0 25 0 0
25 22.37 0.37 2.63 23.75
5.24 1.25 22.38 0.39 2.62
2 2 5 5 6
24.79 56.87 0.21 0 0
25 22.39 45.16 2.61 0
0 25 0 0 25
24.74 3.04 0.26 0 0
25 22.31 0.7 2.69 2
2 5 5 5 24.84
79.24 0.16 0 0 25
21.46 22.79 3.54 0 0
25 23.71 5.38 1.29 0
0 25 0 0 25
22.43 0.15 2.57 2 2
4 7 7 24.57 76.73
0.43 0 0 25 20.47
2.41 4.53 0 0 25
23.8 5.47 1.2 0 0
25 22.23 2.59 2.77 21.6
0.13 3.4 2 2 4
6 7 24.8 77.24 0.2
0 0 25 21.48 3.55
3.52 0 0 25 23.75
4.25 1.25 0 0 25
21.2 1.11 3.8 21.38 1.24
3.62 2 2 4 6
6 23.51 52.88 1.49 0
0 25 21.21 22.7 3.79
0 0 25 23.68 5.38
1.32 23.6 4.4 1.4 0
0 25 22.49 0.15 2.51
2 2 4 5 7
23.5 50.63 1.5 0 0
25 20.33 2.31 4.67 0
0 25 23.72 5.31 1.28
23.43 4.39 1.57 22.28 2.54
2.72 21.43 0.13 3.57 2
2 4 5 6 24.72
56.58 0.28 0 0 25
21.53 22.86 3.47 0 0
25 23.56 5.01 1.44 22.43
0.3 2.57 0 0 25
22.61 0.4 2.39 2 2
4 5 5 24.95 79.95
0.05 0 0 25 22.42
24.67 2.58 0 0 25
21.72 1.15 3.28 0 0
25 0 0 25 23.75
1.39 1.25 2 2 4
4 7 24.76 77.34 0.24
0 0 25 21.21 3.65
3.79 0 0 25 21.4
1.31 3.6 0 0 25
23.54 4.13 1.46 21.48 1.18
3.52 2 2 4 4
6 23.61 53.43 1.39 0
0 25 22.42 24.59 2.58
0 0 25 21.44 1.5
3.56 23.69 4.58 1.31 0
0 25 23.2 1.54 1.8
2 2 4 4 5
24.96 79.56 0.04 0 0
25 22.68 22.87 2.32 0
0 25 24.75 25.18 0.25
0 0 25 0 0
25 0 0 25 2
2 4 4 4 23.89
31.79 1.11 0 0 25
21.08 22.66 3.92 23.61 28.53
1.39 0 0 25 0
0 25 21.22 4.34 3.78
22.61 0.27 2.39 2 2
3 7 7 23.58 30.87
1.42 0 0 25 22.4
24.91 2.6 23.56 26.93 1.44
0 0 25 0 0
25 21.28 1.39 3.72 23.58
1.5 1.42 2 2 3
6 7 23.44 30.8 1.56
0 0 25 22.07 22.94
2.93 23.88 27.4 1.12 0
0 25 0 0 25
24.55 24.92 0.45 0 0
25 2 2 3 6
6 23.55 31.05 1.45 0
0 25 21.38 22.89 3.62
22.55 6.1 2.45 0 0
25 22.38 1.51 2.62 21.09
4.53 3.91 22.59 0.38 2.41
2 2 3 5 7
23.66 30.91 1.34 0 0
25 22.34 24.82 2.66 22.43
3.81 2.57 0 0 25
22.43 1.59 2.57 21.29 1.56
3.71 23.49 1.67 1.51 2
2 3 5 6 23.6
29.7 1.4 0 0 25
21.37 22.78 3.63 23.64 7.6
1.36 0 0 25 22.56
2.12 2.44 21.38 4.37 3.62
20.74 0.14 4.26 2 2
3 5 5 23.57 28.16
1.43 0 0 25 20.43
2.35 4.57 23.85 29.46 1.15
23.46 4.92 1.54 0 0
25 19.99 2.09 5.01 21.6
0.12 3.4 2 2 3
4 7 23.66 29.14 1.34
0 0 25 21.01 3.5
3.99 23.51 26.43 1.49 23.57
3.96 1.43 0 0 25
21.49 1.31 3.51 21.33 1.09
3.67 2 2 3 4
6 23.31 28.45 1.69 0
0 25 20.38 2.27 4.62
22.51 6.26 2.49 23.68 4.8
1.32 22.5 1.58 2.5 20.52
2.34 4.48 21.19 0.21 3.81
2 2 3 4 5
23.79 28.56 1.21 0 0
25 21.33 3.6 3.67 23.84
29.11 1.16 21.23 1.14 3.77
0 0 25 21.1 3.47
3.9 21.47 1.36 3.53 2
2 3 4 4 24.89
35.13 0.11 0 0 25
22.17 24.7 2.83 22.33 24.79
2.67 0 0 25 0
0 25 19.28 1.33 5.72
23.52 1.86 1.48 2 2
3 3 7 24.85 34.93
0.15 0 0 25 22.35
22.86 2.65 22.06 23 2.94
0 0 25 0 0
25 24.67 25.28 0.33 0
0 25 2 2 3
3 6 24.77 32.01 0.23
0 0 25 22.56 24.72
2.44 21.61 3.56 3.39 0
0 25 23.44 3.9 1.56
19.6 1.06 5.4 21.43 1.34
3.57 2 2 3 3
5 24.68 32.33 0.32 0
0 25 21.43 3.47 3.57
22.31 24.7 2.69 23.72 4.03
1.28 0 0 25 19.46
1.18 5.54 21.27 1.42 3.73
2 2 3 3 4
24.82 30.07 0.18 0 0
25 22.41 22.68 2.59 24.79
30.04 0.21 0 0 25
0 0 25 22.33 22.86
2.67 0 0 25 2
2 3 3 3 24.81
75.08 0.19 0 0 25
24.61 52.8 0.39 0 0
25 0 0 25 0
0 25 0 0 25
22.39 0.31 2.61 2 2
2 7 7 24.86 75.01
0.14 0 0 25 23.67
26.57 1.33 0 0 25
0 0 25 0 0
25 22.54 3.48 2.46 22.51
1.36 2.49 2 2 2
6 7 24.85 74.98 0.15
0 0 25 24.74 30.06
0.26 0 0 25 0
0 25 0 0 25
22.49 22.88 2.51 0 0
25 2 2 2 6
6 23.63 48.75 1.37 0
0 25 24.72 52.69 0.28
0 0 25 0 0
25 23.62 3.99 1.38 0
0 25 22.45 0.15 2.55
2 2 2 5 7
23.31 49.32 1.69 0 0
25 23.52 26.74 1.48 0
0 25 0 0 25
23.35 4.09 1.65 22.37 3.44
2.63 22.57 1.29 2.43 2
2 2 5 6 24.82
52.4 0.18 0 0 25
24.79 52.32 0.21 0 0
25 0 0 25 22.53
0.38 2.47 0 0 25
22.39 0.37 2.61 2 2
2 5 5 24.84 74.97
0.16 0 0 25 23.51
26.59 1.49 0 0 25
22.46 3.64 2.54 0 0
25 0 0 25 22.49
1.5 2.51 2 2 2
4 7 24.82 75.05 0.18
0 0 25 22.36 3.15
2.64 0 0 25 22.27
2.59 2.73 0 0 25
22.27 2.29 2.73 22.61 2.59
2.39 2 2 2 4
6 23.52 48.96 1.48 0
0 25 23.55 27.17 1.45
0 0 25 22.41 3.22
2.59 23.47 3.84 1.53 0
0 25 22.55 1.31 2.45
2 2 2 4 5
24.77 74.82 0.23 0 0
25 24.82 30.1 0.18 0
0 25 22.84 22.65 2.16
0 0 25 0 0
25 0 0 25 2
2 2 4 4 23.7
26.36 1.3 0 0 25
23.62 26.39 1.38 23.52 26.33
1.48 0 0 25 0
0 25 22.45 4.02 2.55
22.35 1.26 2.65 2 2
2 3 7 23.48 26.34
1.52 0 0 25 24.87
30.59 0.13 23.66 26.48 1.34
0 0 25 0 0
25 22.38 22.2 2.62 0
0 25 2 2 2
3 6 23.82 26.57 1.18
0 0 25 23.61 26.4
1.39 22.33 3.45 2.67 0
0 25 22.47 1.4 2.53
22.17 3.61 2.83 22.45 1.72
2.55 2 2 2 3
5 23.41 26.46 1.59 0
0 25 22.54 2.93 2.46
23.58 26.32 1.42 22.32 2.32
2.68 0 0 25 22.43
2.48 2.57 22.8 2.41 2.2
2 2 2 3 4
24.68 29.63 0.32 0 0
25 24.74 30.18 0.26 22.34
23.22 2.66 0 0 25
0 0 25 22.33 22.88
2.67 0 0 25 2
2 2 3 3 24.97
76.03 0.03 0 0 25
23.36 48.2 1.64 0 0
25 0 0 25 0
0 25 0 0 25
23.54 3.9 1.46 2 2
2 2 7 24.97 75.68
0.03 0 0 25 23.24
25.8 1.76 0 0 25
0 0 25 0 0
25 23.81 26.5 1.19 0
0 25 2 2 2
2 6 23.7 49.82 1.3
0 0 25 23.58 48.07
1.42 0 0 25 0
0 25 23.6 4.19 1.4
0 0 25 23.39 3.65
1.61 2 2 2 2
5 24.98 75.57 0.02 0
0 25 23.56 26.14 1.44
0 0 25 23.59 26.16
1.41 0 0 25 0
0 25 0 0 25
2 2 2 2 4
23.77 26.95 1.23 0 0
25 23.51 25.89 1.49 23.76
26.67 1.24 0 0 25
0 0 25 23.3 26.15
1.7 0 0 25 2
2 2 2 3 24.93
75.01 0.07 0 0 25
24.98 75.08 0.02 0 0
25 0 0 25 0
0 25 0 0 25
0 0 25 2 2
2 2 2 23.73 75.08
1.27 23.78 52.72 1.22 0
0 25 0 0 25
0 0 25 0 0
25 0 0 25 24.64
0.05 0.36 1 7 7
7 7 22.4 49.81 2.6
23.9 52.56 1.1 0 0
25 0 0 25 0
0 25 0 0 25
22.49 4.22 2.51 24.53 0.09
0.47 1 6 7 7
7 23.57 53.82 1.43 23.67
51.42 1.33 0 0 25
0 0 25 0 0
25 0 0 25 22.3
0.52 2.7 24.48 0.22 0.52
1 6 6 7 7
23.59 51.26 1.41 23.62 51.75
1.38 0 0 25 0
0 25 0 0 25
0 0 25 24.62 2.72
0.38 22.33 0.11 2.67 1
6 6 6 7 23.65
51.08 1.35 23.84 52.12 1.16
0 0 25 0 0
25 0 0 25 0
0 25 23.52 1.19 1.48
23.4 1.2 1.6 1 6
6 6 6 23.69 75.13
1.31 22.23 28.75 2.77 0
0 25 0 0 25
0 0 25 22.49 2.81
2.51 0 0 25 24.61
0.29 0.39 1 5 7
7 7 22.82 49.92 2.18
22.64 28.71 2.36 0 0
25 0 0 25 0
0 25 22.35 2.84 2.65
22.45 3.55 2.55 24.5 0.22
0.5 1 5 6 7
7 23.6 53.75 1.4 22.26
27.19 2.74 0 0 25
0 0 25 0 0
25 22.46 2.91 2.54 22.4
0.54 2.6 24.51 0.38 0.49
1 5 6 6 7
23.62 51.11 1.38 22.78 27.8
2.22 0 0 25 0
0 25 0 0 25
22.2 2.47 2.8 24.62 2.54
0.38 22.64 0.22 2.36 1
5 6 6 6 23.62
73.64 1.38 23.73 31.19 1.27
0 0 25 0 0
25 0 0 25 22.57
2.47 2.43 0 0 25
22.61 0.17 2.39 1 5
5 7 7 22.54 48.95
2.46 23.64 31.18 1.36 0
0 25 0 0 25
0 0 25 22.57 2.39
2.43 22.42 3.7 2.58 22.54
0.07 2.46 1 5 5
6 7 23.57 52.54 1.43
23.6 29.85 1.4 0 0
25 0 0 25 0
0 25 22.48 2.5 2.52
22.22 0.42 2.78 22.52 0.3
2.48 1 5 5 6
6 23.77 74.09 1.23 23.67
28.75 1.33 0 0 25
0 0 25 0 0
25 23.34 1.4 1.66 0
0 25 23.71 1.27 1.29
1 5 5 5 7
22.37 49.01 2.63 23.39 29.06
1.61 0 0 25 0
0 25 0 0 25
23.39 1.51 1.61 22.69 3.93
2.31 23.45 1.2 1.55 1
5 5 5 6 23.65
73.52 1.35 23.74 29.79 1.26
0 0 25 0 0
25 0 0 25 24.65
24.65 0.35 0 0 25
0 0 25 1 5
5 5 5 23.77 75.05
1.23 22.5 28.65 2.5 0
0 25 0 0 25
22.46 2.8 2.54 0 0
25 0 0 25 24.56
0.21 0.44 1 4 7
7 7 22.62 49.64 2.38
22.71 28.66 2.29 0 0
25 0 0 25 22.39
2.77 2.61 0 0 25
22.53 3.97 2.47 24.49 0.22
0.51 1 4 6 7
7 23.55 53.51 1.45 22.55
27.78 2.45 0 0 25
0 0 25 22.32 2.67
2.68 0 0 25 22.21
0.47 2.79 24.51 0.43 0.49
1 4 6 6 7
23.43 51.18 1.57 22.71 27.4
2.29 0 0 25 0
0 25 22.41 2.67 2.59
0 0 25 24.59 2.98
0.41 22.41 0.22 2.59 1
4 6 6 6 23.6
74.94 1.4 21.69 7.02 3.31
0 0 25 0 0
25 22.57 2.36 2.43 21.38
1.27 3.62 0 0 25
24.73 0.44 0.27 1 4
5 7 7 22.61 50.4
2.39 21.18 6.53 3.82 0
0 25 0 0 25
22.7 2.47 2.3 21.23 1.67
3.77 22.4 3.96 2.6 24.56
0.29 0.44 1 4 5
6 7 23.76 53.78 1.24
21.3 5.83 3.7 0 0
25 0 0 25 22.26
2.56 2.74 21.02 1.66 3.98
22.29 0.34 2.71 24.56 0.64
0.44 1 4 5 6
6 23.59 73.83 1.41 22.13
7.93 2.87 0 0 25
0 0 25 22.83 1.78
2.17 22.51 2.77 2.49 0
0 25 22.42 0.21 2.58
1 4 5 5 7
22.45 48.32 2.55 22.69 8.4
2.31 0 0 25 0
0 25 22.34 1.77 2.66
22.42 2.43 2.58 22.58 3.91
2.42 22.57 0.12 2.43 1
4 5 5 6 23.91
73.95 1.09 22.43 6.08 2.57
0 0 25 0 0
25 22.25 1.54 2.75 23.57
1.37 1.43 0 0 25
23.61 1.29 1.39 1 4
5 5 5 23.62 73.62
1.38 23.77 31.23 1.23 0
0 25 0 0 25
22.53 2.47 2.47 0 0
25 0 0 25 22.66
0.1 2.34 1 4 4
7 7 22.33 48.92 2.67
23.55 31.03 1.45 0 0
25 0 0 25 22.59
2.73 2.41 0 0 25
22.54 3.93 2.46 22.31 0.07
2.69 1 4 4 6
7 23.49 52.1 1.51 23.63
30.21 1.37 0 0 25
0 0 25 22.51 2.69
2.49 0 0 25 22.44
0.5 2.56 22.2 0.23 2.8
1 4 4 6 6
23.56 73.45 1.44 22.62 8.66
2.38 0 0 25 0
0 25 22.17 2.93 2.83
22.6 1.72 2.4 0 0
25 22.16 0.13 2.84 1
4 4 5 7 22.35
49.45 2.65 22.4 8.24 2.6
0 0 25 0 0
25 22.31 2.63 2.69 22.36
1.89 2.64 22.18 3.51 2.82
22.48 0.2 2.52 1 4
4 5 6 23.83 72.39
1.17 23.62 9.19 1.38 0
0 25 0 0 25
22.84 2.37 2.16 22.64 2.72
2.36 0 0 25 20.31
0.09 4.69 1 4 4
5 5 23.91 73.86 1.09
23.48 28.98 1.52 0 0
25 0 0 25 23.49
1.73 1.51 0 0 25
0 0 25 23.41 1.14
1.59 1 4 4 4
7 22.32 49.35 2.68 23.45
28.76 1.55 0 0 25
0 0 25 23.56 1.72
1.44 0 0 25 22.69
3.62 2.31 23.45 1.08 1.55
1 4 4 4 6
23.94 74.29 1.06 22.51 5.55
2.49 0 0 25 0
0 25 23.5 1.27 1.5
22.48 1.51 2.52 0 0
25 23.66 1.29 1.34 1
4 4 4 5 23.89
74.2 1.11 23.53 28.93 1.47
0 0 25 0 0
25 24.69 24.76 0.31 0
0 25 0 0 25
0 0 25 1 4
4 4 4 22.22 26.91
2.78 22.48 26.56 2.52 0
0 25 22.77 26.92 2.23
0 0 25 22.59 4.96
2.41 0 0 25 24.37
0.22 0.63 1 3 7
7 7 22.59 27.38 2.41
22.54 26.34 2.46 0 0
25 21.35 4.49 3.65 0
0 25 22.59 5.04 2.41
21.47 1.39 3.53 24.49 0.33
0.51 1 3 6 7
7 22.61 26.15 2.39 22.68
26.39 2.32 0 0 25
22.48 6.31 2.52 0 0
25 22.28 3.94 2.72 22.18
2.38 2.82 22.41 0.19 2.59
1 3 6 6 7
22.5 26.18 2.5 22.35 26.35
2.65 0 0 25 22.6
3.96 2.4 0 0 25
22.49 3.83 2.51 23.52 1.43
1.48 23.35 1.44 1.65 1
3 6 6 6 22.7
27.04 2.3 23.78 31.57 1.22
0 0 25 22.32 26.28
2.68 0 0 25 21.44
2.41 3.56 0 0 25
22.41 0.05 2.59 1 3
5 7 7 22.83 27.52
2.17 23.85 29.57 1.15 0
0 25 21.52 4.52 3.48
0 0 25 21.35 2.43
3.65 22.31 1.62 2.69 22.28
0.2 2.72 1 3 5
6 7 22.57 26.12 2.43
23.64 29.77 1.36 0 0
25 22.47 6.42 2.53 0
0 25 21.45 2.21 3.55
22.27 2.41 2.73 20.52 0.15
4.48 1 3 5 6
6 22.59 27.26 2.41 23.76
28.85 1.24 0 0 25
22.43 25.06 2.57 0 0
25 23.29 1.82 1.71 0
0 25 23.44 1.5 1.56
1 3 5 5 7
22.53 27.14 2.47 23.47 27.85
1.53 0 0 25 21.4
3.79 3.6 0 0 25
23.3 1.72 1.7 22.25 1.44
2.75 23.57 1.54 1.43 1
3 5 5 6 22.5
27.3 2.5 23.86 29.49 1.14
0 0 25 22.43 25.31
2.57 0 0 25 24.56
24.55 0.44 0 0 25
0 0 25 1 3
5 5 5 22.61 27.05
2.39 21.34 4.75 3.66 0
0 25 22.58 26.14 2.42
22.63 3.02 2.37 21.26 3.72
3.74 0 0 25 24.54
0.36 0.46 1 3 4
7 7 22.47 27.66 2.53
21.27 4.71 3.73 0 0
25 21.32 4.66 3.68 22.33
2.53 2.67 21.45 3.91 3.55
21.27 1.42 3.73 24.5 0.5
0.5 1 3 4 6
7 22.33 26.48 2.67 21.43
5.06 3.57 0 0 25
22.44 6.08 2.56 22.01 2.67
2.99 21.06 2.83 3.94 22.48
2.33 2.52 22.35 0.45 2.65
1 3 4 6 6
22.49 27.75 2.51 22.6 8.02
2.4 0 0 25 22.52
25.83 2.48 22.5 1.68 2.5
21.55 2.35 3.45 0 0
25 22.52 0.19 2.48 1
3 4 5 7 22.4
27.27 2.6 22.38 7.09 2.62
0 0 25 21.64 4.83
3.36 22.3 1.59 2.7 21.48
2.57 3.52 22.44 1.51 2.56
22.14 0.36 2.86 1 3
4 5 6 22.63 27.34
2.37 22.43 5.84 2.57 0
0 25 22.36 25.23 2.64
22.41 1.75 2.59 23.52 1.67
1.48 0 0 25 23.49
1.33 1.51 1 3 4
5 5 22.29 26.32 2.71
22.51 6.12 2.49 0 0
25 22.26 26.69 2.74 22.53
2.14 2.47 22.36 3.82 2.64
0 0 25 22.79 0.17
2.21 1 3 4 4
7 22.69 25.88 2.31 22.49
6.17 2.51 0 0 25
21.69 4.5 3.31 22.34 2.64
2.66 22.59 3.94 2.41 21.17
1.42 3.83 22.17 0.31 2.83
1 3 4 4 6
22.55 26.24 2.45 23.74 9.35
1.26 0 0 25 22.57
26.51 2.43 22.44 2.1 2.56
21.61 2.31 3.39 0 0
25 20.48 0.1 4.52 1
3 4 4 5 22.75
26.3 2.25 22.24 3.83 2.76
0 0 25 22.65 26.03
2.35 23.49 1.16 1.51 22.59
3.81 2.41 0 0 25
23.71 1.44 1.29 1 3
4 4 4 23.8 31.09
1.2 23.69 28.65 1.31 0
0 25 21.64 22.93 3.36
0 0 25 21.18 4.41
3.82 0 0 25 22.4
0.21 2.6 1 3 3
7 7 23.74 28.45 1.26
23.77 28.7 1.23 0 0
25 20.36 2.18 4.64 0
0 25 21.53 4.61 3.47
22.39 2.74 2.61 21.33 0.2
3.67 1 3 3 6
7 23.73 28.61 1.27 23.91
28.65 1.09 0 0 25
21.47 3.43 3.53 0 0
25 21.34 3.62 3.66 21.43
1.12 3.57 21.45 1.24 3.55
1 3 3 6 6
23.64 30.92 1.36 23.52 26.73
1.48 0 0 25 22.54
24.71 2.46 0 0 25
21.55 1.53 3.45 0 0
25 23.43 1.43 1.57 1
3 3 5 7 23.63
28.68 1.37 23.54 26.6 1.46
0 0 25 21.44 3.57
3.56 0 0 25 21.63
1.46 3.37 23.3 3.76 1.7
21.31 1.08 3.69 1 3
3 5 6 23.53 31.13
1.47 23.74 26.8 1.26 0
0 25 22.32 23.04 2.68
0 0 25 24.56 24.88
0.44 0 0 25 0
0 25 1 3 3
5 5 23.93 31.12 1.07
22.38 5.88 2.62 0 0
25 21.64 22.43 3.36 22.3
1.54 2.7 21.72 4.3 3.28
0 0 25 22.54 0.22
2.46 1 3 3 4
7 23.54 28.22 1.46 22.58
6.15 2.42 0 0 25
20.47 2.6 4.53 22.22 1.45
2.78 21.6 4.7 3.4 22.18
2.74 2.82 21.28 0.27 3.72
1 3 3 4 6
23.57 31.11 1.43 22.47 4.03
2.53 0 0 25 22.49
24.65 2.51 22.4 1.33 2.6
21.22 1.45 3.78 0 0
25 23.48 1.8 1.52 1
3 3 4 5 23.6
29.88 1.4 23.41 7.37 1.59
0 0 25 21.41 23.08
3.59 22.56 2.19 2.44 21.47
4.48 3.53 0 0 25
20.25 0.3 4.75 1 3
3 4 4 23.39 26.16
1.61 23.69 26.89 1.31 0
0 25 23.49 26.34 1.51
0 0 25 22.22 3.98
2.78 0 0 25 22.41
1.43 2.59 1 3 3
3 7 23.67 26.27 1.33
23.59 26.45 1.41 0 0
25 22.15 2.51 2.85 0
0 25 22.31 2.88 2.69
22.8 2.44 2.2 22.61 2.32
2.39 1 3 3 3
6 23.5 26.48 1.5 23.73
27.2 1.27 0 0 25
24.63 29.59 0.37 0 0
25 22.31 22.56 2.69 0
0 25 0 0 25
1 3 3 3 5
23.64 26.27 1.36 22.4 3.5
2.6 0 0 25 23.68
26.35 1.32 22.57 1.5 2.43
22.43 3.75 2.57 0 0
25 22.39 1.52 2.61 1
3 3 3 4 23.76
26.55 1.24 23.82 26.99 1.18
0 0 25 23.52 26.17
1.48 0 0 25 23.39
25.8 1.61 0 0 25
0 0 25 1 3
3 3 3 22.63 27.62
2.37 22.57 26.15 2.43 22.28
25.98 2.72 0 0 25
22.52 5.68 2.48 0 0
25 0 0 25 24.4
0.17 0.6 1 2 7
7 7 22.45 26.88 2.55
22.42 26.94 2.58 21.59 4.72
3.41 0 0 25 22.36
4.75 2.64 0 0 25
21.6 1.48 3.4 24.41 0.4
0.59 1 2 6 7
7 22.64 26.3 2.36 22.53
26.15 2.47 22.49 6.01 2.51
0 0 25 22.4 3.94
2.6 0 0 25 22.49
2.23 2.51 22.63 0.19 2.37
1 2 6 6 7
22.33 26.77 2.67 22.57 26.03
2.43 22.3 4.27 2.7 0
0 25 22.25 3.83 2.75
0 0 25 23.31 1.4
1.69 23.47 1.47 1.53 1
2 6 6 6 22.64
27.61 2.36 21.43 4.52 3.57
22.65 26.67 2.35 0 0
25 22.46 4.69 2.54 21.25
1.24 3.75 0 0 25
24.45 0.39 0.55 1 2
5 7 7 22.46 26.99
2.54 21.38 4.92 3.62 21.39
5.02 3.61 0 0 25
22.25 5.14 2.75 21.25 1.67
3.75 21.2 1.41 3.8 24.44
0.48 0.56 1 2 5
6 7 22.75 26.49 2.25
21.4 4.2 3.6 22.57 5.94
2.43 0 0 25 22.72
3.89 2.28 20.97 1.44 4.03
22.57 2.19 2.43 22.51 0.36
2.49 1 2 5 6
6 22.46 27.09 2.54 22.31
6.1 2.69 22.4 26.43 2.6
0 0 25 22.15 3.84
2.85 22.36 2.14 2.64 0
0 25 22.49 0.23 2.51
1 2 5 5 7
22.69 25.91 2.31 22.6 6.08
2.4 21.57 4.52 3.43 0
0 25 22.36 3.59 2.64
22.54 2.55 2.46 21.69 1.5
3.31 22.06 0.34 2.94 1
2 5 5 6 22.85
25.71 2.15 22.73 3.97 2.27
22.55 26.16 2.45 0 0
25 22.58 3.63 2.42 23.4
1.65 1.6 0 0 25
23.33 1.44 1.67 1 2
5 5 5 22.48 27.47
2.52 23.58 31.27 1.42 22.5
26.22 2.5 0 0 25
21.58 2.09 3.42 0 0
25 0 0 25 22.75
0.06 2.25 1 2 4
7 7 22.79 26.79 2.21
23.57 29.76 1.43 21.68 4.67
3.32 0 0 25 21.5
2.42 3.5 0 0 25
22.7 1.67 2.3 22.27 0.18
2.73 1 2 4 6
7 22.41 26.48 2.59 23.47
30.34 1.53 22.43 6 2.57
0 0 25 21.35 2.33
3.65 0 0 25 22.52
2.46 2.48 20.1 0.11 4.9
1 2 4 6 6
22.41 27.83 2.59 22.47 8.03
2.53 22.42 26.72 2.58 0
0 25 21.17 2.37 3.83
22.34 1.62 2.66 0 0
25 22.36 0.26 2.64 1
2 4 5 7 22.82
26.99 2.18 22.51 6.59 2.49
21.5 4.59 3.5 0 0
25 21.44 2.49 3.56 22.49
1.47 2.51 22.69 1.64 2.31
22.46 0.32 2.54 1 2
4 5 6 22.43 26.13
2.57 23.68 9.53 1.32 22.66
26.5 2.34 0 0 25
21.53 2.39 3.47 22.34 2.22
2.66 0 0 25 20.46
0.13 4.54 1 2 4
5 5 22.67 27.15 2.33
23.6 28.6 1.4 22.78 25.16
2.22 0 0 25 23.41
2 1.59 0 0 25
0 0 25 23.27 1.36
1.73 1 2 4 4
7 22.38 28.06 2.62 23.41
27.39 1.59 21.14 3.68 3.86
0 0 25 23.46 1.69
1.54 0 0 25 22.37
1.49 2.63 23.59 1.34 1.41
1 2 4 4 6
22.42 27.35 2.58 22.31 6.45
2.69 22.58 24.81 2.42 0
0 25 23.48 1.92 1.52
22.32 1.62 2.68 0 0
25 23.29 1.45 1.71 1
2 4 4 5 22.19
27.8 2.81 23.72 29.56 1.28
22.25 25.51 2.75 0 0
25 24.39 24.58 0.61 0
0 25 0 0 25
0 0 25 1 2
4 4 4 21.25 3.68
3.75 21.42 3.68 3.58 21.28
3.5 3.72 21.56 3.57 3.44
22.54 4.98 2.46 21.3 2.34
3.7 21.25 2.55 3.75 24.51
0.59 0.49 1 2 3
7 7 21.37 3.64 3.63
21.55 3.74 3.45 22.56 6.01
2.44 21.44 3.66 3.56 22.1
3.68 2.9 21.29 2.41 3.71
21.52 2.37 3.48 22.37 0.29
2.63 1 2 3 6
7 21.56 3.73 3.44 21.33
4.04 3.67 22.65 3.52 2.35
21.52 2.68 3.48 22.14 3.49
2.86 21.26 2.25 3.74 23.45
1.48 1.55 23.46 1.44 1.54
1 2 3 6 6
21.6 3.93 3.4 22.38 6
2.62 21.1 3.31 3.9 21.27
3.87 3.73 22.43 3.86 2.57
21.34 2.55 3.66 21.31 2.68
3.69 22.11 0.26 2.89 1
2 3 5 7 21.64
3.6 3.36 22.31 5.8 2.69
22.46 5.83 2.54 21.38 3.21
3.62 22.5 3 2.5 21.64
2.28 3.36 21.52 2.17 3.48
20.51 0.15 4.49 1 2
3 5 6 21.7 3.43
3.3 22.74 3.65 2.26 21.5
3.42 3.5 21.64 2.51 3.36
22.28 3.6 2.72 23.43 1.63
1.57 21.33 2.21 3.67 23.46
1.47 1.54 1 2 3
5 5 21.54 3.41 3.46
22.62 5.91 2.38 21.67 3.62
3.33 21.54 3.57 3.46 21.08
2.59 3.92 22.46 3.73 2.54
21.37 2.39 3.63 22.19 0.31
2.81 1 2 3 4
7 21.39 3.63 3.61 22.59
5.96 2.41 22.46 5.9 2.54
21.48 3.68 3.52 21.63 2.41
3.37 22.35 2.73 2.65 21.11
2.36 3.89 20.17 0.15 4.83
1 2 3 4 6
21.21 3.45 3.79 23.45 8.33
1.55 21.33 3.5 3.67 21.57
3.65 3.43 21.41 2.4 3.59
21.62 2.4 3.38 22.4 2.93
2.6 20.23 0.12 4.77 1
2 3 4 5 21.66
3.59 3.34 22.36 3.8 2.64
21.36 2.35 3.64 21.28 3.52
3.72 23.33 1.54 1.67 22.41
3.74 2.59 21.62 2.38 3.38
23.37 1.69 1.63 1 2
3 4 4 22.42 4.74
2.58 22.53 5.05 2.47 22.61
4.57 2.39 20.57 2.23 4.43
22.46 2.71 2.54 21.38 4.67
3.62 20.56 2.01 4.44 21.18
0.31 3.82 1 2 3
3 7 22.55 5.09 2.45
22.61 4.96 2.39 22.35 2.48
2.65 21.2 3.55 3.8 22.42
2.6 2.58 21.34 3.56 3.66
21.42 1.42 3.58 21.34 1.11
3.66 1 2 3 3
6 22.64 4.62 2.36 22.3
2.3 2.7 22.85 4.97 2.15
21.3 3.42 3.7 22.47 2.64
2.53 21.34 1.49 3.66 21.47
3.32 3.53 21.46 1.41 3.54
1 2 3 3 5
22.65 4.85 2.35 23.61 7.77
1.39 22.46 5.05 2.54 20.26
2.25 4.74 21.38 2.17 3.62
21.12 4.4 3.88 20.14 2.58
4.86 19.2 0.11 5.8 1
2 3 3 4 22.4
2.68 2.6 22.28 2.58 2.72
22.43 2.48 2.57 22.41 2.67
2.59 22.57 2.57 2.43 22.44
2.71 2.56 22.5 2.64 2.5
22.28 2.36 2.72 1 2
3 3 3 23.53 30.69
1.47 23.82 29.3 1.18 21.32
23.09 3.68 0 0 25
21.14 4.38 3.86 0 0
25 0 0 25 22.54
0.19 2.46 1 2 2
7 7 23.51 28.84 1.49
23.66 28.97 1.34 20 2.1
5 0 0 25 21.58
4.31 3.42 0 0 25
22.61 2.77 2.39 21.53 0.12
3.47 1 2 2 6
7 23.77 29.24 1.23 23.58
28.48 1.42 21.28 3.48 3.72
0 0 25 21.63 3.54
3.37 0 0 25 21.42
1.13 3.58 21.38 1.07 3.62
1 2 2 6 6
23.87 31.02 1.13 22.36 5.71
2.64 21.4 23.05 3.6 0
0 25 21.22 4.22 3.78
22.51 1.73 2.49 0 0
25 22.59 0.32 2.41 1
2 2 5 7 23.76
28.41 1.24 22.59 6.09 2.41
20.16 2.49 4.84 0 0
25 21.35 4.58 3.65 22.38
1.4 2.62 22.3 2.78 2.7
21.41 0.3 3.59 1 2
2 5 6 23.7 29.86
1.3 23.5 7.52 1.5 21.33
22.43 3.67 0 0 25
21.66 4.35 3.34 22.71 2.66
2.29 0 0 25 20.07
0.21 4.93 1 2 2
5 5 23.7 31.58 1.3
23.37 26.81 1.63 22.39 24.27
2.61 0 0 25 21.54
1.43 3.46 0 0 25
0 0 25 23.46 1.45
1.54 1 2 2 4
7 23.63 28.7 1.37 23.85
26.56 1.15 21.01 3.44 3.99
0 0 25 21.61 1.25
3.39 0 0 25 23.65
4.04 1.35 21.18 1.08 3.82
1 2 2 4 6
23.82 30.86 1.18 22.52 3.62
2.48 22.31 25.15 2.69 0
0 25 21.15 1.41 3.85
22.51 1.63 2.49 0 0
25 23.38 1.64 1.62 1
2 2 4 5 23.67
30.73 1.33 23.68 27.23 1.32
22.34 23.11 2.66 0 0
25 24.42 24.82 0.58 0
0 25 0 0 25
0 0 25 1 2
2 4 4 22.33 4.69
2.67 22.39 4.67 2.61 20.59
2.16 4.41 22.66 4.97 2.34
21.56 4.49 3.44 22.65 2.81
2.35 20.34 2.04 4.66 21.34
0.31 3.66 1 2 2
3 7 22.65 4.81 2.35
22.63 4.8 2.37 21.19 3.73
3.81 22.66 2.64 2.34 21.23
3.41 3.77 22.4 2.48 2.6
21.45 1.23 3.55 21.55 1.14
3.45 1 2 2 3
6 22.41 4.5 2.59 23.7
7.55 1.3 20.57 2.27 4.43
22.55 5.03 2.45 21.57 4.44
3.43 21.25 1.93 3.75 20.27
2.11 4.73 19.66 0.19 5.34
1 2 2 3 5
22.45 4.86 2.55 22.69 2.87
2.31 21.23 3.4 3.77 22.28
4.84 2.72 21.32 1.32 3.68
22.23 2.81 2.77 21.47 3.58
3.53 21.29 1.36 3.71 1
2 2 3 4 23.49
6.23 1.51 23.92 6.72 1.08
21.05 3.45 3.95 21.45 3.65
3.55 21.53 3.48 3.47 20.94
3.54 4.06 19.21 1.23 5.79
19.05 1.06 5.95 1 2
2 3 3 23.34 26.61
1.66 23.44 26.56 1.56 23.58
26.87 1.42 0 0 25
22.25 3.64 2.75 0 0
25 0 0 25 22.38
1.33 2.62 1 2 2
2 7 23.65 26.14 1.35
23.69 26.56 1.31 22.66 2.72
2.34 0 0 25 22.26
2.48 2.74 0 0 25
22.42 2.46 2.58 22.36 2.6
2.64 1 2 2 2
6 23.68 26.29 1.32 22.44
3.73 2.56 23.65 26.43 1.35
0 0 25 22.42 3.61
2.58 22.36 1.6 2.64 0
0 25 22.37 1.42 2.63
1 2 2 2 5
23.54 26.59 1.46 23.79 27.01
1.21 24.6 29.38 0.4 0
0 25 22.62 22.47 2.38
0 0 25 0 0
25 0 0 25 1
2 2 2 4 22.15
2.48 2.85 22.75 2.87 2.25
22.58 2.62 2.42 22.59 2.35
2.41 22.4 2.52 2.6 22.5
2.26 2.5 22.7 2.59 2.3
22.27 2.37 2.73 1 2
2 2 3 23.82 26.84
1.18 23.76 26.86 1.24 23.41
25.73 1.59 0 0 25
23.4 26.18 1.6 0 0
25 0 0 25 0
0 25 1 2 2
2 2 24.9 82.07 0.1
22.62 44.9 2.38 0 0
25 0 0 25 0
0 25 0 0 25
0 0 25 24.85 0.66
0.15 1 1 7 7
7 23.7 55.7 1.3 22.43
45.18 2.57 0 0 25
0 0 25 0 0
25 0 0 25 23.45
4.32 1.55 24.62 0.6 0.38
1 1 6 7 7
24.86 58.92 0.14 22.59 45.46
2.41 0 0 25 0
0 25 0 0 25
0 0 25 22.41 0.36
2.59 24.59 0.81 0.41 1
1 6 6 7 24.7
56.36 0.3 22.6 45.57 2.4
0 0 25 0 0
25 0 0 25 0
0 25 24.68 3.09 0.32
22.39 0.61 2.61 1 1
6 6 6 24.8 79.13
0.2 21.48 22.48 3.52 0
0 25 0 0 25
0 0 25 23.8 5.8
1.2 0 0 25 22.39
0.12 2.61 1 1 5
7 7 23.79 52.79 1.21
21.46 22.88 3.54 0 0
25 0 0 25 0
0 25 23.62 5.13 1.38
23.59 4.15 1.41 22.44 0.15
2.56 1 1 5 6
7 24.76 56.78 0.24 21.22
23 3.78 0 0 25
0 0 25 0 0
25 23.5 5.18 1.5 22.61
0.34 2.39 22.3 0.31 2.7
1 1 5 6 6
24.88 79.76 0.12 22.6 24.84
2.4 0 0 25 0
0 25 0 0 25
21.35 1.3 3.65 0 0
25 23.68 1.59 1.32 1
1 5 5 7 23.59
53.47 1.41 22.39 24.87 2.61
0 0 25 0 0
25 0 0 25 21.27
1.44 3.73 23.83 4.3 1.17
23.26 1.58 1.74 1 1
5 5 6 24.94 79.27
0.06 22.53 23.1 2.47 0
0 25 0 0 25
0 0 25 24.75 25.41
0.25 0 0 25 0
0 25 1 1 5
5 5 24.83 79.54 0.17
21.61 22.82 3.39 0 0
25 0 0 25 23.6
4.91 1.4 0 0 25
0 0 25 22.53 0.16
2.47 1 1 4 7
7 23.53 53.29 1.47 21.26
22.83 3.74 0 0 25
0 0 25 23.42 5.46
1.58 0 0 25 23.6
3.99 1.4 22.34 0.28 2.66
1 1 4 6 7
24.69 56.71 0.31 21.37 23.04
3.63 0 0 25 0
0 25 23.6 5.11 1.4
0 0 25 22.37 0.43
2.63 22.3 0.38 2.7 1
1 4 6 6 24.74
76.61 0.26 20.27 2.54 4.73
0 0 25 0 0
25 23.59 5.34 1.41 22.38
2.84 2.62 0 0 25
21.57 0.12 3.43 1 1
4 5 7 23.14 50.52
1.86 20.22 2.6 4.78 0
0 25 0 0 25
23.52 5.17 1.48 22.66 2.89
2.34 23.65 4.06 1.35 21.44
0.13 3.56 1 1 4
5 6 24.77 77.44 0.23
20.89 3.54 4.11 0 0
25 0 0 25 23.71
4.7 1.29 21.23 1.19 3.77
0 0 25 21.18 1.35
3.82 1 1 4 5
5 24.93 79.92 0.07 22.48
24.71 2.52 0 0 25
0 0 25 21.45 1.21
3.55 0 0 25 0
0 25 23.73 1.57 1.27
1 1 4 4 7
23.51 53.62 1.49 22.51 24.94
2.49 0 0 25 0
0 25 21.44 1.29 3.56
0 0 25 23.63 4.45
1.37 23.38 1.23 1.62 1
1 4 4 6 24.81
76.93 0.19 21.81 3.73 3.19
0 0 25 0 0
25 21.16 1.16 3.84 23.67
3.96 1.33 0 0 25
21.41 1.36 3.59 1 1
4 4 5 24.88 79.62
0.12 22.57 22.74 2.43 0
0 25 0 0 25
24.82 25.37 0.18 0 0
25 0 0 25 0
0 25 1 1 4
4 4 23.63 30.48 1.37
21.35 22.82 3.65 0 0
25 23.91 29.31 1.09 0
0 25 21.29 4.49 3.71
0 0 25 22.5 0.22
2.5 1 1 3 7
7 23.76 31.21 1.24 21.48
22.4 3.52 0 0 25
22.74 5.86 2.26 0 0
25 21.53 4.39 3.47 22.3
1.57 2.7 22.46 0.3 2.54
1 1 3 6 7
23.65 29.99 1.35 21.2 22.54
3.8 0 0 25 23.57
7.31 1.43 0 0 25
21.49 4.51 3.51 22.69 2.28
2.31 20.48 0.29 4.52 1
1 3 6 6 23.73
31.12 1.27 22.4 25.1 2.6
0 0 25 23.44 26.31
1.56 0 0 25 21.24
1.52 3.76 0 0 25
23.47 1.67 1.53 1 1
3 5 7 23.75 30.86
1.25 22.39 24.82 2.61 0
0 25 22.26 3.81 2.74
0 0 25 21.29 1.37
3.71 22.62 1.58 2.38 23.47
1.78 1.53 1 1 3
5 6 23.6 31.18 1.4
22.16 23.02 2.84 0 0
25 23.55 27.12 1.45 0
0 25 24.48 24.89 0.52
0 0 25 0 0
25 1 1 3 5
5 23.56 28.71 1.44 20.34
2.35 4.66 0 0 25
23.59 28.96 1.41 23.71 5.07
1.29 19.94 2.37 5.06 0
0 25 21.31 0.09 3.69
1 1 3 4 7
23.52 28.47 1.48 20.49 2.32
4.51 0 0 25 22.35
6.19 2.65 23.4 4.8 1.6
20.22 2.38 4.78 22.79 1.62
2.21 21.25 0.2 3.75 1
1 3 4 6 23.58
28.67 1.42 21.44 3.41 3.56
0 0 25 23.49 26.6
1.51 23.32 3.49 1.68 21.69
1.25 3.31 0 0 25
21.85 1.21 3.15 1 1
3 4 5 23.71 28.89
1.29 21.37 3.45 3.63 0
0 25 23.77 28.78 1.23
21.29 1.16 3.71 21.6 3.21
3.4 0 0 25 21.52
1.25 3.48 1 1 3
4 4 24.85 34.86 0.15
22.28 24.99 2.72 0 0
25 22.25 24.93 2.75 0
0 25 19.21 1.12 5.79
0 0 25 23.73 1.78
1.27 1 1 3 3
7 24.87 32.6 0.13 22.27
24.56 2.73 0 0 25
21.43 3.1 3.57 0 0
25 19.54 1.28 5.46 23.83
4.18 1.17 21.02 1.32 3.98
1 1 3 3 6
24.85 34.23 0.15 22.63 22.85
2.37 0 0 25 22.31
23.04 2.69 0 0 25
24.71 25.38 0.29 0 0
25 0 0 25 1
1 3 3 5 24.76
32.07 0.24 21.58 3.42 3.42
0 0 25 22.33 24.95
2.67 23.77 3.89 1.23 19.48
1.14 5.52 0 0 25
21.36 1.25 3.64 1 1
3 3 4 24.88 29.48
0.12 22.61 23.09 2.39 0
0 25 24.76 30.07 0.24
0 0 25 22.37 22.74
2.63 0 0 25 0
0 25 1 1 3
3 3 23.62 30.33 1.38
21.7 22.85 3.3 23.73 29.28
1.27 0 0 25 21.52
4.26 3.48 0 0 25
0 0 25 22.54 0.17
2.46 1 1 2 7
7 23.73 30.92 1.27 21.37
22.62 3.63 22.61 6.67 2.39
0 0 25 21.26 4.41
3.74 0 0 25 22.06
1.46 2.94 22.6 0.29 2.4
1 1 2 6 7
23.48 29.73 1.52 21.59 22.8
3.41 23.68 7.54 1.32 0
0 25 21.39 4.49 3.61
0 0 25 22.6 2.45
2.4 20.07 0.18 4.93 1
1 2 6 6 23.61
28.66 1.39 20.24 2.18 4.76
23.65 29.23 1.35 0 0
25 21.12 4.55 3.88 22.56
2.44 2.44 0 0 25
21.58 0.18 3.42 1 1
2 5 7 23.52 28.46
1.48 20.71 2.28 4.29 22.49
6.03 2.51 0 0 25
21.52 3.93 3.48 22.63 2.55
2.37 22.41 1.71 2.59 21.53
0.23 3.47 1 1 2
5 6 23.71 29.07 1.29
21.37 3.41 3.63 23.61 29.08
1.39 0 0 25 21.28
3.58 3.72 21.25 1.11 3.75
0 0 25 21.27 1.26
3.73 1 1 2 5
5 23.87 31.09 1.13 22.42
25.04 2.58 23.52 26.24 1.48
0 0 25 21.34 1.44
3.66 0 0 25 0
0 25 23.52 1.52 1.48
1 1 2 4 7
23.76 30.83 1.24 22.38 24.79
2.62 22.52 3.97 2.48 0
0 25 21.32 1.4 3.68
0 0 25 22.3 1.38
2.7 23.58 1.77 1.42 1
1 2 4 6 23.58
28.61 1.42 21.49 3.62 3.51
23.44 26.62 1.56 0 0
25 21.24 1.25 3.76 23.38
3.63 1.62 0 0 25
21.71 1.43 3.29 1 1
2 4 5 23.85 31.01
1.15 22.57 23.05 2.43 23.54
26.63 1.46 0 0 25
24.51 24.84 0.49 0 0
25 0 0 25 0
0 25 1 1 2
4 4 22.54 4.86 2.46
20.63 2.35 4.37 22.36 4.47
2.64 22.43 5.21 2.57 21.33
4.18 3.67 20.3 2.24 4.7
22.5 3.1 2.5 21.26 0.24
3.74 1 1 2 3
7 22.32 5.12 2.68 20.15
2.3 4.85 23.78 7.91 1.22
22.32 4.45 2.68 21.47 4.12
3.53 20.67 2.36 4.33 21.3
2.06 3.7 19.58 0.09 5.42
1 1 2 3 6
22.36 4.44 2.64 21.63 3.51
3.37 22.5 4.72 2.5 22.46
2.8 2.54 21.44 3.45 3.56
21.54 1.33 3.46 22.35 2.93
2.65 21.24 1.3 3.76 1
1 2 3 5 22.26
4.95 2.74 21.29 3.33 3.71
22.29 2.7 2.71 22.46 5
2.54 21.48 1.3 3.52 21.68
3.51 3.32 22.28 2.71 2.72
21.48 1.28 3.52 1 1
2 3 4 23.59 6.26
1.41 21.28 2.91 3.72 23.74
6.53 1.26 21.27 3.61 3.73
21.65 3.64 3.35 19.49 1.13
5.51 21.08 3.56 3.92 19.05
1.21 5.95 1 1 2
3 3 24.87 34.77 0.13
22.43 24.87 2.57 22.38 24.64
2.62 0 0 25 19.44
1.29 5.56 0 0 25
0 0 25 23.64 1.67
1.36 1 1 2 2
7 24.77 32.13 0.23 22.43
25.04 2.57 21.19 3.49 3.81
0 0 25 19.48 1.06
5.52 0 0 25 23.75
4.28 1.25 21.31 1.07 3.69
1 1 2 2 6
24.82 31.75 0.18 21.64 3.41
3.36 22.68 25.12 2.32 0
0 25 19.09 1.04 5.91
23.73 4.07 1.27 0 0
25 21.2 1.45 3.8 1
1 2 2 5 24.9
34.64 0.1 22.33 22.63 2.67
22.62 23.01 2.38 0 0
25 24.63 25.24 0.37 0
0 25 0 0 25
0 0 25 1 1
2 2 4 23.67 6.67
1.33 21.13 3.39 3.87 21.16
3.29 3.84 23.61 6.33 1.39
19.31 1.06 5.69 21.42 3.3
3.58 21.51 3.25 3.49 19.65
1.25 5.35 1 1 2
2 3 24.77 30.28 0.23
22.12 22.84 2.88 24.65 29.87
0.35 0 0 25 22.45
23.02 2.55 0 0 25
0 0 25 0 0
25 1 1 2 2
2 24.71 75.05 0.29 24.75
52.82 0.25 0 0 25
0 0 25 0 0
25 0 0 25 0
0 25 22.45 0.22 2.55
1 1 1 7 7
23.56 48.74 1.44 24.77 52.57
0.23 0 0 25 0
0 25 0 0 25
0 0 25 23.72 3.91
1.28 22.48 0.25 2.52 1
1 1 6 7 24.67
52.48 0.33 24.8 52.5 0.2
0 0 25 0 0
25 0 0 25 0
0 25 22.24 0.4 2.76
22.47 0.44 2.53 1 1
1 6 6 24.88 75.13
0.12 23.59 26.6 1.41 0
0 25 0 0 25
0 0 25 22.41 3.47
2.59 0 0 25 22.67
1.25 2.33 1 1 1
5 7 23.78 48.82 1.22
23.76 26.83 1.24 0 0
25 0 0 25 0
0 25 22.36 3.45 2.64
23.6 3.64 1.4 22.34 1.42
2.66 1 1 1 5
6 24.8 74.95 0.2 24.73
30.2 0.27 0 0 25
0 0 25 0 0
25 22.51 22.81 2.49 0
0 25 0 0 25
1 1 1 5 5
24.77 74.89 0.23 23.63 26.71
1.37 0 0 25 0
0 25 22.33 3.35 2.67
0 0 25 0 0
25 22.95 1.37 2.05 1
1 1 4 7 23.7
49.01 1.3 23.48 26.73 1.52
0 0 25 0 0
25 22.54 3.32 2.46 0
0 25 23.59 3.58 1.41
22.63 1.42 2.37 1 1
1 4 6 24.76 74.9
0.24 22.24 3.12 2.76 0
0 25 0 0 25
22.16 2.74 2.84 22.73 2.4
2.27 0 0 25 22.48
2.47 2.52 1 1 1
4 5 24.75 74.65 0.25
24.77 30.53 0.23 0 0
25 0 0 25 22.56
22.74 2.44 0 0 25
0 0 25 0 0
25 1 1 1 4
4 23.61 26.24 1.39 23.62
26.41 1.38 0 0 25
23.69 26.36 1.31 0 0
25 22.71 3.96 2.29 0
0 25 22.3 1.1 2.7
1 1 1 3 7
23.74 26.11 1.26 23.54 26.79
1.46 0 0 25 22.32
4.01 2.68 0 0 25
22.17 3.58 2.83 22.41 1.48
2.59 22.38 1.47 2.62 1
1 1 3 6 23.52
26.56 1.48 24.68 29.97 0.32
0 0 25 23.45 26.49
1.55 0 0 25 22.59
22.74 2.41 0 0 25
0 0 25 1 1
1 3 5 23.46 26.17
1.54 22.42 2.69 2.58 0
0 25 23.78 26.6 1.22
22.49 2.41 2.51 22.27 2.95
2.73 0 0 25 22.19
2.57 2.81 1 1 1
3 4 24.76 29.91 0.24
24.8 29.72 0.2 0 0
25 22.59 22.8 2.41 0
0 25 22.51 22.91 2.49
0 0 25 0 0
25 1 1 1 3
3 23.66 26.61 1.34 23.63
26.42 1.37 23.49 26.14 1.51
0 0 25 22.46 3.74
2.54 0 0 25 0
0 25 22.44 1.41 2.56
1 1 1 2 7
23.69 26.44 1.31 23.54 26.64
1.46 22.64 3.65 2.36 0
0 25 22.06 3.72 2.94
0 0 25 22.39 1.2
2.61 22.27 1.76 2.73 1
1 1 2 6 23.39
26.69 1.61 22.03 2.96 2.97
23.51 26.31 1.49 0 0
25 22.28 2.95 2.72 22.36
2.74 2.64 0 0 25
22.23 2.55 2.77 1 1
1 2 5 23.63 26.31
1.37 24.85 30.28 0.15 23.52
26.48 1.48 0 0 25
22.36 22.57 2.64 0 0
25 0 0 25 0
0 25 1 1 1
2 4 22.65 2.49 2.35
22.29 2.57 2.71 22.49 2.48
2.51 22.44 2.51 2.56 22.43
2.82 2.57 22.31 2.54 2.69
22.38 2.76 2.62 22.24 2.6
2.76 1 1 1 2
3 24.88 29.9 0.12 24.78
29.93 0.22 22.57 22.61 2.43
0 0 25 22.24 23.09
2.76 0 0 25 0
0 25 0 0 25
1 1 1 2 2
24.99 75.88 0.01 23.59 48.23
1.41 0 0 25 0
0 25 0 0 25
0 0 25 0 0
25 23.85 3.46 1.15 1
1 1 1 7 23.75
49.75 1.25 23.38 48.34 1.62
0 0 25 0 0
25 0 0 25 0
0 25 23.56 4.35 1.44
23.16 3.71 1.84 1 1
1 1 6 24.99 75.66
0.01 23.35 26.03 1.65 0
0 25 0 0 25
0 0 25 23.59 26.38
1.41 0 0 25 0
0 25 1 1 1
1 5 24.96 75.48 0.04
23.5 25.46 1.5 0 0
25 0 0 25 23.84
26.76 1.16 0 0 25
0 0 25 0 0
25 1 1 1 1
4 23.88 26.84 1.12 23.37
25.79 1.63 0 0 25
23.86 26.86 1.14 0 0
25 23.38 26.02 1.62 0
0 25 0 0 25
1 1 1 1 3
23.76 27.19 1.24 23.3 25.78
1.7 23.63 26.75 1.37 0
0 25 23.4 26.19 1.6
0 0 25 0 0
25 0 0 25 1
1 1 1 2 24.93
75.04 0.07 24.98 75.05 0.02
0 0 25 0 0
25 0 0 25 0
0 25 0 0 25
0 0 25 1 1
1 1 1
