24.76 148.95 0.24 0 0
25 0 0 25 0
0 25 0 0 25
0 0 25 0 0
25 24.77 1.52 0.23 7
7 7 7 7 22.46
114.94 2.54 0 0 25
0 0 25 0 0
25 0 0 25 0
0 25 22.5 15.9 2.5
23.58 0.62 1.42 6 7
7 7 7 24.63 127.91
0.37 0 0 25 0
0 25 0 0 25
0 0 25 0 0
25 19.83 1.82 5.17 24.33
1.48 0.67 6 6 7
7 7 24.4 122.35 0.6
0 0 25 0 0
25 0 0 25 0
0 25 0 0 25
24.02 8.28 0.98 20.32 0.63
4.68 6 6 6 7
7 24.84 125.67 0.16 0
0 25 0 0 25
0 0 25 0 0
25 0 0 25 21.27
3.04 3.73 22.12 3.06 2.88
6 6 6 6 7
24.84 124.53 0.16 0 0
25 0 0 25 0
0 25 0 0 25
0 0 25 24.76 25.87
0.24 0 0 25 6
6 6 6 6 22.45
114.51 2.55 0 0 25
0 0 25 0 0
25 0 0 25 22.46
16.32 2.54 0 0 25
23.59 0.67 1.41 5 7
7 7 7 20.52 84.7
4.48 0 0 25 0
0 25 0 0 25
0 0 25 22.45 15.93
2.55 20.1 12.74 4.9 23.15
0.41 1.85 5 6 7
7 7 21.85 95.82 3.15
0 0 25 0 0
25 0 0 25 0
0 25 22.41 14.12 2.59
19.5 1.9 5.5 23.43 0.97
1.57 5 6 6 7
7 21.85 90.14 3.15 0
0 25 0 0 25
0 0 25 0 0
25 22.59 14.53 2.41 23.39
7.51 1.61 19.61 0.38 5.39
5 6 6 6 7
22.44 93.58 2.56 0 0
25 0 0 25 0
0 25 0 0 25
22.6 13.74 2.4 21.17 2.7
3.83 21.33 2.44 3.67 5
6 6 6 6 24.66
127.98 0.34 0 0 25
0 0 25 0 0
25 0 0 25 19.73
1.99 5.27 0 0 25
24.11 1.53 0.89 5 5
7 7 7 22.25 95.62
2.75 0 0 25 0
0 25 0 0 25
0 0 25 19.32 2.15
5.68 22.18 14.27 2.82 23.1
1.11 1.9 5 5 6
7 7 24.32 106.66 0.68
0 0 25 0 0
25 0 0 25 0
0 25 19.71 2.04 5.29
19.81 1.85 5.19 23.81 1.8
1.19 5 5 6 6
7 23.96 101.48 1.04 0
0 25 0 0 25
0 0 25 0 0
25 19.83 2.04 5.17 24.04
8.28 0.96 19.59 0.78 5.41
5 5 6 6 6
24.26 121.92 0.74 0 0
25 0 0 25 0
0 25 0 0 25
24.22 8.72 0.78 0 0
25 20.31 0.57 4.69 5
5 5 7 7 22
90.69 3 0 0 25
0 0 25 0 0
25 0 0 25 24.22
8.7 0.78 21.89 12.41 3.11
19.8 0.29 5.2 5 5
5 6 7 24.05 102.03
0.95 0 0 25 0
0 25 0 0 25
0 0 25 24.24 8.03
0.76 19.49 1.6 5.51 19.79
0.77 5.21 5 5 5
6 6 24.76 125.59 0.24
0 0 25 0 0
25 0 0 25 0
0 25 21.43 2.85 3.57
0 0 25 22.38 2.99
2.62 5 5 5 5
7 22.5 93.55 2.5 0
0 25 0 0 25
0 0 25 0 0
25 21.33 2.7 3.67 22.54
13.33 2.46 21.64 2.41 3.36
5 5 5 5 6
24.83 124.56 0.17 0 0
25 0 0 25 0
0 25 0 0 25
24.77 25.84 0.23 0 0
25 0 0 25 5
5 5 5 5 22.52
114.82 2.48 0 0 25
0 0 25 0 0
25 22.2 16.26 2.8 0
0 25 0 0 25
23.6 0.6 1.4 4 7
7 7 7 20.2 85.16
4.8 0 0 25 0
0 25 0 0 25
22.45 16.06 2.55 0 0
25 20.61 11.94 4.39 23.25
0.33 1.75 4 6 7
7 7 22.22 95.44 2.78
0 0 25 0 0
25 0 0 25 22.43
14.12 2.57 0 0 25
19.56 1.82 5.44 23.44 0.97
1.56 4 6 6 7
7 21.89 90.13 3.11 0
0 25 0 0 25
0 0 25 22.28 14.7
2.72 0 0 25 23.3
7.16 1.7 20.18 0.36 4.82
4 6 6 6 7
22.57 93.01 2.43 0 0
25 0 0 25 0
0 25 22.63 13.7 2.37
0 0 25 21.46 2.93
3.54 21.22 2.48 3.78 4
6 6 6 6 20.38
85.46 4.62 0 0 25
0 0 25 0 0
25 22.51 16.65 2.49 20.01
11.51 4.99 0 0 25
23.13 0.35 1.87 4 5
7 7 7 18.36 61.59
6.64 0 0 25 0
0 25 0 0 25
22.28 15.74 2.72 20.04 11.9
4.96 18.33 8.43 6.67 23.09
0.24 1.91 4 5 6
7 7 20.1 67.59 4.9
0 0 25 0 0
25 0 0 25 22.45
14.44 2.55 20.07 10.18 4.93
19.65 2.08 5.35 22.72 0.72
2.28 4 5 6 6
7 19.73 63.1 5.27 0
0 25 0 0 25
0 0 25 22.64 14.24
2.36 20.5 10.84 4.5 22.93
5.89 2.07 19.73 0.4 5.27
4 5 6 6 6
22.53 95.84 2.47 0 0
25 0 0 25 0
0 25 22.23 13.37 2.77
19.79 1.95 5.21 0 0
25 23.27 1.02 1.73 4
5 5 7 7 20.43
68.46 4.57 0 0 25
0 0 25 0 0
25 22.02 13.71 2.98 20.15
1.93 4.85 19.92 9.61 5.08
22.97 0.8 2.03 4 5
5 6 7 21.78 76.85
3.22 0 0 25 0
0 25 0 0 25
22.13 11.98 2.87 19.58 1.84
5.42 19.65 1.82 5.35 23.11
1.26 1.89 4 5 5
6 6 21.9 89.95 3.1
0 0 25 0 0
25 0 0 25 22.74
14.68 2.26 23.37 7.34 1.63
0 0 25 19.68 0.34
5.32 4 5 5 5
7 19.68 63.7 5.32 0
0 25 0 0 25
0 0 25 22.28 13.71
2.72 23.39 7.5 1.61 19.54
10.27 5.46 19.55 0.38 5.45
4 5 5 5 6
22.47 93.6 2.53 0 0
25 0 0 25 0
0 25 22.17 13.95 2.83
21.02 2.51 3.98 0 0
25 21.54 2.74 3.46 4
5 5 5 5 24.54
127.9 0.46 0 0 25
0 0 25 0 0
25 19.54 2.06 5.46 0
0 25 0 0 25
24.24 1.72 0.76 4 4
7 7 7 22.24 95.53
2.76 0 0 25 0
0 25 0 0 25
19.72 2.12 5.28 0 0
25 22.38 13.72 2.62 23.12
1.17 1.88 4 4 6
7 7 24.39 107.55 0.61
0 0 25 0 0
25 0 0 25 19.72
1.87 5.28 0 0 25
19.19 1.96 5.81 23.57 1.75
1.43 4 4 6 6
7 24.16 100.94 0.84 0
0 25 0 0 25
0 0 25 19.99 1.74
5.01 0 0 25 24.03
8.87 0.97 19.29 0.98 5.71
4 4 6 6 6
22.16 96.27 2.84 0 0
25 0 0 25 0
0 25 19.25 2.11 5.75
22.47 13.73 2.53 0 0
25 23.09 0.92 1.91 4
4 5 7 7 19.99
68.49 5.01 0 0 25
0 0 25 0 0
25 19.31 1.74 5.69 22.31
13.8 2.69 20.12 10.55 4.88
22.91 0.78 2.09 4 4
5 6 7 21.98 77.71
3.02 0 0 25 0
0 25 0 0 25
19.62 1.54 5.38 22.12 11.32
2.88 19.89 1.76 5.11 23
1.06 2 4 4 5
6 6 24.31 106.63 0.69
0 0 25 0 0
25 0 0 25 19.98
1.87 5.02 19.84 1.94 5.16
0 0 25 23.65 1.78
1.35 4 4 5 5
7 21.92 77.22 3.08 0
0 25 0 0 25
0 0 25 19.63 2.08
5.37 19.45 1.9 5.55 22.29
11.58 2.71 22.63 1.3 2.37
4 4 5 5 6
24.01 101.96 0.99 0 0
25 0 0 25 0
0 25 19.54 1.78 5.46
24.12 8.31 0.88 0 0
25 19.59 0.69 5.41 4
4 5 5 5 24.13
121.85 0.87 0 0 25
0 0 25 0 0
25 24.2 9.36 0.8 0
0 25 0 0 25
19.97 0.49 5.03 4 4
4 7 7 21.82 90.27
3.18 0 0 25 0
0 25 0 0 25
24.09 8.79 0.91 0 0
25 21.78 13.18 3.22 19.78
0.29 5.22 4 4 4
6 7 24.06 101.13 0.94
0 0 25 0 0
25 0 0 25 24.05
8.43 0.95 0 0 25
19.92 1.87 5.08 19.66 0.88
5.34 4 4 4 6
6 21.98 89.99 3.02 0
0 25 0 0 25
0 0 25 24.05 8.47
0.95 22.07 12.95 2.93 0
0 25 20.07 0.42 4.93
4 4 4 5 7
19.68 64 5.32 0 0
25 0 0 25 0
0 25 24.01 8.53 0.99
21.94 13.21 3.06 19.71 8.79
5.29 19.73 0.4 5.27 4
4 4 5 6 23.88
101.89 1.12 0 0 25
0 0 25 0 0
25 24.09 8.31 0.91 19.58
1.86 5.42 0 0 25
19.55 0.84 5.45 4 4
4 5 5 24.78 125.27
0.22 0 0 25 0
0 25 0 0 25
21.39 3.1 3.61 0 0
25 0 0 25 22.26
3.2 2.74 4 4 4
4 7 22.61 93.63 2.39
0 0 25 0 0
25 0 0 25 21.13
2.89 3.87 0 0 25
22.46 13.47 2.54 21.29 2.52
3.71 4 4 4 4
6 22.48 93.21 2.52 0
0 25 0 0 25
0 0 25 21.48 2.93
3.52 22.14 14.15 2.86 0
0 25 21.23 2.38 3.77
4 4 4 4 5
24.78 124.37 0.22 0 0
25 0 0 25 0
0 25 24.75 26.1 0.25
0 0 25 0 0
25 0 0 25 4
4 4 4 4 22.48
74.98 2.52 0 0 25
0 0 25 22.43 55.63
2.57 0 0 25 0
0 25 0 0 25
23.81 0.67 1.19 3 7
7 7 7 22.54 74.55
2.46 0 0 25 0
0 25 20.11 31.92 4.89
0 0 25 0 0
25 19.73 6.17 5.27 23.86
1.12 1.14 3 6 7
7 7 22.45 72.29 2.55
0 0 25 0 0
25 22.09 36.95 2.91 0
0 25 0 0 25
20.36 5.27 4.64 20.12 0.47
4.88 3 6 6 7
7 22.26 73.3 2.74 0
0 25 0 0 25
21.71 32.77 3.29 0 0
25 0 0 25 20.85
4 4.15 21.95 3.16 3.05
3 6 6 6 7
22.29 73.18 2.71 0 0
25 0 0 25 22.36
34.07 2.64 0 0 25
0 0 25 23.56 24.54
1.44 0 0 25 3
6 6 6 6 22.63
74.18 2.37 0 0 25
0 0 25 20.35 32.3
4.65 0 0 25 19.95
5.99 5.05 0 0 25
23.62 0.98 1.38 3 5
7 7 7 22.16 74.52
2.84 0 0 25 0
0 25 18.27 12.02 6.73
0 0 25 19.84 5.88
5.16 18.04 3.62 6.96 23.85
1.8 1.15 3 5 6
7 7 22.28 72.66 2.72
0 0 25 0 0
25 19.88 15.27 5.12 0
0 25 19.55 4.07 5.45
19.91 5.44 5.09 19.94 1
5.06 3 5 6 6
7 22.66 72.26 2.34 0
0 25 0 0 25
19.66 11.57 5.34 0 0
25 19.74 3.87 5.26 21.28
3.34 3.72 22 3.62 3
3 5 6 6 6
22.12 72.54 2.88 0 0
25 0 0 25 22.11
37.58 2.89 0 0 25
19.85 5.09 5.15 0 0
25 20.07 0.64 4.93 3
5 5 7 7 22.26
72.31 2.74 0 0 25
0 0 25 19.99 15.79
5.01 0 0 25 20.24
5.14 4.76 19.61 3.69 5.39
19.95 1.02 5.05 3 5
5 6 7 22.16 69.29
2.84 0 0 25 0
0 25 22.05 19.19 2.95
0 0 25 20.07 4.93
4.93 20.12 4.96 4.88 16.79
0.44 8.21 3 5 5
6 6 22.39 73.03 2.61
0 0 25 0 0
25 22.06 32.38 2.94 0
0 25 21.26 3.79 3.74
0 0 25 22 3.09
3 3 5 5 5
7 22.47 72.27 2.53 0
0 25 0 0 25
19.95 11.61 5.05 0 0
25 21.34 3.67 3.66 19.95
3.65 5.05 21.69 3.4 3.31
3 5 5 5 6
22.39 72.57 2.61 0 0
25 0 0 25 22.4
34.69 2.6 0 0 25
23.8 24.15 1.2 0 0
25 0 0 25 3
5 5 5 5 20.18
49.96 4.82 0 0 25
0 0 25 22.68 56.03
2.32 20.02 7.85 4.98 0
0 25 0 0 25
22.82 0.46 2.18 3 4
7 7 7 20.33 48.74
4.67 0 0 25 0
0 25 20.47 32 4.53
20.3 8.05 4.7 0 0
25 19.84 6.36 5.16 22.9
1.01 2.1 3 4 6
7 7 19.97 46.48 5.03
0 0 25 0 0
25 22.19 37.92 2.81 20.63
8.29 4.37 0 0 25
19.57 4.98 5.43 19.56 0.41
5.44 3 4 6 6
7 19.98 47.91 5.02 0
0 25 0 0 25
21.77 32.43 3.23 20.26 8.13
4.74 0 0 25 21.38
3.83 3.62 21.44 2.87 3.56
3 4 6 6 6
19.71 49.97 5.29 0 0
25 0 0 25 20.23
31.81 4.77 20.56 8.42 4.44
19.58 5.42 5.42 0 0
25 23.27 1.03 1.73 3
4 5 7 7 20.08
49.93 4.92 0 0 25
0 0 25 18.12 11.8
6.88 20.45 8.56 4.55 19.69
5.37 5.31 18.19 3.49 6.81
22.98 1.34 2.02 3 4
5 6 7 19.99 47.7
5.01 0 0 25 0
0 25 19.87 15.24 5.13
20.06 7.71 4.94 19.47 4.06
5.53 20.19 5.08 4.81 19.87
0.76 5.13 3 4 5
6 6 20.31 47.74 4.69
0 0 25 0 0
25 22.04 37.33 2.96 20.16
7.78 4.84 19.76 5.27 5.24
0 0 25 19.26 0.35
5.74 3 4 5 5
7 20.07 47.68 4.93 0
0 25 0 0 25
19.76 15.35 5.24 20.4 8.15
4.6 19.73 5.15 5.27 19.53
3.91 5.47 19.5 0.77 5.5
3 4 5 5 6
20.14 47.97 4.86 0 0
25 0 0 25 21.84
33.19 3.16 20.1 7.64 4.9
21.02 3.65 3.98 0 0
25 21.56 2.89 3.44 3
4 5 5 5 21.96
56.24 3.04 0 0 25
0 0 25 22.5 53.68
2.5 19.71 1.68 5.29 0
0 25 0 0 25
23.37 0.86 1.63 3 4
4 7 7 22.33 56
2.67 0 0 25 0
0 25 20.14 29.95 4.86
19.63 1.81 5.37 0 0
25 19.58 5.58 5.42 23.32
1.66 1.68 3 4 4
6 7 22.39 53.8 2.61
0 0 25 0 0
25 22.12 35.06 2.88 19.96
1.82 5.04 0 0 25
19.67 4.73 5.33 19.65 0.8
5.35 3 4 4 6
6 22.26 56.44 2.74 0
0 25 0 0 25
19.66 29.66 5.34 19.66 1.86
5.34 19.67 6.14 5.33 0
0 25 23.42 1.23 1.58
3 4 4 5 7
22.33 56.23 2.67 0 0
25 0 0 25 18.31
10.11 6.69 19.76 1.7 5.24
19.5 5.2 5.5 18.37 3.12
6.63 23.33 2.04 1.67 3
4 4 5 6 21.91
53.94 3.09 0 0 25
0 0 25 21.97 34.9
3.03 19.54 1.93 5.46 20.16
5.08 4.84 0 0 25
19.66 0.91 5.34 3 4
4 5 5 21.94 51.35
3.06 0 0 25 0
0 25 22.34 54.46 2.66
23.68 6.09 1.32 0 0
25 0 0 25 19.75
0.39 5.25 3 4 4
4 7 21.82 51.68 3.18
0 0 25 0 0
25 20.35 30.18 4.65 23.53
6.23 1.47 0 0 25
20.11 5.67 4.89 19.54 0.89
5.46 3 4 4 4
6 21.66 52.19 3.34 0
0 25 0 0 25
20.3 29.97 4.7 23.62 5.94
1.38 19.58 5.66 5.42 0
0 25 20.09 0.99 4.91
3 4 4 4 5
22.27 53.87 2.73 0 0
25 0 0 25 22.4
53.7 2.6 21.03 2.66 3.97
0 0 25 0 0
25 21.26 2.81 3.74 3
4 4 4 4 24.6
88.07 0.4 0 0 25
0 0 25 19.69 40.66
5.31 0 0 25 0
0 25 0 0 25
24.28 2.7 0.72 3 3
7 7 7 24.42 81.61
0.58 0 0 25 0
0 25 18.35 22.14 6.65
0 0 25 0 0
25 21.72 10.55 3.28 20.13
1.08 4.87 3 3 6
7 7 24.65 84.44 0.35
0 0 25 0 0
25 19.57 24.41 5.43 0
0 25 0 0 25
18.45 2.68 6.55 22.1 3.7
2.9 3 3 6 6
7 24.71 83.24 0.29 0
0 25 0 0 25
19.8 21.71 5.2 0 0
25 0 0 25 24.19
26.35 0.81 0 0 25
3 3 6 6 6
24.28 81.86 0.72 0 0
25 0 0 25 18.09
21.33 6.91 0 0 25
21.93 11 3.07 0 0
25 20.54 0.97 4.46 3
3 5 7 7 23.78
76.91 1.22 0 0 25
0 0 25 16.54 4.86
8.46 0 0 25 22.04
10.93 2.96 19.98 6.33 5.02
18.09 0.54 6.91 3 3
5 6 7 24.51 78.69
0.49 0 0 25 0
0 25 17.99 6.64 7.01
0 0 25 22.27 8.93
2.73 17.97 2.37 7.03 18.38
2.25 6.62 3 3 5
6 6 24.63 84.38 0.37
0 0 25 0 0
25 19.5 25.1 5.5 0
0 25 17.83 2.69 7.17
0 0 25 22.1 3.77
2.9 3 3 5 5
7 24.12 78.52 0.88 0
0 25 0 0 25
18.12 6.94 6.88 0 0
25 18.06 2.4 6.94 21.81
9.41 3.19 18.17 2.45 6.83
3 3 5 5 6
24.53 83.02 0.47 0 0
25 0 0 25 19.79
22.02 5.21 0 0 25
24.17 26.47 0.83 0 0
25 0 0 25 3
3 5 5 5 22.33
58.99 2.67 0 0 25
0 0 25 19.71 41.11
5.29 22.59 9.96 2.41 0
0 25 0 0 25
23.3 2.01 1.7 3 3
4 7 7 21.87 55.46
3.13 0 0 25 0
0 25 17.94 20.91 7.06
22.22 9.79 2.78 0 0
25 21.56 9.9 3.44 19.53
0.82 5.47 3 3 4
6 7 22.47 57.02 2.53
0 0 25 0 0
25 19.51 24.52 5.49 22.17
9.37 2.83 0 0 25
17.98 2.46 7.02 21.29 3.21
3.71 3 3 4 6
6 22.05 54.65 2.95 0
0 25 0 0 25
18.11 20.93 6.89 22.15 9.52
2.85 21.78 10.29 3.22 0
0 25 19.72 0.8 5.28
3 3 4 5 7
21.57 50.62 3.43 0 0
25 0 0 25 16.63
4.33 8.37 22.19 9.59 2.81
21.98 9.64 3.02 19.54 5.52
5.46 17.83 0.56 7.17 3
3 4 5 6 21.97
56.72 3.03 0 0 25
0 0 25 19.56 24.29
5.44 22.3 9.6 2.7 18.47
2.47 6.53 0 0 25
21.44 3.18 3.56 3 3
4 5 5 24.56 67.4
0.44 0 0 25 0
0 25 19.36 40.89 5.64
19.6 1.51 5.4 0 0
25 0 0 25 23.72
2.96 1.28 3 3 4
4 7 24.03 62.35 0.97
0 0 25 0 0
25 18.18 20.99 6.82 19.42
1.3 5.58 0 0 25
22.08 10.89 2.92 19.56 1.2
5.44 3 3 4 4
6 23.96 61.81 1.04 0
0 25 0 0 25
17.96 21.07 7.04 19.75 1.27
5.25 22.11 11.04 2.89 0
0 25 19.93 1.1 5.07
3 3 4 4 5
24.18 63.44 0.82 0 0
25 0 0 25 19.63
39.94 5.37 23.97 7.04 1.03
0 0 25 0 0
25 19.74 2.06 5.26 3
3 4 4 4 24.47
75.17 0.53 0 0 25
0 0 25 24.02 54.74
0.98 0 0 25 0
0 25 0 0 25
20.45 1.15 4.55 3 3
3 7 7 24.3 75.1
0.7 0 0 25 0
0 25 21.91 29.27 3.09
0 0 25 0 0
25 19.51 6.18 5.49 20.57
3.16 4.43 3 3 3
6 7 24.24 74.42 0.76
0 0 25 0 0
25 24.07 36.11 0.93 0
0 25 0 0 25
20.23 20.93 4.77 0 0
25 3 3 3 6
6 24.13 75.2 0.87 0
0 25 0 0 25
22.04 29.41 2.96 0 0
25 19.68 6.6 5.32 0
0 25 20.01 2.93 4.99
3 3 3 5 7
24.1 74.76 0.9 0 0
25 0 0 25 19.52
7.03 5.48 0 0 25
19.73 4.79 5.27 19.83 5.07
5.17 20.33 4.84 4.67 3
3 3 5 6 24.23
74.42 0.77 0 0 25
0 0 25 24.1 35.82
0.9 0 0 25 20.45
20.98 4.55 0 0 25
0 0 25 3 3
3 5 5 21.75 47.95
3.25 0 0 25 0
0 25 24.16 55.4 0.84
21.85 8.53 3.15 0 0
25 0 0 25 19.62
0.74 5.38 3 3 3
4 7 21.46 47.98 3.54
0 0 25 0 0
25 22.09 29.01 2.91 22.13
8.73 2.87 0 0 25
19.77 6.67 5.23 19.5 2.66
5.5 3 3 3 4
6 21.69 47.55 3.31 0
0 25 0 0 25
21.72 28.98 3.28 22.2 8.6
2.8 19.61 7.09 5.39 0
0 25 19.64 2.92 5.36
3 3 3 4 5
24.03 54.67 0.97 0 0
25 0 0 25 24.06
54.68 0.94 19.91 1.35 5.09
0 0 25 0 0
25 20.09 1.21 4.91 3
3 3 4 4 24.74
77.94 0.26 0 0 25
0 0 25 21.6 45.41
3.4 0 0 25 0
0 25 0 0 25
22.28 8.03 2.72 3 3
3 3 7 24.79 77.33
0.21 0 0 25 0
0 25 21.49 26.68 3.51
0 0 25 0 0
25 22.31 27.4 2.69 0
0 25 3 3 3
3 6 24.79 77.17 0.21
0 0 25 0 0
25 21.42 26.21 3.58 0
0 25 22.46 27.95 2.54
0 0 25 0 0
25 3 3 3 3
5 22.5 51.05 2.5 0
0 25 0 0 25
21.46 44.84 3.54 22.24 9.05
2.76 0 0 25 0
0 25 21.35 7.51 3.65
3 3 3 3 4
24.69 75.1 0.31 0 0
25 0 0 25 24.79
75.42 0.21 0 0 25
0 0 25 0 0
25 0 0 25 3
3 3 3 3 22.15
74.75 2.85 0 0 25
22.5 56.09 2.5 0 0
25 0 0 25 0
0 25 0 0 25
23.74 0.77 1.26 2 7
7 7 7 22.29 75.2
2.71 0 0 25 20
31.98 5 0 0 25
0 0 25 0 0
25 19.88 6 5.12 23.48
1.17 1.52 2 6 7
7 7 22.06 72.21 2.94
0 0 25 22 37.81
3 0 0 25 0
0 25 0 0 25
19.92 5.68 5.08 19.8 0.52
5.2 2 6 6 7
7 22.48 73.2 2.52 0
0 25 21.71 32.94 3.29
0 0 25 0 0
25 0 0 25 21.2
3.96 3.8 21.76 2.75 3.24
2 6 6 6 7
22.12 72.53 2.88 0 0
25 22.57 34.77 2.43 0
0 25 0 0 25
0 0 25 23.66 24.35
1.34 0 0 25 2
6 6 6 6 20.26
49.72 4.74 0 0 25
22.46 55.55 2.54 0 0
25 0 0 25 20.22
8.37 4.78 0 0 25
22.93 0.49 2.07 2 5
7 7 7 20.38 49.67
4.62 0 0 25 20.24
31.71 4.76 0 0 25
0 0 25 20.39 8.02
4.61 19.43 6.06 5.57 23.23
0.87 1.77 2 5 6
7 7 19.94 47.58 5.06
0 0 25 22.15 37.35
2.85 0 0 25 0
0 25 20.26 7.68 4.74
19.67 5.34 5.33 19.56 0.47
5.44 2 5 6 6
7 20.39 47.5 4.61 0
0 25 22.15 32.88 2.85
0 0 25 0 0
25 20.36 7.81 4.64 21.11
3.69 3.89 21.43 2.68 3.57
2 5 6 6 6
22.19 55.36 2.81 0 0
25 22.26 53.7 2.74 0
0 25 0 0 25
20.22 1.99 4.78 0 0
25 23.43 0.85 1.57 2
5 5 7 7 22.35
55.81 2.65 0 0 25
19.77 29.85 5.23 0 0
25 0 0 25 19.93
2.02 5.07 19.52 6.06 5.48
23.04 1.65 1.96 2 5
5 6 7 22.08 53.25
2.92 0 0 25 22.12
35.35 2.88 0 0 25
0 0 25 19.77 1.77
5.23 20.14 5.13 4.86 19.47
0.92 5.53 2 5 5
6 6 21.75 51.5 3.25
0 0 25 22.69 53.78
2.31 0 0 25 0
0 25 23.46 6.63 1.54
0 0 25 19.71 0.48
5.29 2 5 5 5
7 22.07 52.53 2.93 0
0 25 20.29 30.02 4.71
0 0 25 0 0
25 23.38 6.06 1.62 19.38
5.42 5.62 20.04 0.81 4.96
2 5 5 5 6
22.47 53.35 2.53 0 0
25 22.24 53.96 2.76 0
0 25 0 0 25
21.33 2.38 3.67 0 0
25 21.47 2.8 3.53 2
5 5 5 5 22.16
74.58 2.84 0 0 25
20.17 33.09 4.83 0 0
25 19.18 6.04 5.82 0
0 25 0 0 25
23.61 1.17 1.39 2 4
7 7 7 22.31 74.2
2.69 0 0 25 18.13
12.23 6.87 0 0 25
19.93 5.78 5.07 0 0
25 18.34 3.67 6.66 23.7
1.71 1.3 2 4 6
7 7 22.42 71.8 2.58
0 0 25 20.12 14.83
4.88 0 0 25 20.2
4.06 4.8 0 0 25
20.36 5.1 4.64 20.16 0.95
4.84 2 4 6 6
7 22.66 72.71 2.34 0
0 25 19.59 11.41 5.41
0 0 25 19.65 4.3
5.35 0 0 25 21.2
3.36 3.8 21.68 3.44 3.32
2 4 6 6 6
19.9 49.43 5.1 0 0
25 20.13 32.14 4.87 0
0 25 19.69 5.96 5.31
19.91 8.51 5.09 0 0
25 23.15 1.18 1.85 2
4 5 7 7 20.29
49.05 4.71 0 0 25
18.18 12.42 6.82 0 0
25 19.63 5.67 5.37 20.24
8.08 4.76 18.05 3.74 6.95
23.2 1.45 1.8 2 4
5 6 7 19.94 47.45
5.06 0 0 25 19.72
14.9 5.28 0 0 25
19.6 4.45 5.4 20.42 7.71
4.58 20.19 5 4.81 19.89
0.73 5.11 2 4 5
6 6 22.25 56.17 2.75
0 0 25 19.97 29.86
5.03 0 0 25 19.43
5.77 5.57 19.91 1.75 5.09
0 0 25 23.2 1.69
1.8 2 4 5 5
7 22.25 56.17 2.75 0
0 25 18.41 10.13 6.59
0 0 25 19.77 5.61
5.23 19.74 1.62 5.26 17.92
3.31 7.08 23.08 1.99 1.92
2 4 5 5 6
21.67 51.2 3.33 0 0
25 20.04 31.09 4.96 0
0 25 19.61 5.72 5.39
23.78 6.01 1.22 0 0
25 19.78 1.1 5.22 2
4 5 5 5 22.05
71.86 2.95 0 0 25
22.15 37.94 2.85 0 0
25 20.16 5.45 4.84 0
0 25 0 0 25
19.95 0.44 5.05 2 4
4 7 7 22.51 72.24
2.49 0 0 25 20.25
15 4.75 0 0 25
20.06 5.15 4.94 0 0
25 19.82 3.9 5.18 20.13
0.94 4.87 2 4 4
6 7 21.91 69.92 3.09
0 0 25 21.81 18.76
3.19 0 0 25 20.37
4.81 4.63 0 0 25
20.11 5.52 4.89 16.36 0.43
8.64 2 4 4 6
6 20.17 47.62 4.83 0
0 25 22.26 36.5 2.74
0 0 25 20.17 4.69
4.83 20.14 8.04 4.86 0
0 25 20.03 0.38 4.97
2 4 4 5 7
19.97 48.01 5.03 0 0
25 20.06 14.88 4.94 0
0 25 20.35 5.03 4.65
19.85 7.64 5.15 19.69 3.97
5.31 19.85 0.7 5.15 2
4 4 5 6 22.25
53.85 2.75 0 0 25
22.28 34.45 2.72 0 0
25 20.19 5.12 4.81 19.61
1.81 5.39 0 0 25
19.57 0.87 5.43 2 4
4 5 5 22.32 73.27
2.68 0 0 25 21.76
32.58 3.24 0 0 25
21.27 4.12 3.73 0 0
25 0 0 25 21.73
2.95 3.27 2 4 4
4 7 22.71 72.64 2.29
0 0 25 19.96 11.43
5.04 0 0 25 21.29
3.08 3.71 0 0 25
19.55 3.95 5.45 21.93 3.46
3.07 2 4 4 4
6 20.15 47.4 4.85 0
0 25 21.95 32.8 3.05
0 0 25 21.61 3.91
3.39 20.25 8.21 4.75 0
0 25 21.12 2.6 3.88
2 4 4 4 5
22.52 72.75 2.48 0 0
25 22.31 34.61 2.69 0
0 25 23.69 24.12 1.31
0 0 25 0 0
25 0 0 25 2
4 4 4 4 20.21
29.68 4.79 0 0 25
20.27 27.45 4.73 19.85 28.62
5.15 0 0 25 0
0 25 19.96 9.69 5.04
23.26 1.01 1.74 2 3
7 7 7 20.11 29.86
4.89 0 0 25 22.11
36.95 2.89 20.25 27.91 4.75
0 0 25 0 0
25 18.16 4.22 6.84 19.9
0.53 5.1 2 3 6
7 7 20 29.25 5
0 0 25 22.06 32.21
2.94 20.17 26.05 4.83 0
0 25 0 0 25
21.35 4.68 3.65 21.45 2.78
3.55 2 3 6 6
7 20.09 30.02 4.91 0
0 25 22.23 34.76 2.77
20.19 25.99 4.81 0 0
25 0 0 25 23.14
23.58 1.86 0 0 25
2 3 6 6 6
20.42 29.7 4.58 0 0
25 20.3 27.79 4.7 18.21
8.34 6.79 0 0 25
19.89 5.21 5.11 18.22 7.32
6.78 23.14 1.46 1.86 2
3 5 7 7 20.2
29.85 4.8 0 0 25
22.03 34.14 2.97 18.25 8.57
6.75 0 0 25 19.48
4.01 5.52 18.24 4.66 6.76
19.84 0.73 5.16 2 3
5 6 7 20.14 29.51
4.86 0 0 25 21.49
30.04 3.51 17.86 7.04 7.14
0 0 25 19.51 3.91
5.49 21.3 4.15 3.7 21.79
3.26 3.21 2 3 5
6 6 20.09 26.8 4.91
0 0 25 20.28 28.62
4.72 20.12 11.26 4.88 0
0 25 19.91 4.91 5.09
19.76 7.9 5.24 19.53 0.82
5.47 2 3 5 5
7 20.08 27.82 4.92 0
0 25 22.29 35.07 2.71
19.69 11.75 5.31 0 0
25 20.04 4.4 4.96 17.71
4.47 7.29 16.34 0.34 8.66
2 3 5 5 6
20.15 28.14 4.85 0 0
25 20.24 27.8 4.76 19.94
7.51 5.06 0 0 25
21.47 2.98 3.53 19.55 7.8
5.45 21.28 3.14 3.72 2
3 5 5 5 20.35
28.79 4.65 0 0 25
18.61 8.57 6.39 20.3 28.15
4.7 20.09 5.49 4.91 0
0 25 18.22 6.95 6.78
23.02 1.46 1.98 2 3
4 7 7 20.11 30.24
4.89 0 0 25 19.93
15.4 5.07 20.14 28.02 4.86
19.22 4.01 5.78 0 0
25 17.84 4.41 7.16 19.84
0.84 5.16 2 3 4
6 7 20.12 30.14 4.88
0 0 25 19.64 11.07
5.36 19.87 25.56 5.13 19.75
3.5 5.25 0 0 25
21.49 4.22 3.51 21.65 2.99
3.35 2 3 4 6
6 20.17 29.12 4.83 0
0 25 18.53 9.02 6.47
18.72 9.2 6.28 19.68 5.01
5.32 19.55 5.51 5.45 16.37
3.88 8.63 23.42 1.82 1.58
2 3 4 5 7
20.22 29.91 4.78 0 0
25 19.8 12.24 5.2 18.16
8.76 6.84 19.74 3.96 5.26
19.53 4.01 5.47 18.3 4.26
6.7 19.84 1.27 5.16 2
3 4 5 6 19.88
27.33 5.12 0 0 25
18.3 8.42 6.7 20.04 11.96
4.96 19.76 5.47 5.24 19.96
4.63 5.04 17.63 5.45 7.37
19.76 1.41 5.24 2 3
4 5 5 20.2 27.35
4.8 0 0 25 19.98
11.9 5.02 20.38 28.11 4.62
19.78 4.85 5.22 0 0
25 19.19 7.7 5.81 19.62
0.94 5.38 2 3 4
4 7 20.15 27.89 4.85
0 0 25 22.13 18.3
2.87 20.01 27.92 4.99 20.01
4.64 4.99 0 0 25
17.81 4.54 7.19 16.12 0.48
8.88 2 3 4 4
6 19.82 26.74 5.18 0
0 25 20.27 12.14 4.73
18.36 8.37 6.64 19.9 5.01
5.1 19.67 5.57 5.33 18.07
5.5 6.93 19.21 1.37 5.79
2 3 4 4 5
19.89 28.32 5.11 0 0
25 19.58 7.71 5.42 19.99
28.26 5.01 21.51 3.07 3.49
0 0 25 19.35 7.68
5.65 21.57 3.07 3.43 2
3 4 4 4 22.14
36.14 2.86 0 0 25
22.25 33.77 2.75 18.04 20.96
6.96 0 0 25 0
0 25 17.69 8.05 7.31
20.01 0.95 4.99 2 3
3 7 7 22.31 36.25
2.69 0 0 25 21.81
29.14 3.19 19.76 24.64 5.24
0 0 25 0 0
25 18.08 3.16 6.92 21.61
3.24 3.39 2 3 3
6 7 22.28 36.06 2.72
0 0 25 22.27 30.3
2.73 19.2 21.55 5.8 0
0 25 0 0 25
23.19 25.15 1.81 0 0
25 2 3 3 6
6 21.83 31.8 3.17 0
0 25 22.19 33.74 2.81
16.11 4.33 8.89 0 0
25 21.63 9.46 3.37 16.12
4.32 8.88 17.93 0.54 7.07
2 3 3 5 7
21.64 30.95 3.36 0 0
25 21.97 29.52 3.03 18.47
6.73 6.53 0 0 25
21.75 7.7 3.25 18.11 3.11
6.89 17.88 2.17 7.12 2
3 3 5 6 22.4
32.75 2.6 0 0 25
22.5 32.97 2.5 17.8 6.57
7.2 0 0 25 17.89
2.54 7.11 18.14 5.99 6.86
18.06 2.39 6.94 2 3
3 5 5 22.26 36.54
2.74 0 0 25 20.14
11.91 4.86 17.98 21.08 7.02
19.5 3.51 5.5 0 0
25 17.78 7.57 7.22 20.35
1.38 4.65 2 3 3
4 7 22.12 35.39 2.88
0 0 25 20.02 8.11
4.98 19.46 24.89 5.54 20.22
3.32 4.78 0 0 25
17.74 3 7.26 21.55 4.18
3.45 2 3 3 4
6 22.05 31.45 2.95 0
0 25 20.54 11.83 4.46
16.49 4.25 8.51 19.49 3.52
5.51 21.72 8.88 3.28 16.21
4.38 8.79 18.27 0.92 6.73
2 3 3 4 5
21.9 33.66 3.1 0 0
25 22.29 15.55 2.71 18.3
20.91 6.7 19.61 4.87 5.39
0 0 25 18.21 7.4
6.79 16.38 0.92 8.62 2
3 3 4 4 22.13
28.69 2.87 0 0 25
21.34 27.67 3.66 21.81 27.5
3.19 0 0 25 0
0 25 19.99 7.92 5.01
20.2 2.75 4.8 2 3
3 3 7 21.94 27.96
3.06 0 0 25 22.48
31.07 2.52 23.61 33.1 1.39
0 0 25 0 0
25 19.97 19.87 5.03 0
0 25 2 3 3
3 6 21.55 28.3 3.45
0 0 25 21.96 28.29
3.04 19.9 5.85 5.1 0
0 25 19.62 4.69 5.38
19.35 6.31 5.65 19.2 4.98
5.8 2 3 3 3
5 22.06 28.24 2.94 0
0 25 19.64 7.13 5.36
21.68 28.19 3.32 19.73 3.36
5.27 0 0 25 19.49
7.36 5.51 19.71 3.41 5.29
2 3 3 3 4
22.51 30.16 2.49 0 0
25 22.37 30.04 2.63 21.31
25.89 3.69 0 0 25
0 0 25 21.36 26.36
3.64 0 0 25 2
3 3 3 3 24.58
87.65 0.42 0 0 25
19.7 41.27 5.3 0 0
25 0 0 25 0
0 25 0 0 25
24.29 2.51 0.71 2 2
7 7 7 24.33 81.91
0.67 0 0 25 18.11
20.94 6.89 0 0 25
0 0 25 0 0
25 21.98 11 3.02 20.57
1.16 4.43 2 2 6
7 7 24.64 83.94 0.36
0 0 25 19.63 25.01
5.37 0 0 25 0
0 25 0 0 25
18.2 2.39 6.8 22.38 3.81
2.62 2 2 6 6
7 24.69 83.5 0.31 0
0 25 19.49 21.77 5.51
0 0 25 0 0
25 0 0 25 24.21
26.34 0.79 0 0 25
2 2 6 6 6
22.54 60 2.46 0 0
25 20.15 40.56 4.85 0
0 25 0 0 25
22.14 9.19 2.86 0 0
25 23.47 1.95 1.53 2
2 5 7 7 21.97
54.92 3.03 0 0 25
17.84 20.97 7.16 0 0
25 0 0 25 22.16
9.92 2.84 21.7 10.19 3.3
19.56 0.77 5.44 2 2
5 6 7 22.23 56.89
2.77 0 0 25 19.42
24.42 5.58 0 0 25
0 0 25 21.78 9.67
3.22 18.74 2.58 6.26 21.39
2.88 3.61 2 2 5
6 6 24.45 68.48 0.55
0 0 25 19.68 40.24
5.32 0 0 25 0
0 25 19.41 1.47 5.59
0 0 25 23.56 2.71
1.44 2 2 5 5
7 24.11 62.47 0.89 0
0 25 17.81 21.25 7.19
0 0 25 0 0
25 19.22 1.22 5.78 21.94
10.66 3.06 20.1 1.22 4.9
2 2 5 5 6
24.13 62.31 0.87 0 0
25 19.59 40.98 5.41 0
0 25 0 0 25
24.18 7.62 0.82 0 0
25 19.35 1.84 5.65 2
2 5 5 5 24.23
81.94 0.77 0 0 25
18.51 21.54 6.49 0 0
25 21.86 10.67 3.14 0
0 25 0 0 25
20.37 0.88 4.63 2 2
4 7 7 23.86 77.35
1.14 0 0 25 16.42
4.44 8.58 0 0 25
21.94 11.01 3.06 0 0
25 19.79 6.26 5.21 18.31
0.62 6.69 2 2 4
6 7 24.36 79.3 0.64
0 0 25 18.05 6.87
6.95 0 0 25 22.03
8.65 2.97 0 0 25
17.69 2.55 7.31 18.13 2.37
6.87 2 2 4 6
6 21.98 54.54 3.02 0
0 25 18.32 20.92 6.68
0 0 25 22.17 11.28
2.83 21.64 8.84 3.36 0
0 25 19.55 0.76 5.45
2 2 4 5 7
21.77 50.88 3.23 0 0
25 15.97 4.87 9.03 0
0 25 22.03 10.79 2.97
21.86 8.75 3.14 19.35 5.24
5.65 17.89 0.6 7.11 2
2 4 5 6 23.95
61.55 1.05 0 0 25
18.41 21.14 6.59 0 0
25 22.07 10.93 2.93 19.69
1.54 5.31 0 0 25
19.6 1.12 5.4 2 2
4 5 5 24.51 84.21
0.49 0 0 25 19.98
24.99 5.02 0 0 25
17.76 2.66 7.24 0 0
25 0 0 25 22.14
3.75 2.86 2 2 4
4 7 24.28 78.54 0.72
0 0 25 18.3 6.81
6.7 0 0 25 18.03
2.44 6.97 0 0 25
22.1 8.87 2.9 18.24 2.39
6.76 2 2 4 4
6 22 56.91 3 0
0 25 19.57 24.44 5.43
0 0 25 18.04 2.46
6.96 22.15 9.54 2.85 0
0 25 21.36 3.53 3.64
2 2 4 4 5
24.75 83.69 0.25 0 0
25 19.57 21.59 5.43 0
0 25 24.16 26.24 0.84
0 0 25 0 0
25 0 0 25 2
2 4 4 4 22.21
36.07 2.79 0 0 25
17.63 21.25 7.37 22.2 33.42
2.8 0 0 25 0
0 25 18.22 8.21 6.78
19.75 1.04 5.25 2 2
3 7 7 21.99 36.51
3.01 0 0 25 19.49
24.96 5.51 21.81 28.92 3.19
0 0 25 0 0
25 17.75 3.38 7.25 21.41
3.78 3.59 2 2 3
6 7 22.51 35.5 2.49
0 0 25 19.65 22.01
5.35 22.41 29.93 2.59 0
0 25 0 0 25
23.22 24.77 1.78 0 0
25 2 2 3 6
6 22.14 36.08 2.86 0
0 25 17.82 21.31 7.18
19.88 11.94 5.12 0 0
25 19.72 4.15 5.28 18
7.83 7 19.98 1.15 5.02
2 2 3 5 7
21.99 36.59 3.01 0 0
25 19.56 24.53 5.44 19.81
8.02 5.19 0 0 25
19.57 3.41 5.43 18.14 2.86
6.86 21.55 3.97 3.45 2
2 3 5 6 21.86
33.52 3.14 0 0 25
18.32 21.04 6.68 22.29 15.5
2.71 0 0 25 20.25
4.59 4.75 18.02 7.57 6.98
16.14 0.9 8.86 2 2
3 5 5 21.8 31.39
3.2 0 0 25 16.56
4.46 8.44 22.44 32.92 2.56
21.57 9.66 3.43 0 0
25 16.49 4.48 8.51 17.69
0.54 7.31 2 2 3
4 7 21.5 31.41 3.5
0 0 25 18.24 7.02
6.76 21.72 29.17 3.28 21.66
7.91 3.34 0 0 25
18.19 3.28 6.81 17.79 2.11
7.21 2 2 3 4
6 21.84 32.05 3.16 0
0 25 16.43 3.95 8.57
19.76 11.79 5.24 21.82 9.38
3.18 19.64 3.73 5.36 16.43
4.41 8.57 17.83 0.94 7.17
2 2 3 4 5
22.44 32.16 2.56 0 0
25 18.39 6.18 6.61 22.03
33.23 2.97 18.36 2.32 6.64
0 0 25 18.13 6.49
6.87 18 2.27 7 2
2 3 4 4 24.48
44.08 0.52 0 0 25
19.57 24.09 5.43 19.71 24.26
5.29 0 0 25 0
0 25 14.85 2.34 10.15
22.12 4.5 2.88 2 2
3 3 7 24.41 43.52
0.59 0 0 25 19.53
21.3 5.47 19.77 21.29 5.23
0 0 25 0 0
25 23.67 26.51 1.33 0
0 25 2 2 3
3 6 24.19 39.48 0.81
0 0 25 19.7 24.3
5.3 18.12 5.81 6.88 0
0 25 22.11 8.34 2.89
15.04 2.15 9.96 18 2.76
7 2 2 3 3
5 24.03 38.93 0.97 0
0 25 17.81 6.32 7.19
19.86 24.52 5.14 22.29 8.47
2.71 0 0 25 14.59
2.15 10.41 18.1 2.93 6.9
2 2 3 3 4
24.03 35.46 0.97 0 0
25 19.26 21.21 5.74 23.87
34.71 1.13 0 0 25
0 0 25 19.67 21.79
5.33 0 0 25 2
2 3 3 3 24.26
74.77 0.74 0 0 25
24.19 55.29 0.81 0 0
25 0 0 25 0
0 25 0 0 25
20.4 1.09 4.6 2 2
2 7 7 24 74.91
1 0 0 25 21.85
29.68 3.15 0 0 25
0 0 25 0 0
25 19.45 6.63 5.55 20.31
3.17 4.69 2 2 2
6 7 24.12 74.31 0.88
0 0 25 24.29 35.95
0.71 0 0 25 0
0 25 0 0 25
20.15 21.18 4.85 0 0
25 2 2 2 6
6 21.95 48.2 3.05 0
0 25 24.09 55.69 0.91
0 0 25 0 0
25 21.72 7.93 3.28 0
0 25 19.64 0.78 5.36
2 2 2 5 7
21.79 48.65 3.21 0 0
25 21.82 28.85 3.18 0
0 25 0 0 25
21.68 8.04 3.32 20 6.86
5 19.71 2.6 5.29 2
2 2 5 6 23.93
54.87 1.07 0 0 25
23.88 55.42 1.12 0 0
25 0 0 25 19.51
1.29 5.49 0 0 25
19.61 1.49 5.39 2 2
2 5 5 24.32 74.75
0.68 0 0 25 21.88
29.27 3.12 0 0 25
19.73 6.39 5.27 0 0
25 0 0 25 20.64
3.02 4.36 2 2 2
4 7 24.25 75.2 0.75
0 0 25 19.89 6.7
5.11 0 0 25 19.9
4.67 5.1 0 0 25
19.44 4.91 5.56 20.19 4.85
4.81 2 2 2 4
6 21.87 48.74 3.13 0
0 25 21.79 28.43 3.21
0 0 25 19.8 7.02
5.2 21.8 8 3.2 0
0 25 19.87 2.68 5.13
2 2 2 4 5
24.25 74.24 0.75 0 0
25 24.16 36.26 0.84 0
0 25 20.4 20.69 4.6
0 0 25 0 0
25 0 0 25 2
2 2 4 4 21.83
28.42 3.17 0 0 25
21.82 28.52 3.18 22.06 27.72
2.94 0 0 25 0
0 25 19.67 7.53 5.33
19.63 2.8 5.37 2 2
2 3 7 21.72 28.06
3.28 0 0 25 23.99
35.86 1.01 21.83 28.3 3.17
0 0 25 0 0
25 19.63 20.61 5.37 0
0 25 2 2 2
3 6 21.95 28.17 3.05
0 0 25 21.83 28.45
3.17 19.78 7.02 5.22 0
0 25 19.81 3.37 5.19
19.79 6.81 5.21 19.62 3.4
5.38 2 2 2 3
5 21.72 28.22 3.28 0
0 25 20.1 6.28 4.9
21.8 27.85 3.2 19.28 4.98
5.72 0 0 25 19.64
5.51 5.36 19.69 4.93 5.31
2 2 2 3 4
23.89 34.63 1.11 0 0
25 24.05 35.69 0.95 19.78
21.52 5.22 0 0 25
0 0 25 19.47 20.97
5.53 0 0 25 2
2 2 3 3 24.8
78.31 0.2 0 0 25
21.35 44.79 3.65 0 0
25 0 0 25 0
0 25 0 0 25
22.58 8.17 2.42 2 2
2 2 7 24.75 77.21
0.25 0 0 25 21.53
25.97 3.47 0 0 25
0 0 25 0 0
25 22.48 28.06 2.52 0
0 25 2 2 2
2 6 22.63 50.48 2.37
0 0 25 21.29 45.6
3.71 0 0 25 0
0 25 22.67 9.29 2.33
0 0 25 21 7.04
4 2 2 2 2
5 24.78 77.2 0.22 0
0 25 21.36 26.48 3.64
0 0 25 22.47 27.71
2.53 0 0 25 0
0 25 0 0 25
2 2 2 2 4
22.32 30.33 2.68 0 0
25 21.17 26.44 3.83 22.35
29.99 2.65 0 0 25
0 0 25 21.04 26.36
3.96 0 0 25 2
2 2 2 3 24.82
75.24 0.18 0 0 25
24.84 75.1 0.16 0 0
25 0 0 25 0
0 25 0 0 25
0 0 25 2 2
2 2 2 22.47 74.64
2.53 22.42 56.08 2.58 0
0 25 0 0 25
0 0 25 0 0
25 0 0 25 23.89
0.5 1.11 1 7 7
7 7 20.26 49.15 4.74
22.36 56.38 2.64 0 0
25 0 0 25 0
0 25 0 0 25
20.14 8.07 4.86 23.16 0.48
1.84 1 6 7 7
7 21.91 56.54 3.09 22.08
53.72 2.92 0 0 25
0 0 25 0 0
25 0 0 25 19.5
1.7 5.5 23.54 1.01 1.46
1 6 6 7 7
21.95 51.74 3.05 22.34 54.17
2.66 0 0 25 0
0 25 0 0 25
0 0 25 23.57 6.06
1.43 19.69 0.48 5.31 1
6 6 6 7 22.37
54.35 2.63 22.12 53.14 2.88
0 0 25 0 0
25 0 0 25 0
0 25 21.34 2.63 3.66
21.39 2.66 3.61 1 6
6 6 6 22 74.74
3 20.49 32.37 4.51 0
0 25 0 0 25
0 0 25 19.62 5.8
5.38 0 0 25 23.76
1.22 1.24 1 5 7
7 7 20.46 49.96 4.54
20.36 31.28 4.64 0 0
25 0 0 25 0
0 25 19.58 5.93 5.42
20.51 7.91 4.49 23.08 0.93
1.92 1 5 6 7
7 22.17 56.64 2.83 20.13
29.81 4.87 0 0 25
0 0 25 0 0
25 19.1 5.78 5.9 19.83
1.86 5.17 23.29 1.39 1.71
1 5 6 6 7
21.91 51.72 3.09 19.98 30.17
5.02 0 0 25 0
0 25 0 0 25
19.71 5.81 5.29 23.68 6.64
1.32 19.44 0.94 5.56 1
5 6 6 6 22.2
72.09 2.8 22.18 37.37 2.82
0 0 25 0 0
25 0 0 25 20.1
5.74 4.9 0 0 25
19.72 0.6 5.28 1 5
5 7 7 19.92 47.59
5.08 21.7 37.23 3.3 0
0 25 0 0 25
0 0 25 20.28 5.12
4.72 20.09 7.93 4.91 19.73
0.41 5.27 1 5 5
6 7 22.2 53.59 2.8
22.14 34.96 2.86 0 0
25 0 0 25 0
0 25 20.15 4.52 4.85
19.75 1.73 5.25 20.06 0.9
4.94 1 5 5 6
6 22.45 72.79 2.55 21.81
32.95 3.19 0 0 25
0 0 25 0 0
25 21.24 3.79 3.76 0
0 25 22 2.97 3
1 5 5 5 7
20.03 47.77 4.97 21.83 32.5
3.17 0 0 25 0
0 25 0 0 25
21.43 3.96 3.57 20.71 8.3
4.29 21.09 2.38 3.91 1
5 5 5 6 22.43
72.33 2.57 22.67 34.74 2.33
0 0 25 0 0
25 0 0 25 23.63
24.2 1.37 0 0 25
0 0 25 1 5
5 5 5 22.67 74.22
2.33 20.3 32.02 4.7 0
0 25 0 0 25
20 5.67 5 0 0
25 0 0 25 23.83
1.29 1.17 1 4 7
7 7 20.41 49.51 4.59
19.92 31.89 5.08 0 0
25 0 0 25 19.54
6.09 5.46 0 0 25
20.38 7.69 4.62 23.45 1.12
1.55 1 4 6 7
7 22.25 56.47 2.75 19.81
29.6 5.19 0 0 25
0 0 25 19.83 5.85
5.17 0 0 25 19.44
1.72 5.56 23.42 1.61 1.58
1 4 6 6 7
21.81 52.21 3.19 20.25 30.16
4.75 0 0 25 0
0 25 19.79 5.73 5.21
0 0 25 23.55 5.87
1.45 19.79 0.84 5.21 1
4 6 6 6 22.24
75.23 2.76 18.08 11.97 6.92
0 0 25 0 0
25 19.85 5.64 5.15 18.06
3.72 6.94 0 0 25
23.36 1.85 1.64 1 4
5 7 7 20.33 49.89
4.67 18.06 12.4 6.94 0
0 25 0 0 25
19.25 5.56 5.75 18.16 3.55
6.84 20.23 7.99 4.77 22.96
1.62 2.04 1 4 5
6 7 22.25 56.53 2.75
17.78 10.76 7.22 0 0
25 0 0 25 19.83
5.42 5.17 17.98 3.43 7.02
19.14 1.41 5.86 23.47 2
1.53 1 4 5 6
6 22.11 71.72 2.89 20.29
16.56 4.71 0 0 25
0 0 25 19.16 3.93
5.84 19.97 5.34 5.03 0
0 25 20.02 0.9 4.98
1 4 5 5 7
19.9 47.01 5.1 20.25 15.13
4.75 0 0 25 0
0 25 19.86 4.07 5.14
19.95 5.09 5.05 20.26 7.83
4.74 19.75 0.9 5.25 1
4 5 5 6 22.61
72.76 2.39 19.96 11.69 5.04
0 0 25 0 0
25 19.34 3.56 5.66 21.09
3.23 3.91 0 0 25
22.05 3.71 2.95 1 4
5 5 5 22.4 72.93
2.6 22.11 37.1 2.89 0
0 25 0 0 25
19.8 5.04 5.2 0 0
25 0 0 25 20.14
0.48 4.86 1 4 4
7 7 19.97 47.6 5.03
22.16 37.68 2.84 0 0
25 0 0 25 20
5.03 5 0 0 25
19.7 7.42 5.3 19.96 0.48
5.04 1 4 4 6
7 22.07 53.34 2.93 22.06
34.34 2.94 0 0 25
0 0 25 20.35 5.85
4.65 0 0 25 20.02
1.69 4.98 19.31 0.97 5.69
1 4 4 6 6
22.5 71.91 2.5 20.05 15.39
4.95 0 0 25 0
0 25 20.22 4.89 4.78
19.72 4.14 5.28 0 0
25 20.35 0.83 4.65 1
4 4 5 7 20.01
47.15 4.99 20.08 15.27 4.92
0 0 25 0 0
25 20.1 5.31 4.9 19.64
4.04 5.36 20.18 7.7 4.82
19.84 0.68 5.16 1 4
4 5 6 22.04 69.45
2.96 22.08 18.76 2.92 0
0 25 0 0 25
20.16 5.07 4.84 20.34 4.95
4.66 0 0 25 16.76
0.39 8.24 1 4 4
5 5 22.49 72.7 2.51
21.87 32.89 3.13 0 0
25 0 0 25 21.39
3.64 3.61 0 0 25
0 0 25 22 3.02
3 1 4 4 4
7 19.88 47.91 5.12 21.7
33.45 3.3 0 0 25
0 0 25 21.15 3.71
3.85 0 0 25 20.29
7.85 4.71 21.39 2.67 3.61
1 4 4 4 6
22.41 72.37 2.59 20.1 12.02
4.9 0 0 25 0
0 25 21.39 3.01 3.61
19.61 3.68 5.39 0 0
25 21.94 3.47 3.06 1
4 4 4 5 22.7
72.32 2.3 22.78 34.31 2.22
0 0 25 0 0
25 23.61 24.28 1.39 0
0 25 0 0 25
0 0 25 1 4
4 4 4 20.36 29.37
4.64 20.16 28.42 4.84 0
0 25 19.93 28.2 5.07
0 0 25 19.98 9.61
5.02 0 0 25 23.01
0.96 1.99 1 3 7
7 7 20.15 29.09 4.85
20.37 28.38 4.63 0 0
25 18.32 9.02 6.68 0
0 25 19.54 9.48 5.46
18.02 3.1 6.98 23.04 1.49
1.96 1 3 6 7
7 19.93 27.25 5.07 20.54
28.15 4.46 0 0 25
19.85 11.43 5.15 0 0
25 19.74 8.21 5.26 20.07
4.49 4.93 19.65 0.69 5.35
1 3 6 6 7
19.93 27.53 5.07 20.28 28.57
4.72 0 0 25 19.89
7.79 5.11 0 0 25
20.02 7.66 4.98 21.07 3.19
3.93 20.86 3.21 4.14 1
3 6 6 6 20.14
29.72 4.86 22.21 36.77 2.79
0 0 25 20.58 27.74
4.42 0 0 25 18.1
4.47 6.9 0 0 25
19.85 0.42 5.15 1 3
5 7 7 19.96 29.56
5.04 22.28 34.94 2.72 0
0 25 17.76 8.37 7.24
0 0 25 17.81 4.64
7.19 19.85 4.37 5.15 19.68
0.78 5.32 1 3 5
6 7 20.05 27.81 4.95
22.12 35.37 2.88 0 0
25 19.69 11.65 5.31 0
0 25 17.78 4.21 7.22
19.83 4.27 5.17 16.86 0.36
8.14 1 3 5 6
6 20.05 29.97 4.95 21.96
32.17 3.04 0 0 25
20.2 25.79 4.8 0 0
25 21.29 4.57 3.71 0
0 25 21.24 2.76 3.76
1 3 5 5 7
20.03 29.59 4.97 21.9 29.67
3.1 0 0 25 17.9
7.2 7.1 0 0 25
21.37 4.63 3.63 19.82 3.65
5.18 21.05 3.19 3.95 1
3 5 5 6 20.39
28.97 4.61 22.72 34.41 2.28
0 0 25 20.8 26
4.2 0 0 25 23.18
23.53 1.82 0 0 25
0 0 25 1 3
5 5 5 20.2 29.29
4.8 18.66 9.25 6.34 0
0 25 20.11 28.09 4.89
19.4 5.33 5.6 18.08 6.8
6.92 0 0 25 23.29
1.5 1.71 1 3 4
7 7 20.22 29.52 4.78
18.19 8.98 6.81 0 0
25 17.93 9 7.07 19.67
5.58 5.33 17.9 6.86 7.1
18.17 2.97 6.83 23.2 1.81
1.8 1 3 4 6
7 20.05 27.6 4.95 18.29
8.71 6.71 0 0 25
20.06 11.2 4.94 19.68 5.41
5.32 18.05 5.38 6.95 19.85
4.74 5.15 19.7 1.28 5.3
1 3 4 6 6
20.32 29.17 4.68 19.87 14.79
5.13 0 0 25 20.49
27.62 4.51 19.95 4.12 5.05
18.35 4.72 6.65 0 0
25 19.75 0.85 5.25 1
3 4 5 7 20.39
29.94 4.61 19.83 12.08 5.17
0 0 25 18.02 8.22
6.98 19.9 3.91 5.1 18.5
4.57 6.5 19.85 4.18 5.15
19.57 1.04 5.43 1 3
4 5 6 20 29.82
5 19.33 11.21 5.67 0
0 25 20.28 25.68 4.72
19.51 3.75 5.49 21.34 4.32
3.66 0 0 25 21.55
3.21 3.45 1 3 4
5 5 19.88 27.31 5.12
19.62 10.9 5.38 0 0
25 20.3 28.1 4.7 20.38
4.65 4.62 19.91 8.08 5.09
0 0 25 19.89 0.98
5.11 1 3 4 4
7 20.17 27.18 4.83 20.08
11.25 4.92 0 0 25
17.94 8.97 7.06 19.78 4.67
5.22 19.93 8.05 5.07 18.17
3.04 6.83 19.54 1.23 5.46
1 3 4 4 6
20.07 26.8 4.93 22.27 18.72
2.73 0 0 25 20.26
28.07 4.74 19.99 4.18 5.01
18.13 4.53 6.87 0 0
25 16.48 0.5 8.52 1
3 4 4 5 20.35
27.99 4.65 19.58 7.44 5.42
0 0 25 20.23 27.8
4.77 21.29 2.9 3.71 19.64
8.15 5.36 0 0 25
21.34 3.29 3.66 1 3
4 4 4 22.07 36.28
2.93 22.16 33.66 2.84 0
0 25 18.13 20.72 6.87
0 0 25 18.11 7.87
6.89 0 0 25 19.96
1.04 5.04 1 3 3
7 7 22.03 31.67 2.97
22.19 32.89 2.81 0 0
25 16.69 4.77 8.31 0
0 25 17.93 7.56 7.07
20.01 5.7 4.99 17.95 0.61
7.05 1 3 3 6
7 22.18 33.04 2.82 22.29
33.09 2.71 0 0 25
17.62 6.16 7.38 0 0
25 18.25 6.54 6.75 18.16
2.23 6.84 18.13 2.31 6.87
1 3 3 6 6
22 36.78 3 21.55 29
3.45 0 0 25 19.79
23.92 5.21 0 0 25
18.48 3.68 6.52 0 0
25 21.41 3.39 3.59 1
3 3 5 7 21.89
31.81 3.11 21.48 29.23 3.52
0 0 25 18.32 6.4
6.68 0 0 25 18.34
3.14 6.66 21.9 7.47 3.1
17.91 2.11 7.09 1 3
3 5 6 22.56 36.01
2.44 22.46 29.5 2.54 0
0 25 19.65 21.54 5.35
0 0 25 23.39 24.89
1.61 0 0 25 0
0 25 1 3 3
5 5 22.27 36.33 2.73
20.01 11.73 4.99 0 0
25 17.87 20.79 7.13 19.71
3.63 5.29 18.31 7.74 6.69
0 0 25 20.2 1.41
4.8 1 3 3 4
7 21.96 32.24 3.04 19.92
10.63 5.08 0 0 25
16.22 4.1 8.78 19.88 3.95
5.12 18.59 7.9 6.41 19.85
5.82 5.15 18.07 0.87 6.93
1 3 3 4 6
22.29 36.67 2.71 19.72 7.94
5.28 0 0 25 19.45
24.46 5.55 19.77 3 5.23
17.96 2.75 7.04 0 0
25 21.89 4.1 3.11 1
3 3 4 5 22.3
34.42 2.7 22.13 14.74 2.87
0 0 25 17.81 20.96
7.19 20.06 4.41 4.94 17.82
7.69 7.18 0 0 25
16.84 0.82 8.16 1 3
3 4 4 21.9 28.03
3.1 22.1 28.09 2.9 0
0 25 22.09 27.89 2.91
0 0 25 19.56 7.88
5.44 0 0 25 19.42
3.04 5.58 1 3 3
3 7 21.92 28.42 3.08
21.67 27.81 3.33 0 0
25 19.53 5.87 5.47 0
0 25 19.85 6.02 5.15
19.86 4.82 5.14 19.75 4.48
5.25 1 3 3 3
6 21.63 27.95 3.37 22.3
31 2.7 0 0 25
23.47 33.63 1.53 0 0
25 19.69 20.33 5.31 0
0 25 0 0 25
1 3 3 3 5
21.98 28.17 3.02 19.86 7.29
5.14 0 0 25 22
27.59 3 19.73 3.26 5.27
19.48 7.43 5.52 0 0
25 19.86 3.35 5.14 1
3 3 3 4 22.35
30.98 2.65 21.95 30.03 3.05
0 0 25 21.4 26.51
3.6 0 0 25 20.85
25.93 4.15 0 0 25
0 0 25 1 3
3 3 3 20.14 29.4
4.86 20.58 28.09 4.42 20.11
28.13 4.89 0 0 25
19.47 9.61 5.53 0 0
25 0 0 25 23.34
1.13 1.66 1 2 7
7 7 20.31 29.15 4.69
20.41 28.14 4.59 17.9 8.88
7.1 0 0 25 19.56
9.46 5.44 0 0 25
18.02 3.42 6.98 23.14 1.61
1.86 1 2 6 7
7 20.17 27.89 4.83 20.02
27.93 4.98 20 11.41 5
0 0 25 19.59 7.83
5.41 0 0 25 20.08
4.41 4.92 20 0.67 5
1 2 6 6 7
20.2 27.86 4.8 20.09 28.36
4.91 19.55 7.62 5.45 0
0 25 19.76 8.05 5.24
0 0 25 21.06 2.95
3.94 21.24 3.26 3.76 1
2 6 6 6 20.46
30 4.54 17.92 8.97 7.08
20.16 27.22 4.84 0 0
25 19.69 9.88 5.31 17.63
3.34 7.37 0 0 25
22.98 1.75 2.02 1 2
5 7 7 20.05 29.33
4.95 18.42 9 6.58 18.1
9.16 6.9 0 0 25
19.67 9.53 5.33 17.54 3.06
7.46 17.79 3.25 7.21 23.28
1.82 1.72 1 2 5
6 7 20.05 27.62 4.95
17.98 8.33 7.02 20.21 11.1
4.79 0 0 25 19.83
7.89 5.17 18.21 2.97 6.79
20.09 4.68 4.91 19.65 1.39
5.35 1 2 5 6
6 19.8 27.85 5.2 20
11.09 5 20.5 28.45 4.5
0 0 25 19.74 7.55
5.26 19.89 4.66 5.11 0
0 25 19.66 0.81 5.34
1 2 5 5 7
19.69 27.66 5.31 20.11 11.23
4.89 18.14 8.38 6.86 0
0 25 20.1 8.11 4.9
19.89 4.89 5.11 18.01 3.09
6.99 19.35 1.35 5.65 1
2 5 5 6 20.42
27.55 4.58 19.65 7.71 5.35
20.42 27.85 4.58 0 0
25 19.63 7.67 5.37 21.29
3.05 3.71 0 0 25
21.62 3.14 3.38 1 2
5 5 5 20.41 29.71
4.59 22.43 36.58 2.57 20.56
27.46 4.44 0 0 25
18.29 4.19 6.71 0 0
25 0 0 25 19.92
0.45 5.08 1 2 4
7 7 20.43 29.58 4.57
22.12 33.95 2.88 18.71 8.71
6.29 0 0 25 18.36
4.32 6.64 0 0 25
19.58 3.86 5.42 19.72 0.66
5.28 1 2 4 6
7 20.17 27.42 4.83 22.18
35.24 2.82 20.05 11.63 4.95
0 0 25 17.72 4.01
7.28 0 0 25 19.89
4.46 5.11 16.72 0.51 8.28
1 2 4 6 6
20.69 29.5 4.31 20.22 15.04
4.78 20.12 27.82 4.88 0
0 25 18.04 4.05 6.96
19.83 3.74 5.17 0 0
25 20.09 0.86 4.91 1
2 4 5 7 19.96
29.65 5.04 19.77 13.21 5.23
17.89 9.04 7.11 0 0
25 17.96 4.32 7.04 19.51
3.8 5.49 19.78 3.77 5.22
20.19 1.15 4.81 1 2
4 5 6 19.71 27.42
5.29 21.9 19.26 3.1 20.2
27.85 4.8 0 0 25
17.82 4.29 7.18 20.05 4.79
4.95 0 0 25 16.21
0.5 8.79 1 2 4
5 5 20.59 29.99 4.41
21.52 32.25 3.48 19.78 25.53
5.22 0 0 25 21.06
4.94 3.94 0 0 25
0 0 25 21.26 3.08
3.74 1 2 4 4
7 20.02 29.48 4.98 21.86
29.68 3.14 17.91 6.87 7.09
0 0 25 21.41 4.67
3.59 0 0 25 19.84
3.74 5.16 21.37 3.15 3.63
1 2 4 4 6
19.85 29.12 5.15 19.84 11.23
5.16 20.27 26.05 4.73 0
0 25 21.09 4.06 3.91
19.44 3.77 5.56 0 0
25 21.68 3.6 3.32 1
2 4 4 5 20.14
29.33 4.86 22.63 34.63 2.37
19.98 26.22 5.02 0 0
25 23.42 23.65 1.58 0
0 25 0 0 25
0 0 25 1 2
4 4 4 18.23 6.31
6.77 18.33 6.71 6.67 18.54
7 6.46 18.25 7.08 6.75
19.35 9.3 5.65 17.99 5.01
7.01 17.74 5.17 7.26 22.85
2.14 2.15 1 2 3
7 7 18.12 6.74 6.88
18.53 6.71 6.47 19.91 12.01
5.09 18.06 6.35 6.94 19.44
7.57 5.56 18.22 4.65 6.78
18.22 4.6 6.78 19.58 1.29
5.42 1 2 3 6
7 18.44 6.8 6.56 18.33
6.69 6.67 19.58 7.55 5.42
17.92 4.98 7.08 19.59 7.36
5.41 18.11 4.76 6.89 20.78
3.81 4.22 21.29 4.01 3.71
1 2 3 6 6
18.05 6.74 6.95 19.63 11.56
5.37 18.23 6.92 6.77 18.31
7.06 6.69 19.5 7.52 5.5
18.09 4.31 6.91 18.31 4.76
6.69 19.78 1.23 5.22 1
2 3 5 7 18.32
6.81 6.68 20.22 10.68 4.78
19.94 10.89 5.06 18.67 6.41
6.33 20.14 6.03 4.86 18.26
4.35 6.74 18.19 4.18 6.81
16.21 0.7 8.79 1 2
3 5 6 18.22 7.11
6.78 20.11 7.52 4.89 18.14
7.17 6.86 17.66 4.94 7.34
19.5 6.76 5.5 21.7 3.43
3.3 18 5.01 7 21.22
3.51 3.78 1 2 3
5 5 18.21 6.45 6.79
20.14 11.5 4.86 18.33 6.95
6.67 18.31 7 6.69 17.49
5.02 7.51 19.58 8.05 5.42
17.78 4.65 7.22 19.26 1.28
5.74 1 2 3 4
7 18.16 6.68 6.84 20.04
10.91 4.96 20.11 11.17 4.89
18.13 7.13 6.87 18.35 4
6.65 19.52 6.09 5.48 18.32
4.01 6.68 16.8 0.58 8.2
1 2 3 4 6
18.45 6.93 6.55 21.81 15.74
3.19 18.15 6.56 6.85 18.33
7.09 6.67 17.73 4.04 7.27
18.27 4.57 6.73 19.52 5.71
5.48 16.38 0.72 8.62 1
2 3 4 5 17.91
6.81 7.09 20.01 6.91 4.99
18.55 5.38 6.45 18.13 6.6
6.87 21.24 3.6 3.76 19.57
6.92 5.43 18.4 4.93 6.6
21.25 3.79 3.75 1 2
3 4 4 20.65 9.33
4.35 20.11 9.06 4.89 20.04
9.04 4.96 16.71 4.24 8.29
19.73 5.97 5.27 18 7.84
7 16 4.27 9 18.06
0.95 6.94 1 2 3
3 7 20.25 9.08 4.75
19.94 9.16 5.06 19.84 5.89
5.16 17.97 5.89 7.03 19.68
5.75 5.32 18.56 6.73 6.44
18.22 2.71 6.78 17.8 2.53
7.2 1 2 3 3
6 20.3 9.15 4.7 19.5
5.37 5.5 20.11 9.91 4.89
18.51 6.37 6.49 19.45 6.13
5.55 18.06 2.76 6.94 17.62
6.31 7.38 17.66 2.79 7.34
1 2 3 3 5
20.06 9.46 4.94 22.07 15.45
2.93 19.96 9.33 5.04 16.44
4.13 8.56 17.96 4.22 7.04
17.83 7.92 7.17 16.36 4.08
8.64 14.16 0.57 10.84 1
2 3 3 4 19.87
5.43 5.13 19.9 5.53 5.1
19.54 5.34 5.46 19.72 5.24
5.28 19.29 5.25 5.71 19.74
5.54 5.26 19.65 5.02 5.35
19.61 5.33 5.39 1 2
3 3 3 21.97 36.48
3.03 22.39 33.99 2.61 17.9
20.29 7.1 0 0 25
18.29 8.08 6.71 0 0
25 0 0 25 19.83
0.78 5.17 1 2 2
7 7 21.64 32.29 3.36
22.19 33.43 2.81 16.08 4.31
8.92 0 0 25 17.92
8.15 7.08 0 0 25
19.89 5.37 5.11 18.19 0.54
6.81 1 2 2 6
7 22.2 32.88 2.8 22.15
32.73 2.85 18.14 6.31 6.86
0 0 25 18.08 6.29
6.92 0 0 25 18.38
2.24 6.62 18.43 2.17 6.57
1 2 2 6 6
22.15 36.3 2.85 20.28 12.12
4.72 18.03 20.74 6.97 0
0 25 17.85 7.77 7.15
20 3.57 5 0 0
25 19.93 1.26 5.07 1
2 2 5 7 21.75
32.03 3.25 19.9 11.53 5.1
16.39 4.14 8.61 0 0
25 18.13 8.06 6.87 19.73
4.07 5.27 19.97 5.54 5.03
17.82 0.94 7.18 1 2
2 5 6 21.99 33.82
3.01 21.7 14.96 3.3 18.21
21.27 6.79 0 0 25
17.97 7.87 7.03 20.09 4.69
4.91 0 0 25 16.68
0.75 8.32 1 2 2
5 5 22.35 36.11 2.65
22.01 28.85 2.99 19.43 24.75
5.57 0 0 25 18.12
3.33 6.88 0 0 25
0 0 25 21.78 3.27
3.22 1 2 2 4
7 21.67 31.98 3.33 21.69
29.03 3.31 17.74 6.25 7.26
0 0 25 18.39 3.3
6.61 0 0 25 22.05
7.67 2.95 17.85 2.38 7.15
1 2 2 4 6
22.06 35.85 2.94 19.91 8.08
5.09 19.98 24.52 5.02 0
0 25 17.63 2.95 7.37
19.77 3.2 5.23 0 0
25 21.83 4.22 3.17 1
2 2 4 5 22.15
36.14 2.85 22.13 30.19 2.87
19.51 21.84 5.49 0 0
25 23.13 24.91 1.87 0
0 25 0 0 25
0 0 25 1 2
2 4 4 20.04 9.49
4.96 19.88 9.1 5.12 16.11
3.98 8.89 20.04 9.51 4.96
18.54 8.18 6.46 20.12 6.35
4.88 16.12 3.95 8.88 17.75
0.84 7.25 1 2 2
3 7 20.23 8.88 4.77
20.61 8.96 4.39 18.34 6.41
6.66 19.68 5.72 5.32 18.19
6.27 6.81 19.93 5.62 5.07
17.82 2.51 7.18 18.08 2.75
6.92 1 2 2 3
6 20.09 9.03 4.91 22.35
14.82 2.65 16.66 4.01 8.34
20.28 10.03 4.72 18.08 7.16
6.92 17.86 4.38 7.14 15.97
3.99 9.03 14.74 0.55 10.26
1 2 2 3 5
20.32 9.35 4.68 19.93 5.54
5.07 18.1 6.63 6.9 20.1
9.01 4.9 17.78 2.68 7.22
19.61 5.48 5.39 17.93 6.64
7.07 17.76 3.14 7.24 1
2 2 3 4 21.81
12.62 3.19 22.33 12.67 2.67
17.65 6.08 7.35 18.27 6.33
6.73 18.27 6.46 6.73 18.3
5.83 6.7 15.07 1.99 9.93
14.69 1.63 10.31 1 2
2 3 3 21.98 28.28
3.02 21.88 27.98 3.12 21.9
28.27 3.1 0 0 25
19.9 7.75 5.1 0 0
25 0 0 25 19.33
2.73 5.67 1 2 2
2 7 21.85 28.29 3.15
21.95 27.87 3.05 19.81 5.76
5.19 0 0 25 19.62
6.16 5.38 0 0 25
19.63 4.63 5.37 19.63 4.8
5.37 1 2 2 2
6 21.69 28.73 3.31 19.64
7.1 5.36 21.75 28.19 3.25
0 0 25 19.61 7.02
5.39 19.74 3.25 5.26 0
0 25 19.81 3.47 5.19
1 2 2 2 5
21.73 28.23 3.27 22.57 30.96
2.43 23.48 32.68 1.52 0
0 25 19.75 20.6 5.25
0 0 25 0 0
25 0 0 25 1
2 2 2 4 19.78
5.52 5.22 19.61 5.27 5.39
19.53 5.47 5.47 19.98 5.4
5.02 19.71 5.15 5.29 19.32
5.37 5.68 19.8 5.49 5.2
19.76 4.84 5.24 1 2
2 2 3 22.38 29.75
2.62 22.5 30.25 2.5 21.14
26.21 3.86 0 0 25
21.21 26.56 3.79 0 0
25 0 0 25 0
0 25 1 2 2
2 2 24.48 88.15 0.52
19.85 40.55 5.15 0 0
25 0 0 25 0
0 25 0 0 25
0 0 25 24.23 2.74
0.77 1 1 7 7
7 22.16 60.22 2.84 19.67
41.05 5.33 0 0 25
0 0 25 0 0
25 0 0 25 22.06
9.15 2.94 23.43 2.26 1.57
1 1 6 7 7
24.41 68.25 0.59 19.67 40.35
5.33 0 0 25 0
0 25 0 0 25
0 0 25 19.61 1.52
5.39 23.8 2.39 1.2 1
1 6 6 7 24.16
62.6 0.84 19.69 40.99 5.31
0 0 25 0 0
25 0 0 25 0
0 25 23.97 7.06 1.03
19.47 2.06 5.53 1 1
6 6 6 24.04 81.15
0.96 18.09 21.67 6.91 0
0 25 0 0 25
0 0 25 22.34 11.53
2.66 0 0 25 20.16
1.02 4.84 1 1 5
7 7 21.95 55.02 3.05
17.72 20.67 7.28 0 0
25 0 0 25 0
0 25 22.15 11.24 2.85
21.68 9.14 3.32 19.84 0.59
5.16 1 1 5 6
7 23.98 62 1.02 18.34
21.11 6.66 0 0 25
0 0 25 0 0
25 22.24 10.25 2.76 19.78
1.45 5.22 19.65 1.2 5.35
1 1 5 6 6
24.64 84.6 0.36 19.71 24.2
5.29 0 0 25 0
0 25 0 0 25
18.04 2.7 6.96 0 0
25 22.31 3.8 2.69 1
1 5 5 7 22.28
55.91 2.72 19.78 24.95 5.22
0 0 25 0 0
25 0 0 25 17.93
2.62 7.07 22.46 9.72 2.54
21.36 2.99 3.64 1 1
5 5 6 24.65 83.27
0.35 19.79 22.05 5.21 0
0 25 0 0 25
0 0 25 24.17 26.07
0.83 0 0 25 0
0 25 1 1 5
5 5 24.35 82.62 0.65
18.25 20.96 6.75 0 0
25 0 0 25 22.18
10.32 2.82 0 0 25
0 0 25 20.41 0.91
4.59 1 1 4 7
7 21.88 54.71 3.12 18.03
21.37 6.97 0 0 25
0 0 25 22.17 10.53
2.83 0 0 25 21.72
8.83 3.28 20.03 0.73 4.97
1 1 4 6 7
24.06 62.33 0.94 17.77 21.2
7.23 0 0 25 0
0 25 21.98 10.58 3.02
0 0 25 19.53 1.53
5.47 19.63 1.39 5.37 1
1 4 6 6 23.93
76.9 1.07 16.55 4.59 8.45
0 0 25 0 0
25 22.23 10.36 2.77 20.21
6.56 4.79 0 0 25
18.24 0.43 6.76 1 1
4 5 7 21.59 49.95
3.41 16.2 4.55 8.8 0
0 25 0 0 25
21.84 11.42 3.16 19.73 6.19
5.27 21.42 8.31 3.58 18.01
0.79 6.99 1 1 4
5 6 24.28 78.58 0.72
17.84 6.61 7.16 0 0
25 0 0 25 22.13
9.06 2.87 17.71 2.89 7.29
0 0 25 18.11 2.79
6.89 1 1 4 5
5 24.63 84.68 0.37 19.59
24.32 5.41 0 0 25
0 0 25 18.6 2.48
6.4 0 0 25 0
0 25 22.34 3.36 2.66
1 1 4 4 7
22.04 56.29 2.96 19.56 24.45
5.44 0 0 25 0
0 25 17.98 2.76 7.02
0 0 25 22.29 9.88
2.71 21.36 3.39 3.64 1
1 4 4 6 24.27
78.97 0.73 18.07 6.79 6.93
0 0 25 0 0
25 18.28 2.18 6.72 21.76
9.14 3.24 0 0 25
18.26 2.28 6.74 1 1
4 4 5 24.59 83.57
0.41 19.6 21.81 5.4 0
0 25 0 0 25
24.24 26.19 0.76 0 0
25 0 0 25 0
0 25 1 1 4
4 4 22.08 36.79 2.92
18.45 20.27 6.55 0 0
25 22.08 33.98 2.92 0
0 25 17.8 7.51 7.2
0 0 25 20.11 0.93
4.89 1 1 3 7
7 22.48 36.55 2.52 17.85
20.86 7.15 0 0 25
20.03 11.09 4.97 0 0
25 18.06 7.73 6.94 20.05
3.73 4.95 20.1 1.47 4.9
1 1 3 6 7
21.95 34.09 3.05 18.2 20.92
6.8 0 0 25 22.05
15.68 2.95 0 0 25
17.94 7.53 7.06 20.01 4.16
4.99 16.71 0.76 8.29 1
1 3 6 6 22.45
36.26 2.55 19.83 25.14 5.17
0 0 25 21.81 28.53
3.19 0 0 25 17.97
3.18 7.03 0 0 25
21.58 3.25 3.42 1 1
3 5 7 22.6 36.31
2.4 19.57 24.24 5.43 0
0 25 19.43 7.62 5.57
0 0 25 18.31 2.99
6.69 19.61 3.38 5.39 21.85
4.09 3.15 1 1 3
5 6 22.3 36.07 2.7
19.77 21.69 5.23 0 0
25 22.24 29.74 2.76 0
0 25 23.33 24.86 1.67
0 0 25 0 0
25 1 1 3 5
5 21.78 31.9 3.22 16.65
4.45 8.35 0 0 25
22.23 32.96 2.77 21.56 9.53
3.44 16.21 4.04 8.79 0
0 25 18.09 0.6 6.91
1 1 3 4 7
21.84 31.55 3.16 16.26 4.82
8.74 0 0 25 20.24
11.52 4.76 21.61 9.56 3.39
16.16 4.46 8.84 19.86 3.37
5.14 17.81 0.94 7.19 1
1 3 4 6 21.97
31.56 3.03 18.08 6.53 6.92
0 0 25 21.72 29.16
3.28 21.58 7.3 3.42 18.07
3.17 6.93 0 0 25
18.43 2.43 6.57 1 1
3 4 5 22.09 33.03
2.91 18.06 6.48 6.94 0
0 25 21.95 33.3 3.05
18.34 2.37 6.66 17.82 6.33
7.18 0 0 25 18.16
2.07 6.84 1 1 3
4 4 24.49 44.02 0.51
20.07 24.57 4.93 0 0
25 19.34 24.11 5.66 0
0 25 14.55 2.35 10.45
0 0 25 22.12 4.38
2.88 1 1 3 3
7 24 38.86 1 19.72
24.47 5.28 0 0 25
17.97 6.42 7.03 0 0
25 14.73 2.29 10.27 22.1
8.43 2.9 18.05 2.96 6.95
1 1 3 3 6
24.43 42.8 0.57 19.52 21.66
5.48 0 0 25 19.97
21.3 5.03 0 0 25
23.78 26.54 1.22 0 0
25 0 0 25 1
1 3 3 5 24.13
39.39 0.87 17.96 6.64 7.04
0 0 25 19.72 24.23
5.28 21.88 8.6 3.12 14.73
2.44 10.27 0 0 25
17.46 2.82 7.54 1 1
3 3 4 24 35.01
1 19.69 21.44 5.31 0
0 25 24.02 34.98 0.98
0 0 25 19.77 21.09
5.23 0 0 25 0
0 25 1 1 3
3 3 22.2 35.2 2.8
18.39 20.65 6.61 22.58 33.85
2.42 0 0 25 18.16
7.93 6.84 0 0 25
0 0 25 20.04 1
4.96 1 1 2 7
7 22.35 36.11 2.65 18.03
20.56 6.97 19.97 11.54 5.03
0 0 25 18.48 7.8
6.52 0 0 25 19.71
3.88 5.29 20.43 1.14 4.57
1 1 2 6 7
22.07 33.33 2.93 18.35 20.77
6.65 22.43 15.7 2.57 0
0 25 18.08 7.52 6.92
0 0 25 19.84 4.73
5.16 16.39 0.79 8.61 1
1 2 6 6 21.89
31.65 3.11 16.14 4.42 8.86
22.42 33.32 2.58 0 0
25 17.75 7.77 7.25 20.3
5.59 4.7 0 0 25
18.14 0.61 6.86 1 1
2 5 7 21.91 32.08
3.09 16.25 4.23 8.75 20.01
11.88 4.99 0 0 25
17.95 7.7 7.05 19.99 5.46
5.01 19.92 3.71 5.08 18.01
0.9 6.99 1 1 2
5 6 22.27 33.4 2.73
18.22 6.07 6.78 21.94 32.37
3.06 0 0 25 18.35
6.33 6.65 18.23 2.58 6.77
0 0 25 17.74 2.5
7.26 1 1 2 5
5 22.36 36.24 2.64 19.68
25.16 5.32 21.54 28.8 3.46
0 0 25 17.47 3.48
7.53 0 0 25 0
0 25 21.66 3.61 3.34
1 1 2 4 7
22.18 36.65 2.82 19.28 25.05
5.72 19.53 7.97 5.47 0
0 25 17.48 3.07 7.52
0 0 25 19.65 3.47
5.35 21.61 4.06 3.39 1
1 2 4 6 22
32.04 3 17.68 6.68 7.32
21.78 28.63 3.22 0 0
25 18.48 3.13 6.52 21.77
7.36 3.23 0 0 25
18.27 2.18 6.73 1 1
2 4 5 22.29 35.73
2.71 19.65 21.66 5.35 22.1
30.31 2.9 0 0 25
23.26 25 1.74 0 0
25 0 0 25 0
0 25 1 1 2
4 4 19.95 9.45 5.05
16.23 4.21 8.77 19.98 9.01
5.02 20.06 9.35 4.94 18
7.85 7 16.39 4.07 8.61
20.02 6.05 4.98 18.28 1.1
6.72 1 1 2 3
7 20.56 9.35 4.44 16.19
4.24 8.81 22.18 14.98 2.82
19.98 9.15 5.02 17.84 7.88
7.16 15.83 4.06 9.17 18.17
4.51 6.83 14.48 0.6 10.52
1 1 2 3 6
20.45 9.52 4.55 18.19 6.64
6.81 20.25 9.06 4.75 19.7
5.58 5.3 18.1 6.31 6.9
18.03 2.77 6.97 19.92 5.21
5.08 17.7 2.57 7.3 1
1 2 3 5 19.84
9.39 5.16 18.16 6.15 6.84
19.59 5.77 5.41 20.17 9.19
4.83 17.96 2.6 7.04 18.08
6.12 6.92 19.9 5.92 5.1
18.33 2.83 6.67 1 1
2 3 4 22.28 12.92
2.72 17.81 6.22 7.19 21.96
13.07 3.04 18.33 6.03 6.67
17.71 6.14 7.29 15.06 1.86
9.94 17.86 6.16 7.14 14.72
1.87 10.28 1 1 2
3 3 24.39 43.78 0.61
19.56 24.2 5.44 19.76 24.51
5.24 0 0 25 14.67
2.54 10.33 0 0 25
0 0 25 22.02 4.57
2.98 1 1 2 2
7 24.08 39.11 0.92 19.57
24.15 5.43 17.99 6.23 7.01
0 0 25 14.83 2.5
10.17 0 0 25 21.94
8.57 3.06 17.69 3.34 7.31
1 1 2 2 6
24.1 39.29 0.9 18.06 6.55
6.94 19.64 24.16 5.36 0
0 25 14.91 2.12 10.09
21.94 8.39 3.06 0 0
25 17.99 2.85 7.01 1
1 2 2 5 24.46
42.51 0.54 19.94 21.28 5.06
19.62 21.95 5.38 0 0
25 23.6 26.64 1.4 0
0 25 0 0 25
0 0 25 1 1
2 2 4 22.17 12.64
2.83 18 6.13 7 17.94
6.23 7.06 21.96 13.07 3.04
14.62 1.87 10.38 17.99 6.89
7.01 17.86 5.92 7.14 14.76
1.95 10.24 1 1 2
2 3 23.95 34.62 1.05
20.01 21.42 4.99 23.89 35.19
1.11 0 0 25 19.47
21.45 5.53 0 0 25
0 0 25 0 0
25 1 1 2 2
2 24.2 74.79 0.8 23.93
56.05 1.07 0 0 25
0 0 25 0 0
25 0 0 25 0
0 25 19.83 1.2 5.17
1 1 1 7 7
21.84 47.62 3.16 24.18 55.46
0.82 0 0 25 0
0 25 0 0 25
0 0 25 21.93 8.63
3.07 19.59 0.75 5.41 1
1 1 6 7 24.03
55.23 0.97 23.96 54.54 1.04
0 0 25 0 0
25 0 0 25 0
0 25 19.53 1.37 5.47
19.82 1.52 5.18 1 1
1 6 6 24.31 75.15
0.69 21.97 28.69 3.03 0
0 25 0 0 25
0 0 25 19.72 6.88
5.28 0 0 25 19.96
3.32 5.04 1 1 1
5 7 21.74 47.78 3.26
21.94 29.43 3.06 0 0
25 0 0 25 0
0 25 19.73 6.8 5.27
21.92 8.54 3.08 19.61 2.51
5.39 1 1 1 5
6 24.22 74.55 0.78 24.01
36.4 0.99 0 0 25
0 0 25 0 0
25 20.34 20.48 4.66 0
0 25 0 0 25
1 1 1 5 5
24.14 74.73 0.86 21.72 29.71
3.28 0 0 25 0
0 25 19.5 6.97 5.5
0 0 25 0 0
25 20.21 3.02 4.79 1
1 1 4 7 21.91
47.8 3.09 21.88 29.11 3.12
0 0 25 0 0
25 19.8 6.78 5.2 0
0 25 21.99 8.24 3.01
19.58 2.91 5.42 1 1
1 4 6 24.24 75.15
0.76 19.56 6.71 5.44 0
0 25 0 0 25
19.78 5.09 5.22 19.69 4.89
5.31 0 0 25 20.12
4.77 4.88 1 1 1
4 5 24.15 74.06 0.85
24.09 36.19 0.91 0 0
25 0 0 25 20.45
21.06 4.55 0 0 25
0 0 25 0 0
25 1 1 1 4
4 21.64 28.38 3.36 21.98
28.63 3.02 0 0 25
21.91 28.09 3.09 0 0
25 19.09 7.7 5.91 0
0 25 19.8 2.78 5.2
1 1 1 3 7
21.67 27.85 3.33 21.72 28.33
3.28 0 0 25 19.43
7.61 5.57 0 0 25
19.35 7.65 5.65 19.61 3.55
5.39 19.66 3.57 5.34 1
1 1 3 6 21.97
28.83 3.03 23.95 35.96 1.05
0 0 25 21.8 27.77
3.2 0 0 25 19.53
20.19 5.47 0 0 25
0 0 25 1 1
1 3 5 21.99 28.14
3.01 19.52 6.38 5.48 0
0 25 21.89 27.94 3.11
19.69 4.57 5.31 19.57 5.63
5.43 0 0 25 20.03
4.65 4.97 1 1 1
3 4 24.02 34.72 0.98
24.16 35.48 0.84 0 0
25 19.74 21.18 5.26 0
0 25 19.34 21.36 5.66
0 0 25 0 0
25 1 1 1 3
3 21.67 28.61 3.33 22.03
27.86 2.97 21.7 28.1 3.3
0 0 25 19.85 7.59
5.15 0 0 25 0
0 25 19.76 2.83 5.24
1 1 1 2 7
21.82 28.2 3.18 21.87 28.08
3.13 20.01 7.35 4.99 0
0 25 19.77 7.01 5.23
0 0 25 19.7 3.09
5.3 19.71 3.39 5.29 1
1 1 2 6 21.57
28.57 3.43 19.81 6.55 5.19
21.58 28.16 3.42 0 0
25 19.5 6 5.5 19.39
4.69 5.61 0 0 25
19.53 4.65 5.47 1 1
1 2 5 21.85 28.1
3.15 24.1 36 0.9 22.1
27.93 2.9 0 0 25
19.65 20.27 5.35 0 0
25 0 0 25 0
0 25 1 1 1
2 4 19.84 5.32 5.16
19.83 5.17 5.17 19.24 5.22
5.76 19.96 5.29 5.04 19.83
5.04 5.17 19.69 5.34 5.31
19.78 5.45 5.22 19.9 5.1
5.1 1 1 1 2
3 23.97 34.6 1.03 24.04
35.37 0.96 19.81 21.16 5.19
0 0 25 19.59 21.46
5.41 0 0 25 0
0 25 0 0 25
1 1 1 2 2
24.76 78.03 0.24 21.37 45.15
3.63 0 0 25 0
0 25 0 0 25
0 0 25 0 0
25 22.81 7.88 2.19 1
1 1 1 7 22.47
51.08 2.53 21.62 44.73 3.38
0 0 25 0 0
25 0 0 25 0
0 25 22.22 8.93 2.78
21.54 7.41 3.46 1 1
1 1 6 24.84 77.45
0.16 21.19 25.77 3.81 0
0 25 0 0 25
0 0 25 22.54 28.21
2.46 0 0 25 0
0 25 1 1 1
1 5 24.83 76.87 0.17
21.67 26.66 3.33 0 0
25 0 0 25 22.32
27.65 2.68 0 0 25
0 0 25 0 0
25 1 1 1 1
4 22.37 29.8 2.63 21.66
26 3.34 0 0 25
22.09 30.33 2.91 0 0
25 21.76 25.99 3.24 0
0 25 0 0 25
1 1 1 1 3
21.99 30.33 3.01 21 26.41
4 22.45 29.8 2.55 0
0 25 21.42 26.6 3.58
0 0 25 0 0
25 0 0 25 1
1 1 1 2 24.84
75.27 0.16 24.83 75.06 0.17
0 0 25 0 0
25 0 0 25 0
0 25 0 0 25
0 0 25 1 1
1 1 1
