25 150.03 0 0 0
25 0 0 25 0
0 25 0 0 25
0 0 25 0 0
25 24.97 0 0.03 7
7 7 7 24.83 123.8
0.17 0 0 25 0
0 25 0 0 25
0 0 25 0 0
25 24.82 1.56 0.18 24.98
0.01 0.02 6 7 7
7 25 125.43 0 0
0 25 0 0 25
0 0 25 0 0
25 0 0 25 24.57
0.41 0.43 24.59 0 0.41
6 6 7 7 24.98
124.97 0.02 0 0 25
0 0 25 0 0
25 0 0 25 0
0 25 24.82 0.32 0.18
24.73 0.18 0.27 6 6
6 7 24.99 125.04 0.01
0 0 25 0 0
25 0 0 25 0
0 25 0 0 25
24.99 24.98 0.01 0 0
25 6 6 6 6
24.67 124.07 0.33 0 0
25 0 0 25 0
0 25 0 0 25
24.69 1.58 0.31 0 0
25 24.98 0.01 0.02 5
7 7 7 24.6 98.6
0.4 0 0 25 0
0 25 0 0 25
0 0 25 24.73 1.49
0.27 24.51 1.1 0.49 24.97
0 0.03 5 6 7
7 24.78 99.72 0.22 0
0 25 0 0 25
0 0 25 0 0
25 24.79 1.19 0.21 24.5
0.48 0.5 24.54 0 0.46
5 6 6 7 24.74
98.94 0.26 0 0 25
0 0 25 0 0
25 0 0 25 24.78
1.46 0.22 24.71 0.33 0.29
24.74 0.3 0.26 5 6
6 6 25 125.37 0
0 0 25 0 0
25 0 0 25 0
0 25 24.63 0.59 0.37
0 0 25 24.41 0
0.59 5 5 7 7
24.81 99.77 0.19 0 0
25 0 0 25 0
0 25 0 0 25
24.52 0.56 0.48 24.62 1.23
0.38 24.49 0 0.51 5
5 6 7 24.97 100.98
0.03 0 0 25 0
0 25 0 0 25
0 0 25 24.52 0.6
0.48 24.49 0.45 0.51 23.98
0.01 1.02 5 5 6
6 24.99 125.02 0.01 0
0 25 0 0 25
0 0 25 0 0
25 24.72 0.27 0.28 0
0 25 24.75 0.25 0.25
5 5 5 7 24.67
99.19 0.33 0 0 25
0 0 25 0 0
25 0 0 25 24.72
0.28 0.28 24.81 1.29 0.19
24.75 0.29 0.25 5 5
5 6 25 125.02 0
0 0 25 0 0
25 0 0 25 0
0 25 24.99 24.99 0.01
0 0 25 0 0
25 5 5 5 5
24.7 124.14 0.3 0 0
25 0 0 25 0
0 25 24.7 1.47 0.3
0 0 25 0 0
25 24.99 0 0.01 4
7 7 7 24.5 98.26
0.5 0 0 25 0
0 25 0 0 25
24.81 1.63 0.19 0 0
25 24.5 1.28 0.5 25
0.02 0 4 6 7
7 24.72 99.5 0.28 0
0 25 0 0 25
0 0 25 24.76 1.43
0.24 0 0 25 24.62
0.45 0.38 24.51 0.01 0.49
4 6 6 7 24.72
99.36 0.28 0 0 25
0 0 25 0 0
25 24.7 1.2 0.3 0
0 25 24.81 0.22 0.19
24.78 0.21 0.22 4 6
6 6 24.43 98.44 0.57
0 0 25 0 0
25 0 0 25 24.78
1.69 0.22 24.5 1.16 0.5
0 0 25 24.99 0.01
0.01 4 5 7 7
24.27 73.56 0.73 0 0
25 0 0 25 0
0 25 24.79 1.6 0.21
24.45 1.09 0.55 24.35 0.89
0.65 25 0 0 4
5 6 7 24.42 74.41
0.58 0 0 25 0
0 25 0 0 25
24.77 1.26 0.23 24.53 1.06
0.47 24.52 0.49 0.48 24.52
0.02 0.48 4 5 6
6 24.81 99.78 0.19 0
0 25 0 0 25
0 0 25 24.75 1.15
0.25 24.47 0.48 0.53 0
0 25 24.55 0.01 0.45
4 5 5 7 24.47
74.26 0.53 0 0 25
0 0 25 0 0
25 24.82 1.23 0.18 24.52
0.5 0.48 24.57 1.07 0.43
24.51 0.05 0.49 4 5
5 6 24.82 99.09 0.18
0 0 25 0 0
25 0 0 25 24.68
1.4 0.32 24.76 0.32 0.24
0 0 25 24.7 0.23
0.3 4 5 5 5
25 125.54 0 0 0
25 0 0 25 0
0 25 24.47 0.48 0.53
0 0 25 0 0
25 24.51 0 0.49 4
4 7 7 24.76 99.73
0.24 0 0 25 0
0 25 0 0 25
24.57 0.54 0.43 0 0
25 24.74 1.18 0.26 24.48
0 0.52 4 4 6
7 25 101.07 0 0
0 25 0 0 25
0 0 25 24.45 0.44
0.55 0 0 25 24.49
0.58 0.51 23.97 0 1.03
4 4 6 6 24.74
99.74 0.26 0 0 25
0 0 25 0 0
25 24.49 0.52 0.51 24.67
1.36 0.33 0 0 25
24.48 0 0.52 4 4
5 7 24.39 74.53 0.61
0 0 25 0 0
25 0 0 25 24.48
0.64 0.52 24.77 1.35 0.23
24.4 1.07 0.6 24.34 0.03
0.66 4 4 5 6
25 101.07 0 0 0
25 0 0 25 0
0 25 24.53 0.45 0.47
24.38 0.47 0.62 0 0
25 24.1 0 0.9 4
4 5 5 25 124.97
0 0 0 25 0
0 25 0 0 25
24.7 0.25 0.3 0 0
25 0 0 25 24.8
0.28 0.2 4 4 4
7 24.72 99.23 0.28 0
0 25 0 0 25
0 0 25 24.66 0.3
0.34 0 0 25 24.75
1.3 0.25 24.7 0.34 0.3
4 4 4 6 24.74
99.53 0.26 0 0 25
0 0 25 0 0
25 24.62 0.3 0.38 24.73
0.99 0.27 0 0 25
24.71 0.38 0.29 4 4
4 5 25 125.01 0
0 0 25 0 0
25 0 0 25 24.99
25 0.01 0 0 25
0 0 25 0 0
25 4 4 4 4
24.67 75.05 0.33 0 0
25 0 0 25 24.67
50.57 0.33 0 0 25
0 0 25 0 0
25 25 0.04 0 3
7 7 7 24.73 74.83
0.27 0 0 25 0
0 25 24.41 26.03 0.59
0 0 25 0 0
25 24.44 1.01 0.56 24.54
0.01 0.46 3 6 7
7 24.74 74.81 0.26 0
0 25 0 0 25
24.71 26.11 0.29 0 0
25 0 0 25 24.3
0.22 0.7 24.8 0.31 0.2
3 6 6 7 24.76
74.9 0.24 0 0 25
0 0 25 24.7 25.66
0.3 0 0 25 0
0 25 25 24.98 0
0 0 25 3 6
6 6 24.84 74.93 0.16
0 0 25 0 0
25 24.56 25.59 0.44 0
0 25 24.59 1 0.41
0 0 25 24.49 0
0.51 3 5 7 7
24.73 75.03 0.27 0 0
25 0 0 25 24.39
1.45 0.61 0 0 25
24.53 0.94 0.47 24.22 0.48
0.78 24.22 0.01 0.78 3
5 6 7 24.76 74.74
0.24 0 0 25 0
0 25 24.5 1.74 0.5
0 0 25 24.55 0.68
0.45 24.23 0.3 0.77 24.19
0.31 0.81 3 5 6
6 24.75 74.64 0.25 0
0 25 0 0 25
24.85 26.14 0.15 0 0
25 24.34 0.23 0.66 0
0 25 24.79 0.26 0.21
3 5 5 7 24.78
74.92 0.22 0 0 25
0 0 25 24.46 1.65
0.54 0 0 25 24.14
0.15 0.86 24.42 0.84 0.58
24.32 0.32 0.68 3 5
5 6 24.71 74.8 0.29
0 0 25 0 0
25 24.7 25.79 0.3 0
0 25 24.98 25.02 0.02
0 0 25 0 0
25 3 5 5 5
24.45 50.02 0.55 0 0
25 0 0 25 24.7
50.37 0.3 24.63 0.84 0.37
0 0 25 0 0
25 24.97 0.02 0.03 3
4 7 7 24.46 50.12
0.54 0 0 25 0
0 25 24.55 25.88 0.45
24.45 0.73 0.55 0 0
25 24.35 1.02 0.65 24.44
0 0.56 3 4 6
7 24.4 49.55 0.6 0
0 25 0 0 25
24.82 26.39 0.18 24.54 0.77
0.46 0 0 25 24.3
0.36 0.7 24.63 0.24 0.37
3 4 6 6 24.54
50.05 0.46 0 0 25
0 0 25 24.6 25.67
0.4 24.44 0.73 0.56 24.49
0.94 0.51 0 0 25
24.52 0.02 0.48 3 4
5 7 24.43 49.98 0.57
0 0 25 0 0
25 24.32 1.49 0.68 24.56
0.85 0.44 24.4 0.95 0.6
24.21 0.47 0.79 24.33 0.01
0.67 3 4 5 6
24.37 49.91 0.63 0 0
25 0 0 25 24.72
26.23 0.28 24.47 0.74 0.53
24.31 0.22 0.69 0 0
25 24.79 0.24 0.21 3
4 5 5 24.73 50.95
0.27 0 0 25 0
0 25 24.72 50.16 0.28
24.4 0.47 0.6 0 0
25 0 0 25 24.55
0.02 0.45 3 4 4
7 24.81 50.79 0.19 0
0 25 0 0 25
24.53 25.36 0.47 24.34 0.35
0.66 0 0 25 24.64
0.98 0.36 24.19 0.01 0.81
3 4 4 6 24.72
50.67 0.28 0 0 25
0 0 25 24.55 25.55
0.45 24.47 0.46 0.53 24.54
0.96 0.46 0 0 25
24.08 0 0.92 3 4
4 5 24.73 50.47 0.27
0 0 25 0 0
25 24.7 50.1 0.3 24.8
0.21 0.2 0 0 25
0 0 25 24.78 0.21
0.22 3 4 4 4
25 76.67 0 0 0
25 0 0 25 24.46
49.46 0.54 0 0 25
0 0 25 0 0
25 24.41 0 0.59 3
3 7 7 25 76.07
0 0 0 25 0
0 25 24.21 24.92 0.79
0 0 25 0 0
25 24.41 0.65 0.59 24.46
0.28 0.54 3 3 6
7 25 76.08 0 0
0 25 0 0 25
24.46 25.48 0.54 0 0
25 0 0 25 24.62
24.36 0.38 0 0 25
3 3 6 6 25
76.03 0 0 0 25
0 0 25 24.16 24.72
0.84 0 0 25 24.46
0.8 0.54 0 0 25
24.54 0.29 0.46 3 3
5 7 24.95 75.41 0.05
0 0 25 0 0
25 24.1 0.56 0.9 0
0 25 24.43 0.44 0.57
24.57 0.55 0.43 24.54 0.45
0.46 3 3 5 6
25 75.98 0 0 0
25 0 0 25 24.53
25.41 0.47 0 0 25
24.52 24.56 0.48 0 0
25 0 0 25 3
3 5 5 24.74 51.3
0.26 0 0 25 0
0 25 24.42 49.62 0.58
24.75 0.65 0.25 0 0
25 0 0 25 24.48
0.04 0.52 3 3 4
7 24.63 50.55 0.37 0
0 25 0 0 25
24.33 24.68 0.67 24.79 0.79
0.21 0 0 25 24.58
0.9 0.42 24.53 0.22 0.47
3 3 4 6 24.78
50.82 0.22 0 0 25
0 0 25 24.24 24.7
0.76 24.71 0.76 0.29 24.44
0.69 0.56 0 0 25
24.58 0.28 0.42 3 3
4 5 25 51.89 0
0 0 25 0 0
25 24.5 49.49 0.5 24.54
0.42 0.46 0 0 25
0 0 25 24.14 0.02
0.86 3 3 4 4
24.99 75.01 0.01 0 0
25 0 0 25 24.79
49.64 0.21 0 0 25
0 0 25 0 0
25 24.75 0.82 0.25 3
3 3 7 25 74.97
0 0 0 25 0
0 25 24.74 25.08 0.26
0 0 25 0 0
25 24.77 25.44 0.23 0
0 25 3 3 3
6 25 75.02 0 0
0 25 0 0 25
24.67 25.31 0.33 0 0
25 24.68 25.32 0.32 0
0 25 0 0 25
3 3 3 5 24.74
49.74 0.26 0 0 25
0 0 25 24.69 49.74
0.31 24.72 0.77 0.28 0
0 25 0 0 25
24.78 0.82 0.22 3 3
3 4 25 75.05 0
0 0 25 0 0
25 24.97 74.98 0.03 0
0 25 0 0 25
0 0 25 0 0
25 3 3 3 3
24.77 75.17 0.23 0 0
25 24.74 50.35 0.26 0
0 25 0 0 25
0 0 25 0 0
25 24.95 0.02 0.05 2
7 7 7 24.62 74.87
0.38 0 0 25 24.48
26.03 0.52 0 0 25
0 0 25 0 0
25 24.48 1.07 0.52 24.45
0 0.55 2 6 7
7 24.79 74.79 0.21 0
0 25 24.62 26.22 0.38
0 0 25 0 0
25 0 0 25 24.26
0.35 0.74 24.68 0.29 0.32
2 6 6 7 24.64
74.72 0.36 0 0 25
24.77 25.89 0.23 0 0
25 0 0 25 0
0 25 25 24.98 0
0 0 25 2 6
6 6 24.46 49.79 0.54
0 0 25 24.78 50.55
0.22 0 0 25 0
0 25 24.6 0.81 0.4
0 0 25 24.99 0.02
0.01 2 5 7 7
24.51 50.19 0.49 0 0
25 24.56 25.76 0.44 0
0 25 0 0 25
24.34 0.69 0.66 24.51 1.06
0.49 24.37 0.01 0.63 2
5 6 7 24.65 49.79
0.35 0 0 25 24.75
26.09 0.25 0 0 25
0 0 25 24.5 0.63
0.5 24.33 0.2 0.67 24.79
0.27 0.21 2 5 6
6 24.78 50.86 0.22 0
0 25 24.63 50.28 0.37
0 0 25 0 0
25 24.43 0.41 0.57 0
0 25 24.58 0.03 0.42
2 5 5 7 24.75
50.6 0.25 0 0 25
24.51 25.49 0.49 0 0
25 0 0 25 24.53
0.58 0.47 24.54 1.05 0.46
23.94 0.01 1.06 2 5
5 6 24.81 50.32 0.19
0 0 25 24.79 50.06
0.21 0 0 25 0
0 25 24.75 0.32 0.25
0 0 25 24.68 0.27
0.32 2 5 5 5
24.76 74.88 0.24 0 0
25 24.47 25.72 0.53 0
0 25 24.55 1.1 0.45
0 0 25 0 0
25 24.5 0.02 0.5 2
4 7 7 24.71 75.03
0.29 0 0 25 24.2
1.51 0.8 0 0 25
24.43 0.96 0.57 0 0
25 24.3 0.51 0.7 24.33
0.02 0.67 2 4 6
7 24.74 74.75 0.26 0
0 25 24.48 1.67 0.52
0 0 25 24.51 0.89
0.49 0 0 25 24.21
0.23 0.79 24.21 0.31 0.79
2 4 6 6 24.53
49.93 0.47 0 0 25
24.52 25.73 0.48 0 0
25 24.6 0.96 0.4 24.5
0.73 0.5 0 0 25
24.49 0.01 0.51 2 4
5 7 24.62 50.21 0.38
0 0 25 24.05 1.58
0.95 0 0 25 24.52
1.04 0.48 24.38 0.64 0.62
24.21 0.59 0.79 24.15 0.01
0.85 2 4 5 6
24.81 50.89 0.19 0 0
25 24.41 25.39 0.59 0
0 25 24.49 1.02 0.51
24.44 0.4 0.56 0 0
25 24.15 0 0.85 2
4 5 5 24.69 74.8
0.31 0 0 25 24.77
26.12 0.23 0 0 25
24.32 0.28 0.68 0 0
25 0 0 25 24.77
0.25 0.23 2 4 4
7 24.78 74.92 0.22 0
0 25 24.46 1.51 0.54
0 0 25 24.29 0.2
0.71 0 0 25 24.5
0.63 0.5 24.39 0.32 0.61
2 4 4 6 24.65
49.8 0.35 0 0 25
24.78 26.17 0.22 0 0
25 24.27 0.18 0.73 24.33
0.73 0.67 0 0 25
24.81 0.28 0.19 2 4
4 5 24.65 74.85 0.35
0 0 25 24.72 25.84
0.28 0 0 25 24.96
24.98 0.04 0 0 25
0 0 25 0 0
25 2 4 4 4
24.55 25.6 0.45 0 0
25 24.52 25.35 0.48 24.37
25.19 0.63 0 0 25
0 0 25 24.37 1.58
0.63 24.47 0 0.53 2
3 7 7 24.53 25.25
0.47 0 0 25 24.77
26.39 0.23 24.41 25.41 0.59
0 0 25 0 0
25 24 0.21 1 24.79
0.24 0.21 2 3 6
7 24.52 25.42 0.48 0
0 25 24.73 25.81 0.27
24.46 25.04 0.54 0 0
25 0 0 25 24.96
25.06 0.04 0 0 25
2 3 6 6 24.7
25.54 0.3 0 0 25
24.54 25.08 0.46 24.15 0.76
0.85 0 0 25 24.62
0.98 0.38 24.29 1.08 0.71
24.26 0 0.74 2 3
5 7 24.48 25.53 0.52
0 0 25 24.78 25.97
0.22 24.21 1.01 0.79 0
0 25 24.48 0.7 0.52
24.08 0.21 0.92 24.29 0.26
0.71 2 3 5 6
24.68 25.31 0.32 0 0
25 24.4 25.06 0.6 24.49
1.12 0.51 0 0 25
24.38 0.26 0.62 24.53 1.36
0.47 24.22 0.19 0.78 2
3 5 5 24.5 25.46
0.5 0 0 25 24.33
1.09 0.67 24.58 25.08 0.42
24.49 0.86 0.51 0 0
25 24.26 0.95 0.74 24.4
0 0.6 2 3 4
7 24.5 25.6 0.5 0
0 25 24.46 1.78 0.54
24.37 25.43 0.63 24.48 0.68
0.52 0 0 25 23.87
0.21 1.13 24.35 0.27 0.65
2 3 4 6 24.36
25.43 0.64 0 0 25
24.12 1.13 0.88 24.26 1.09
0.74 24.58 1.07 0.42 24.4
1.14 0.6 24.04 0.52 0.96
23.83 0.03 1.17 2 3
4 5 24.49 25.09 0.51
0 0 25 24.53 1.33
0.47 24.54 25.27 0.46 24.33
0.2 0.67 0 0 25
24.45 1.37 0.55 24.19 0.21
0.81 2 3 4 4
24.79 26.25 0.21 0 0
25 24.8 25.68 0.2 24.19
24.79 0.81 0 0 25
0 0 25 24 0.66
1 24.52 0.32 0.48 2
3 3 7 24.77 26.27
0.23 0 0 25 24.74
25.33 0.26 24.43 25.19 0.57
0 0 25 0 0
25 24.61 24.66 0.39 0
0 25 2 3 3
6 24.74 25.73 0.26 0
0 25 24.74 25.68 0.26
23.99 0.46 1.01 0 0
25 24.57 0.49 0.43 23.95
0.64 1.05 24.48 0.53 0.52
2 3 3 5 24.77
26.33 0.23 0 0 25
24.46 1.25 0.54 24.08 24.68
0.92 24.63 0.82 0.37 0
0 25 24.04 0.78 0.96
23.95 0.21 1.05 2 3
3 4 24.79 25.29 0.21
0 0 25 24.74 25.2
0.26 24.76 25.17 0.24 0
0 25 0 0 25
24.76 25.29 0.24 0 0
25 2 3 3 3
25 76.54 0 0 0
25 24.47 49.47 0.53 0
0 25 0 0 25
0 0 25 0 0
25 24.52 0 0.48 2
2 7 7 24.99 76.23
0.01 0 0 25 23.91
24.7 1.09 0 0 25
0 0 25 0 0
25 24.43 0.95 0.57 24.48
0.31 0.52 2 2 6
7 24.99 75.87 0.01 0
0 25 24.6 25.58 0.4
0 0 25 0 0
25 0 0 25 24.51
24.45 0.49 0 0 25
2 2 6 6 24.76
51.27 0.24 0 0 25
24.55 49.51 0.45 0 0
25 0 0 25 24.76
0.64 0.24 0 0 25
24.49 0.02 0.51 2 2
5 7 24.71 50.81 0.29
0 0 25 24.19 24.93
0.81 0 0 25 0
0 25 24.75 0.81 0.25
24.58 0.68 0.42 24.38 0.16
0.62 2 2 5 6
24.99 52.16 0.01 0 0
25 24.52 49.33 0.48 0
0 25 0 0 25
24.45 0.55 0.55 0 0
25 24 0 1 2
2 5 5 24.99 75.97
0.01 0 0 25 24.25
24.79 0.75 0 0 25
24.52 0.81 0.48 0 0
25 0 0 25 24.4
0.27 0.6 2 2 4
7 24.99 75.48 0.01 0
0 25 23.91 0.43 1.09
0 0 25 24.5 0.49
0.5 0 0 25 24.39
0.56 0.61 24.56 0.69 0.44
2 2 4 6 24.62
50.64 0.38 0 0 25
24.27 24.67 0.73 0 0
25 24.52 0.84 0.48 24.77
0.91 0.23 0 0 25
24.54 0.22 0.46 2 2
4 5 25 75.98 0
0 0 25 24.59 25.42
0.41 0 0 25 24.53
24.48 0.47 0 0 25
0 0 25 0 0
25 2 2 4 4
24.77 26.19 0.23 0 0
25 24.22 24.86 0.78 24.8
25.78 0.2 0 0 25
0 0 25 24.09 0.69
0.91 24.36 0.24 0.64 2
2 3 7 24.72 26.3
0.28 0 0 25 24.51
25.44 0.49 24.74 25.24 0.26
0 0 25 0 0
25 24.56 24.49 0.44 0
0 25 2 2 3
6 24.69 26.21 0.31 0
0 25 24.3 24.59 0.7
24.57 1.38 0.43 0 0
25 24.5 0.75 0.5 24.07
0.63 0.93 24.03 0.28 0.97
2 2 3 5 24.76
25.75 0.24 0 0 25
24.06 0.55 0.94 24.67 25.78
0.33 24.44 0.5 0.56 0
0 25 23.99 0.5 1.01
24.48 0.52 0.52 2 2
3 4 24.99 27.1 0.01
0 0 25 24.46 25.6
0.54 24.39 25.55 0.61 0
0 25 0 0 25
24.05 23.86 0.95 0 0
25 2 2 3 3
25 74.99 0 0 0
25 24.77 49.66 0.23 0
0 25 0 0 25
0 0 25 0 0
25 24.81 0.77 0.19 2
2 2 7 24.98 75.03
0.02 0 0 25 24.79
25.15 0.21 0 0 25
0 0 25 0 0
25 24.81 25.24 0.19 0
0 25 2 2 2
6 24.73 49.61 0.27 0
0 25 24.74 49.68 0.26
0 0 25 0 0
25 24.75 0.91 0.25 0
0 25 24.79 0.79 0.21
2 2 2 5 24.98
74.99 0.02 0 0 25
24.83 25.34 0.17 0 0
25 24.63 25.23 0.37 0
0 25 0 0 25
0 0 25 2 2
2 4 24.8 25.49 0.2
0 0 25 24.71 25.02
0.29 24.65 25.04 0.35 0
0 25 0 0 25
24.85 25.44 0.15 0 0
25 2 2 2 3
25 75.1 0 0 0
25 24.98 74.92 0.02 0
0 25 0 0 25
0 0 25 0 0
25 0 0 25 2
2 2 2 24.79 75.14
0.21 24.71 50.32 0.29 0
0 25 0 0 25
0 0 25 0 0
25 0 0 25 25
0.04 0 1 7 7
7 24.49 50.04 0.51 24.76
50.51 0.24 0 0 25
0 0 25 0 0
25 0 0 25 24.45
0.75 0.55 24.98 0.02 0.02
1 6 7 7 24.74
50.63 0.26 24.83 50.38 0.17
0 0 25 0 0
25 0 0 25 0
0 25 24.37 0.46 0.63
24.55 0.04 0.45 1 6
6 7 24.75 50.21 0.25
24.69 50.33 0.31 0 0
25 0 0 25 0
0 25 0 0 25
24.73 0.28 0.27 24.74 0.27
0.26 1 6 6 6
24.66 74.95 0.34 24.55 25.82
0.45 0 0 25 0
0 25 0 0 25
24.41 1.07 0.59 0 0
25 24.54 0 0.46 1
5 7 7 24.52 49.98
0.48 24.46 25.78 0.54 0
0 25 0 0 25
0 0 25 24.42 1.04
0.58 24.5 0.73 0.5 24.55
0.02 0.45 1 5 6
7 24.79 50.75 0.21 24.51
25.43 0.49 0 0 25
0 0 25 0 0
25 24.55 0.87 0.45 24.56
0.59 0.44 23.95 0 1.05
1 5 6 6 24.68
74.77 0.32 24.81 26.3 0.19
0 0 25 0 0
25 0 0 25 24.21
0.28 0.79 0 0 25
24.69 0.26 0.31 1 5
5 7 24.52 49.78 0.48
24.74 26.31 0.26 0 0
25 0 0 25 0
0 25 24.19 0.1 0.81
24.44 0.76 0.56 24.9 0.26
0.1 1 5 5 6
24.64 74.75 0.36 24.81 25.82
0.19 0 0 25 0
0 25 0 0 25
25 24.98 0 0 0
25 0 0 25 1
5 5 5 24.82 75.13
0.18 24.54 25.68 0.46 0
0 25 0 0 25
24.33 0.96 0.67 0 0
25 0 0 25 24.54
0 0.46 1 4 7
7 24.57 49.87 0.43 24.5
25.55 0.5 0 0 25
0 0 25 24.56 0.8
0.44 0 0 25 24.61
0.84 0.39 24.69 0.01 0.31
1 4 6 7 24.73
50.82 0.27 24.42 25.39 0.58
0 0 25 0 0
25 24.5 1.2 0.5 0
0 25 24.46 0.42 0.54
24.06 0 0.94 1 4
6 6 24.82 74.82 0.18
24.3 1.52 0.7 0 0
25 0 0 25 24.54
1.1 0.46 24.22 0.49 0.78
0 0 25 24.19 0
0.81 1 4 5 7
24.57 50.1 0.43 24.27 1.46
0.73 0 0 25 0
0 25 24.59 1.14 0.41
24.14 0.45 0.86 24.45 0.67
0.55 24.16 0 0.84 1
4 5 6 24.78 74.78
0.22 24.53 1.8 0.47 0
0 25 0 0 25
24.42 0.63 0.58 24.18 0.23
0.82 0 0 25 24.38
0.27 0.62 1 4 5
5 24.7 74.7 0.3 24.71
26.41 0.29 0 0 25
0 0 25 24.23 0.25
0.77 0 0 25 0
0 25 24.75 0.25 0.25
1 4 4 7 24.43
50.02 0.57 24.7 26.12 0.3
0 0 25 0 0
25 24.29 0.28 0.71 0
0 25 24.48 0.68 0.52
24.72 0.28 0.28 1 4
4 6 24.76 74.79 0.24
24.53 1.49 0.47 0 0
25 0 0 25 24.34
0.27 0.66 24.57 0.78 0.43
0 0 25 24.23 0.24
0.77 1 4 4 5
24.76 74.63 0.24 24.73 25.86
0.27 0 0 25 0
0 25 24.99 25.03 0.01
0 0 25 0 0
25 0 0 25 1
4 4 4 24.48 25.7
0.52 24.37 25.38 0.63 0
0 25 24.42 25.21 0.58
0 0 25 24.45 1.47
0.55 0 0 25 24.49
0.03 0.51 1 3 7
7 24.43 25.52 0.57 24.43
25.25 0.57 0 0 25
24.26 1.14 0.74 0 0
25 24.51 1.52 0.49 24.22
0.5 0.78 24.19 0.03 0.81
1 3 6 7 24.43
25.22 0.57 24.54 25.2 0.46
0 0 25 24.62 1.38
0.38 0 0 25 24.41
1.07 0.59 24.21 0.22 0.79
24.38 0.32 0.62 1 3
6 6 24.51 25.28 0.49
24.81 26.4 0.19 0 0
25 24.43 25.41 0.57 0
0 25 23.81 0.3 1.19
0 0 25 24.69 0.36
0.31 1 3 5 7
24.59 25.71 0.41 24.67 25.82
0.33 0 0 25 24.31
0.98 0.69 0 0 25
23.91 0.22 1.09 24.48 0.81
0.52 24.19 0.31 0.81 1
3 5 6 24.45 25.58
0.55 24.78 25.56 0.22 0
0 25 24.52 25.14 0.48
0 0 25 24.97 25
0.03 0 0 25 0
0 25 1 3 5
5 24.48 25.63 0.52 24.14
1 0.86 0 0 25
24.49 25.22 0.51 24.53 1.01
0.47 24.25 1 0.75 0
0 25 24.25 0 0.75
1 3 4 7 24.53
25.55 0.47 24.26 0.92 0.74
0 0 25 24.18 1.06
0.82 24.54 0.97 0.46 24.23
1.16 0.77 24.16 0.5 0.84
23.93 0.01 1.07 1 3
4 6 24.57 25.48 0.43
24.56 1.58 0.44 0 0
25 24.55 25.12 0.45 24.6
0.76 0.4 24.02 0.24 0.98
0 0 25 24.2 0.32
0.8 1 3 4 5
24.52 25.3 0.48 24.54 1.3
0.46 0 0 25 24.52
25.35 0.48 24.21 0.17 0.79
24.54 1.06 0.46 0 0
25 24.27 0.22 0.73 1
3 4 4 24.81 26.33
0.19 24.76 25.74 0.24 0
0 25 24.33 24.67 0.67
0 0 25 23.95 0.68
1.05 0 0 25 24.46
0.27 0.54 1 3 3
7 24.73 25.85 0.27 24.79
25.81 0.21 0 0 25
23.88 0.47 1.12 0 0
25 23.88 0.6 1.12 24.63
0.51 0.37 24.47 0.38 0.53
1 3 3 6 24.81
26.27 0.19 24.7 25.23 0.3
0 0 25 24.45 25.56
0.55 0 0 25 24.55
24.43 0.45 0 0 25
0 0 25 1 3
3 5 24.71 26.28 0.29
24.4 1.31 0.6 0 0
25 24.26 24.77 0.74 24.57
0.62 0.43 24.02 0.57 0.98
0 0 25 24.22 0.27
0.78 1 3 3 4
24.68 25.07 0.32 24.79 25.44
0.21 0 0 25 24.78
25.36 0.22 0 0 25
24.73 25.15 0.27 0 0
25 0 0 25 1
3 3 3 24.45 25.75
0.55 24.36 25.24 0.64 24.55
25.26 0.45 0 0 25
24.4 1.5 0.6 0 0
25 0 0 25 24.48
0.01 0.52 1 2 7
7 24.54 25.42 0.46 24.43
25.22 0.57 24.35 1.12 0.65
0 0 25 24.47 1.39
0.53 0 0 25 24.29
0.39 0.71 24.38 0 0.62
1 2 6 7 24.47
25.18 0.53 24.47 25.28 0.53
24.5 1.19 0.5 0 0
25 24.42 1.36 0.58 0
0 25 24.4 0.25 0.6
24.23 0.25 0.77 1 2
6 6 24.46 25.48 0.54
24.29 0.87 0.71 24.48 25.3
0.52 0 0 25 24.49
1.68 0.51 24.24 0.58 0.76
0 0 25 24.12 0.01
0.88 1 2 5 7
24.29 25.54 0.71 24.3 1.12
0.7 24.23 1.11 0.77 0
0 25 24.52 1.44 0.48
24.13 0.55 0.87 24.27 0.54
0.73 23.96 0 1.04 1
2 5 6 24.41 25.3
0.59 24.32 1.16 0.68 24.46
25.41 0.54 0 0 25
24.57 1.25 0.43 24.37 0.25
0.63 0 0 25 24.31
0.19 0.69 1 2 5
5 24.52 25.36 0.48 24.79
26.14 0.21 24.47 25.36 0.53
0 0 25 24.14 0.35
0.86 0 0 25 0
0 25 24.61 0.26 0.39
1 2 4 7 24.55
25.7 0.45 24.7 25.85 0.3
24.24 0.81 0.76 0 0
25 24.18 0.27 0.82 0
0 25 24.57 0.76 0.43
24.17 0.2 0.83 1 2
4 6 24.58 25.59 0.42
24.49 1.89 0.51 24.28 25.21
0.72 0 0 25 23.95
0.3 1.05 24.49 0.72 0.51
0 0 25 24.28 0.22
0.72 1 2 4 5
24.52 25.33 0.48 24.83 25.69
0.17 24.54 25.13 0.46 0
0 25 24.99 24.97 0.01
0 0 25 0 0
25 0 0 25 1
2 4 4 24.28 0.79
0.72 24.27 0.81 0.73 24.18
0.67 0.82 24.34 0.62 0.66
24.52 1.37 0.48 24.25 0.67
0.75 24.32 0.79 0.68 24.12
0 0.88 1 2 3
7 24.1 0.74 0.9 24.23
0.73 0.77 24.53 1.16 0.47
24.3 0.75 0.7 24.46 1.11
0.54 24.37 0.68 0.63 24.09
0.28 0.91 24.18 0.29 0.82
1 2 3 6 24.39
0.62 0.61 24.55 1.35 0.45
24.32 0.7 0.68 24.24 0.74
0.76 24.42 1.04 0.58 23.97
0.21 1.03 24.39 0.69 0.61
24.11 0.26 0.89 1 2
3 5 24.32 0.69 0.68
24.52 1.2 0.48 24.19 0.7
0.81 24.35 0.75 0.65 24.06
0.22 0.94 24.49 1.21 0.51
24.24 0.68 0.76 24.14 0.24
0.86 1 2 3 4
24.45 1.1 0.55 24.47 1.04
0.53 24.47 1.02 0.53 23.88
0.48 1.12 24.52 1.17 0.48
23.92 0.53 1.08 24.16 0.53
0.84 23.85 0.41 1.15 1
2 3 3 24.78 26.25
0.22 24.79 25.48 0.21 24.2
24.8 0.8 0 0 25
24.05 0.89 0.95 0 0
25 0 0 25 24.42
0.34 0.58 1 2 2
7 24.71 25.77 0.29 24.76
25.69 0.24 24.08 0.46 0.92
0 0 25 24.06 0.46
0.94 0 0 25 24.56
0.41 0.44 24.56 0.48 0.44
1 2 2 6 24.78
26.32 0.22 24.45 1.25 0.55
24.25 24.69 0.75 0 0
25 23.99 0.86 1.01 24.48
0.76 0.52 0 0 25
23.89 0.28 1.11 1 2
2 5 24.8 26.39 0.2
24.66 25.2 0.34 24.47 25.58
0.53 0 0 25 24.41
24.49 0.59 0 0 25
0 0 25 0 0
25 1 2 2 4
24.43 0.98 0.57 24.4 1.06
0.6 24.09 0.39 0.91 24.39
1.06 0.61 23.96 0.53 1.04
24.52 1.04 0.48 24.09 0.51
0.91 24.09 0.46 0.91 1
2 2 3 24.79 25.44
0.21 24.67 25.1 0.33 24.71
25.16 0.29 0 0 25
24.73 25.4 0.27 0 0
25 0 0 25 0
0 25 1 2 2
2 25 76.54 0 24.56
49.23 0.44 0 0 25
0 0 25 0 0
25 0 0 25 0
0 25 24.66 0.01 0.34
1 1 7 7 24.61
51.51 0.39 24.55 49.41 0.45
0 0 25 0 0
25 0 0 25 0
0 25 24.7 0.82 0.3
24.4 0 0.6 1 1
6 7 25 51.82 0
24.47 49.7 0.53 0 0
25 0 0 25 0
0 25 0 0 25
24.59 0.47 0.41 23.95 0
1.05 1 1 6 6
24.99 75.97 0.01 24.22 24.77
0.78 0 0 25 0
0 25 0 0 25
24.54 0.71 0.46 0 0
25 24.56 0.24 0.44 1
1 5 7 24.77 50.65
0.23 24.25 24.89 0.75 0
0 25 0 0 25
0 0 25 24.45 0.63
0.55 24.78 0.79 0.22 24.55
0.24 0.45 1 1 5
6 25 75.78 0 24.55
25.69 0.45 0 0 25
0 0 25 0 0
25 24.51 24.47 0.49 0
0 25 0 0 25
1 1 5 5 24.98
75.93 0.02 24.31 25.01 0.69
0 0 25 0 0
25 24.4 0.74 0.6 0
0 25 0 0 25
24.37 0.26 0.63 1 1
4 7 24.78 50.54 0.22
24.39 24.83 0.61 0 0
25 0 0 25 24.42
0.76 0.58 0 0 25
24.78 0.75 0.22 24.46 0.29
0.54 1 1 4 6
24.99 75.57 0.01 23.9 0.57
1.1 0 0 25 0
0 25 24.39 0.66 0.61
24.51 0.6 0.49 0 0
25 24.27 0.54 0.73 1
1 4 5 25 76.16
0 24.5 25.18 0.5 0
0 25 0 0 25
24.55 24.61 0.45 0 0
25 0 0 25 0
0 25 1 1 4
4 24.76 26.22 0.24 24.29
24.71 0.71 0 0 25
24.74 25.78 0.26 0 0
25 23.98 0.8 1.02 0
0 25 24.41 0.31 0.59
1 1 3 7 24.86
26.24 0.14 24.19 24.79 0.81
0 0 25 24.54 1.04
0.46 0 0 25 24.07
0.69 0.93 24.48 0.82 0.52
23.99 0.29 1.01 1 1
3 6 24.79 26.42 0.21
24.46 25.35 0.54 0 0
25 24.68 25.21 0.32 0
0 25 24.5 24.59 0.5
0 0 25 0 0
25 1 1 3 5
24.8 25.72 0.2 23.93 0.44
1.07 0 0 25 24.72
25.65 0.28 24.58 0.52 0.42
24.13 0.55 0.87 0 0
25 24.52 0.44 0.48 1
1 3 4 25 27.05
0 24.41 25.63 0.59 0
0 25 24.36 25.61 0.64
0 0 25 24.04 23.9
0.96 0 0 25 0
0 25 1 1 3
3 24.72 25.98 0.28 24.33
24.77 0.67 24.76 25.76 0.24
0 0 25 24.04 0.71
0.96 0 0 25 0
0 25 24.65 0.28 0.35
1 1 2 7 24.76
26.59 0.24 24.14 24.38 0.86
24.5 1.37 0.5 0 0
25 23.88 0.78 1.12 0
0 25 24.48 0.7 0.52
24.1 0.32 0.9 1 1
2 6 24.77 25.79 0.23
24.05 0.52 0.95 24.77 25.51
0.23 0 0 25 24.16
0.52 0.84 24.45 0.45 0.55
0 0 25 24.55 0.46
0.45 1 1 2 5
24.74 26.23 0.26 24.43 25.41
0.57 24.71 25.35 0.29 0
0 25 24.59 24.54 0.41
0 0 25 0 0
25 0 0 25 1
1 2 4 24.45 0.97
0.55 24.08 0.51 0.92 24.43
1.11 0.57 24.55 0.94 0.45
23.92 0.39 1.08 24.06 0.62
0.94 24.55 1.06 0.45 23.92
0.44 1.08 1 1 2
3 24.99 27.01 0.01 24.56
25.58 0.44 24.55 25.34 0.45
0 0 25 24.09 23.88
0.91 0 0 25 0
0 25 0 0 25
1 1 2 2 25
74.99 0 24.66 49.95 0.34
0 0 25 0 0
25 0 0 25 0
0 25 0 0 25
24.71 0.69 0.29 1 1
1 7 24.68 49.67 0.32
24.79 49.85 0.21 0 0
25 0 0 25 0
0 25 0 0 25
24.81 0.81 0.19 24.78 0.61
0.22 1 1 1 6
25 75.02 0 24.71 25.33
0.29 0 0 25 0
0 25 0 0 25
24.64 25.3 0.36 0 0
25 0 0 25 1
1 1 5 25 75.01
0 24.73 25.36 0.27 0
0 25 0 0 25
24.73 25.17 0.27 0 0
25 0 0 25 0
0 25 1 1 1
4 24.77 25.2 0.23 24.8
25.38 0.2 0 0 25
24.73 25.26 0.27 0 0
25 24.71 25.15 0.29 0
0 25 0 0 25
1 1 1 3 24.74
25.34 0.26 24.73 25.21 0.27
24.77 25.16 0.23 0 0
25 24.79 25.26 0.21 0
0 25 0 0 25
0 0 25 1 1
1 2 25 75.11 0
24.99 74.9 0.01 0 0
25 0 0 25 0
0 25 0 0 25
0 0 25 0 0
25 1 1 1 1
