24.37 150.53 0.63 0 0
25 0 0 25 0
0 25 0 0 25
0 0 25 0 0
25 20.21 4.89 4.79 7
7 7 7 19.82 107.05
5.18 0 0 25 0
0 25 0 0 25
0 0 25 0 0
25 17.67 28.81 7.33 20.53
6.12 4.47 6 7 7
7 23.65 131 1.35 0
0 25 0 0 25
0 0 25 0 0
25 0 0 25 15.36
11.24 9.64 15.48 3.27 9.52
6 6 7 7 22.29
117.51 2.71 0 0 25
0 0 25 0 0
25 0 0 25 0
0 25 17.87 17.25 7.13
17.63 7.45 7.37 6 6
6 7 24.32 131.34 0.68
0 0 25 0 0
25 0 0 25 0
0 25 0 0 25
19.97 24.37 5.03 0 0
25 6 6 6 6
19.83 106.57 5.17 0 0
25 0 0 25 0
0 25 0 0 25
17.63 29.08 7.37 0 0
25 20.64 6.25 4.36 5
7 7 7 15.82 73.66
9.18 0 0 25 0
0 25 0 0 25
0 0 25 17.77 27.4
7.23 15.72 21.67 9.28 20.24
7.72 4.76 5 6 7
7 19.14 90.13 5.86 0
0 25 0 0 25
0 0 25 0 0
25 17.98 26.38 7.02 15.28
11.7 9.72 15.07 4.32 9.93
5 6 6 7 17.43
78.22 7.57 0 0 25
0 0 25 0 0
25 0 0 25 18.35
25.45 6.65 17.96 15.65 7.04
17.84 9.1 7.16 5 6
6 6 23.72 131.58 1.28
0 0 25 0 0
25 0 0 25 0
0 25 15.32 11.42 9.68
0 0 25 14.96 3
10.04 5 5 7 7
19.04 91.27 5.96 0 0
25 0 0 25 0
0 25 0 0 25
15.39 11.53 9.61 17.72 25.27
7.28 15.29 4.49 9.71 5
5 6 7 23.18 112.57
1.82 0 0 25 0
0 25 0 0 25
0 0 25 15.66 10.25
9.34 15.57 10.66 9.43 10.64
1.47 14.36 5 5 6
6 22.21 117.47 2.79 0
0 25 0 0 25
0 0 25 0 0
25 17.81 16.43 7.19 0
0 25 18.26 7.82 6.74
5 5 5 7 17.81
78.9 7.19 0 0 25
0 0 25 0 0
25 0 0 25 17.87
15.46 7.13 18.03 24.88 6.97
17.84 9.21 7.16 5 5
5 6 24.22 130.6 0.78
0 0 25 0 0
25 0 0 25 0
0 25 20.46 24.72 4.54
0 0 25 0 0
25 5 5 5 5
19.89 106.07 5.11 0 0
25 0 0 25 0
0 25 17.88 29.29 7.12
0 0 25 0 0
25 20.44 6.43 4.56 4
7 7 7 15.61 72.23
9.39 0 0 25 0
0 25 0 0 25
18.06 28.49 6.94 0 0
25 15.32 21.83 9.68 20.36
8.1 4.64 4 6 7
7 19.52 90.1 5.48 0
0 25 0 0 25
0 0 25 18.25 25.49
6.75 0 0 25 15.15
11.22 9.85 15.57 4.7 9.43
4 6 6 7 18.22
79.73 6.78 0 0 25
0 0 25 0 0
25 17.79 24.91 7.21 0
0 25 17.93 14.88 7.07
17.92 8.62 7.08 4 6
6 6 16.25 72.15 8.75
0 0 25 0 0
25 0 0 25 18.09
27.92 6.91 15.2 21.58 9.8
0 0 25 20.82 7.99
4.18 4 5 7 7
12.88 48.47 12.12 0 0
25 0 0 25 0
0 25 17.42 26.47 7.58
15.56 21.78 9.44 12.38 15.26
12.62 20.59 9.19 4.41 4
5 6 7 15.46 60.12
9.54 0 0 25 0
0 25 0 0 25
17.89 25.03 7.11 15.44 19.37
9.56 15.65 10.3 9.35 15.67
5.07 9.33 4 5 6
6 19.3 90.47 5.7 0
0 25 0 0 25
0 0 25 17.69 25.89
7.31 15.42 11.47 9.58 0
0 25 15.41 4.35 9.59
4 5 5 7 15.54
59.86 9.46 0 0 25
0 0 25 0 0
25 18.07 24.36 6.93 16.01
11.57 8.99 15.53 18.25 9.47
15.33 5.48 9.67 4 5
5 6 17.8 78.64 7.2
0 0 25 0 0
25 0 0 25 17.78
24.7 7.22 17.74 15.95 7.26
0 0 25 17.68 9.71
7.32 4 5 5 5
23.57 130.95 1.43 0 0
25 0 0 25 0
0 25 15.41 12.02 9.59
0 0 25 0 0
25 14.86 3.19 10.14 4
4 7 7 19.32 90.63
5.68 0 0 25 0
0 25 0 0 25
15.61 12.17 9.39 0 0
25 17.39 25.17 7.61 15.06
4.65 9.94 4 4 6
7 23.02 112.68 1.98 0
0 25 0 0 25
0 0 25 15.17 11.08
9.83 0 0 25 15.8
11.19 9.2 9.73 1.33 15.27
4 4 6 6 19.27
91.08 5.73 0 0 25
0 0 25 0 0
25 14.98 11.16 10.02 18.03
25.49 6.97 0 0 25
15.49 4.5 9.51 4 4
5 7 15.55 59.78 9.45
0 0 25 0 0
25 0 0 25 15.72
11.66 9.28 17.86 25 7.14
15.23 18.98 9.77 15.19 5.03
9.81 4 4 5 6
22.94 112.32 2.06 0 0
25 0 0 25 0
0 25 15.71 10.96 9.29
15.74 10.6 9.26 0 0
25 10.56 1.17 14.44 4
4 5 5 22.48 117.24
2.52 0 0 25 0
0 25 0 0 25
18.01 17.39 6.99 0 0
25 0 0 25 17.41
7.47 7.59 4 4 4
7 18.2 77.91 6.8 0
0 25 0 0 25
0 0 25 18.03 15.57
6.97 0 0 25 17.96
25.38 7.04 17.56 9.39 7.44
4 4 4 6 17.78
79.38 7.22 0 0 25
0 0 25 0 0
25 17.78 15.73 7.22 17.7
25.15 7.3 0 0 25
17.81 8.67 7.19 4 4
4 5 24.33 130.67 0.67
0 0 25 0 0
25 0 0 25 20.37
24.63 4.63 0 0 25
0 0 25 0 0
25 4 4 4 4
19.65 76.82 5.35 0 0
25 0 0 25 18.01
55.77 6.99 0 0 25
0 0 25 0 0
25 20.75 9 4.25 3
7 7 7 19.78 77
5.22 0 0 25 0
0 25 15.58 35.83 9.42
0 0 25 0 0
25 15.12 16.7 9.88 15.83
4.16 9.17 3 6 7
7 19.52 69.99 5.48 0
0 25 0 0 25
17.92 44.67 7.08 0 0
25 0 0 25 12.89
7.46 12.11 18.27 9.28 6.73
3 6 6 7 19.87
74.22 5.13 0 0 25
0 0 25 17.79 39.79
7.21 0 0 25 0
0 25 20.72 27.61 4.28
0 0 25 3 6
6 6 20.04 77.15 4.96
0 0 25 0 0
25 15.53 35.57 9.47 0
0 25 15.42 17.09 9.58
0 0 25 14.95 4.25
10.05 3 5 7 7
20.03 77.05 4.97 0 0
25 0 0 25 13.06
19.89 11.94 0 0 25
15.13 16.53 9.87 12.76 10.33
12.24 12.73 2.49 12.27 3
5 6 7 19.44 70.42
5.56 0 0 25 0
0 25 15.08 26.86 9.92
0 0 25 15.19 14.51
9.81 12.88 7.75 12.12 12.92
4.95 12.08 3 5 6
6 19.62 70.33 5.38 0
0 25 0 0 25
18.02 44.29 6.98 0 0
25 12.66 7.9 12.34 0
0 25 17.58 9.6 7.42
3 5 5 7 19.03
70.8 5.97 0 0 25
0 0 25 15.27 25.75
9.73 0 0 25 12.65
7.55 12.35 15.8 14.97 9.2
13.37 4.81 11.63 3 5
5 6 19.95 74.21 5.05
0 0 25 0 0
25 17.82 39.61 7.18 0
0 25 20.62 27.79 4.38
0 0 25 0 0
25 3 5 5 5
15.68 48.95 9.32 0 0
25 0 0 25 17.62
55.65 7.38 15.6 15.59 9.4
0 0 25 0 0
25 20.39 10.52 4.61 3
4 7 7 15.89 47.62
9.11 0 0 25 0
0 25 15.71 36.1 9.29
15.58 15.88 9.42 0 0
25 15.58 17.41 9.42 15.27
4.96 9.73 3 4 6
7 15.12 44.57 9.88 0
0 25 0 0 25
18.21 43.1 6.79 15.27 15.02
9.73 0 0 25 12.5
7.33 12.5 18.19 10.69 6.81
3 4 6 6 16.15
50.41 8.85 0 0 25
0 0 25 15.67 35.43
9.33 15.65 14.98 9.35 15.03
16.41 9.97 0 0 25
15.04 5.23 9.96 3 4
5 7 15.94 48.57 9.06
0 0 25 0 0
25 12.85 20.11 12.15 15.67
15.44 9.33 15.32 16.62 9.68
12.79 10.68 12.21 12.71 3.3
12.29 3 4 5 6
15.54 44.18 9.46 0 0
25 0 0 25 17.8
43.05 7.2 15.87 14.72 9.13
12.72 6.73 12.28 0 0
25 18.18 11.21 6.82 3
4 5 5 19.24 62.1
5.76 0 0 25 0
0 25 17.93 52.87 7.07
15.06 10.93 9.94 0 0
25 0 0 25 15.59
6.28 9.41 3 4 4
7 19.22 61.51 5.78 0
0 25 0 0 25
14.89 33.61 10.11 15.15 11.11
9.85 0 0 25 15.18
17.39 9.82 10.37 1.57 14.63
3 4 4 6 19.43
62.37 5.57 0 0 25
0 0 25 15.35 33.28
9.65 15.45 10.73 9.55 15.32
16.45 9.68 0 0 25
9.94 1.68 15.06 3 4
4 5 18.33 50.89 6.67
0 0 25 0 0
25 18.3 51.29 6.7 17.85
12.85 7.15 0 0 25
0 0 25 17.7 12.79
7.3 3 4 4 4
23.69 99.8 1.31 0 0
25 0 0 25 15.52
40.65 9.48 0 0 25
0 0 25 0 0
25 15.93 4.41 9.07 3
3 7 7 22.2 87.83
2.8 0 0 25 0
0 25 12.67 21.71 12.33
0 0 25 0 0
25 15.42 17.59 9.58 15.48
7.1 9.52 3 3 6
7 23.59 96.19 1.41 0
0 25 0 0 25
15.16 31.07 9.84 0 0
25 0 0 25 15.41
18.58 9.59 0 0 25
3 3 6 6 22.77
86.94 2.23 0 0 25
0 0 25 12.89 22.1
12.11 0 0 25 16.14
16.8 8.86 0 0 25
15.65 6.71 9.35 3 3
5 7 21.3 75.37 3.7
0 0 25 0 0
25 10.07 8.24 14.93 0
0 25 15.43 14.56 9.57
14.94 14.8 10.06 15.26 10.03
9.74 3 3 5 6
23.89 96.79 1.11 0 0
25 0 0 25 15.64
30.25 9.36 0 0 25
15.04 18.39 9.96 0 0
25 0 0 25 3
3 5 5 19.26 65.99
5.74 0 0 25 0
0 25 15.23 40.09 9.77
17.94 20.02 7.06 0 0
25 0 0 25 15.79
5.68 9.21 3 3 4
7 17.86 54.96 7.14 0
0 25 0 0 25
12.81 22.03 12.19 17.95 19.25
7.05 0 0 25 15.21
15.79 9.79 15.39 8.75 9.61
3 3 4 6 18.36
54.07 6.64 0 0 25
0 0 25 12.87 22.62
12.13 17.78 19.26 7.22 15.19
16.07 9.81 0 0 25
15.56 8.22 9.44 3 3
4 5 22.99 84.58 2.01
0 0 25 0 0
25 14.7 39.04 10.3 15.31
10.11 9.69 0 0 25
0 0 25 10.29 2.98
14.71 3 3 4 4
22.19 77.71 2.81 0 0
25 0 0 25 17.97
48.91 7.03 0 0 25
0 0 25 0 0
25 18.06 15.16 6.94 3
3 3 7 22.22 76.86
2.78 0 0 25 0
0 25 17.91 35.82 7.09
0 0 25 0 0
25 18.09 29.1 6.91 0
0 25 3 3 3
6 22.21 78.69 2.79 0
0 25 0 0 25
17.64 35.27 7.36 0 0
25 17.65 28.54 7.35 0
0 25 0 0 25
3 3 3 5 18.04
46.37 6.96 0 0 25
0 0 25 17.59 47.64
7.41 18.07 17.34 6.93 0
0 25 0 0 25
18.15 16.8 6.85 3 3
3 4 24.23 91.39 0.77
0 0 25 0 0
25 20.59 63.79 4.41 0
0 25 0 0 25
0 0 25 0 0
25 3 3 3 3
19.93 76.67 5.07 0 0
25 17.8 56.07 7.2 0
0 25 0 0 25
0 0 25 0 0
25 20.52 9.01 4.48 2
7 7 7 19.81 76.22
5.19 0 0 25 15.49
36.34 9.51 0 0 25
0 0 25 0 0
25 15.52 17.06 9.48 15.77
3.79 9.23 2 6 7
7 19 70.68 6 0
0 25 17.78 44.97 7.22
0 0 25 0 0
25 0 0 25 12.55
7.46 12.45 18.13 9.43 6.87
2 6 6 7 19.37
73.61 5.63 0 0 25
18.37 40.32 6.63 0 0
25 0 0 25 0
0 25 20.34 27.99 4.66
0 0 25 2 6
6 6 15.95 48.55 9.05
0 0 25 17.75 55.13
7.25 0 0 25 0
0 25 15.16 15.88 9.84
0 0 25 20.53 11.05
4.47 2 5 7 7
15.92 48.8 9.08 0 0
25 15.27 36.08 9.73 0
0 25 0 0 25
15.21 15.65 9.79 14.93 16.82
10.07 15.83 5.49 9.17 2
5 6 7 15.16 44.83
9.84 0 0 25 17.71
43.66 7.29 0 0 25
0 0 25 15.31 14.77
9.69 12.61 7.07 12.39 18.12
10.76 6.88 2 5 6
6 19.69 61.45 5.31 0
0 25 17.78 52.72 7.22
0 0 25 0 0
25 15.43 10.99 9.57 0
0 25 15.4 6.54 9.6
2 5 5 7 19.19
61.68 5.81 0 0 25
15.31 33.99 9.69 0 0
25 0 0 25 15.15
10.62 9.85 15.13 16.89 9.87
10.51 1.53 14.49 2 5
5 6 17.78 52.61 7.22
0 0 25 17.68 51.29
7.32 0 0 25 0
0 25 17.87 12.77 7.13
0 0 25 17.47 12.53
7.53 2 5 5 5
20.02 77 4.98 0 0
25 15.2 36.09 9.8 0
0 25 15.46 17.33 9.54
0 0 25 0 0
25 14.86 4.04 10.14 2
4 7 7 19.58 76.16
5.42 0 0 25 12.83
20.24 12.17 0 0 25
15.48 16.64 9.52 0 0
25 13.05 10.37 11.95 13.07
2.58 11.93 2 4 6
7 19.55 70.84 5.45 0
0 25 15.69 25.55 9.31
0 0 25 15.71 15.09
9.29 0 0 25 12.63
7.06 12.37 12.76 5.12 12.24
2 4 6 6 16.02
48.69 8.98 0 0 25
15.59 36.28 9.41 0 0
25 15.18 17.4 9.82 15.28
15.95 9.72 0 0 25
15.08 4.53 9.92 2 4
5 7 16.31 48.9 8.69
0 0 25 12.63 19.44
12.37 0 0 25 15.75
16.84 9.25 15.14 14.88 9.86
13.09 10.71 11.91 13.33 2.98
11.67 2 4 5 6
19.34 61.96 5.66 0 0
25 15.65 33.06 9.35 0
0 25 15.32 16.94 9.68
15.12 10.64 9.88 0 0
25 10.24 1.73 14.76 2
4 5 5 19.23 70.1
5.77 0 0 25 17.93
44.06 7.07 0 0 25
12.78 7.97 12.22 0 0
25 0 0 25 18.01
9.92 6.99 2 4 4
7 19.31 70.47 5.69 0
0 25 15.47 26.3 9.53
0 0 25 12.62 7.21
12.38 0 0 25 15.48
14.83 9.52 13.09 5.22 11.91
2 4 4 6 15.22
44.11 9.78 0 0 25
17.79 42.63 7.21 0 0
25 12.8 7.2 12.2 15.43
15.32 9.57 0 0 25
17.86 11.64 7.14 2 4
4 5 19.77 73.6 5.23
0 0 25 18.1 40.84
6.9 0 0 25 20.52
27.17 4.48 0 0 25
0 0 25 0 0
25 2 4 4 4
16.31 34.94 8.69 0 0
25 15.36 29.88 9.64 14.86
30.08 10.14 0 0 25
0 0 25 15.14 23.06
9.86 15.32 5.05 9.68 2
3 7 7 16.51 33.64
8.49 0 0 25 17.95
41.68 7.05 15.35 29.48 9.65
0 0 25 0 0
25 9.87 5.33 15.13 18.15
12.04 6.85 2 3 6
7 16 33.09 9 0
0 25 17.99 37.42 7.01
15.62 28.72 9.38 0 0
25 0 0 25 20.95
30.21 4.05 0 0 25
2 3 6 6 15.81
34.27 9.19 0 0 25
15.48 30.38 9.52 12.53 14.91
12.47 0 0 25 15.23
16.17 9.77 13.3 15.52 11.7
12.67 3.73 12.33 2 3
5 7 16.02 34.53 8.98
0 0 25 17.22 40.15
7.78 12.41 15.08 12.59 0
0 25 15.67 14.77 9.33
10.11 4.96 14.89 12.59 6.49
12.41 2 3 5 6
14.89 29.97 10.11 0 0
25 15.43 29.32 9.57 15.33
20.88 9.67 0 0 25
12.77 6.47 12.23 15.35 20.46
9.65 12.94 6.19 12.06 2
3 5 5 15.97 33.69
9.03 0 0 25 12.77
14.77 12.23 15.78 30.07 9.22
15.6 16.31 9.4 0 0
25 13.15 15.58 11.85 12.61
3.7 12.39 2 3 4
7 16.37 33.73 8.63 0
0 25 15.65 25.63 9.35
15.47 30 9.53 15.04 14.4
9.96 0 0 25 10.31
4.97 14.69 12.89 5.54 12.11
2 3 4 6 15.95
34.55 9.05 0 0 25
13.18 15.7 11.82 12.88 14.97
12.12 15.01 15.19 9.99 15.67
16.46 9.33 10.18 7.71 14.82
10.26 2.29 14.74 2 3
4 5 15.4 28.73 9.6
0 0 25 15.77 21.52
9.23 15.53 29.04 9.47 12.99
6.29 12.01 0 0 25
15 20.98 10 12.34 6.41
12.66 2 3 4 4
19.3 46.92 5.7 0 0
25 18.04 37.6 6.96 12.15
21.29 12.85 0 0 25
0 0 25 10.33 9.47
14.67 15.54 9.36 9.46 2
3 3 7 19.03 46.62
5.97 0 0 25 17.97
34.09 7.03 15.54 30.47 9.46
0 0 25 0 0
25 15.45 20.83 9.55 0
0 25 2 3 3
6 17.8 36.73 7.2 0
0 25 18.18 37.21 6.82
10.09 7.56 14.91 0 0
25 15.32 11.98 9.68 10.16
7.5 14.84 15.4 12.07 9.6
2 3 3 5 19.36
46.49 5.64 0 0 25
15.52 21.71 9.48 13.21 21.27
11.79 15.14 13.34 9.86 0
0 25 10.06 8.82 14.94
10.39 4.69 14.61 2 3
3 4 18.37 31.75 6.63
0 0 25 18.14 32.06
6.86 17.96 31.88 7.04 0
0 25 0 0 25
17.68 32.16 7.32 0 0
25 2 3 3 3
23.69 101.45 1.31 0 0
25 15.13 40.44 9.87 0
0 25 0 0 25
0 0 25 0 0
25 15.13 4.16 9.87 2
2 7 7 22.54 86.51
2.46 0 0 25 12.62
22.75 12.38 0 0 25
0 0 25 0 0
25 15.85 17.2 9.15 15.25
7.28 9.75 2 2 6
7 23.54 96.18 1.46 0
0 25 15.04 31.4 9.96
0 0 25 0 0
25 0 0 25 15.16
18.68 9.84 0 0 25
2 2 6 6 19.21
66.66 5.79 0 0 25
15.21 39.55 9.79 0 0
25 0 0 25 17.88
20.44 7.12 0 0 25
15.73 5.32 9.27 2 2
5 7 17.75 54.64 7.25
0 0 25 12.44 22.18
12.56 0 0 25 0
0 25 18.2 19.16 6.8
15.11 16.72 9.89 15.33 8.47
9.67 2 2 5 6
23.09 82.96 1.91 0 0
25 15.93 39.82 9.07 0
0 25 0 0 25
15.47 10.12 9.53 0 0
25 10 2.61 15 2
2 5 5 22.38 86.73
2.62 0 0 25 12.89
22.78 12.11 0 0 25
15.39 16.7 9.61 0 0
25 0 0 25 15.74
7.39 9.26 2 2 4
7 21.45 75.65 3.55 0
0 25 10.2 8.26 14.8
0 0 25 15.37 14.05
9.63 0 0 25 15.1
14.25 9.9 15.51 10.16 9.49
2 2 4 6 17.58
54.48 7.42 0 0 25
13.16 22.58 11.84 0 0
25 15.64 15.9 9.36 18.01
19.21 6.99 0 0 25
15.48 7.96 9.52 2 2
4 5 23.63 95.86 1.37
0 0 25 15.48 31.33
9.52 0 0 25 15.11
18.59 9.89 0 0 25
0 0 25 0 0
25 2 2 4 4
19.37 47.4 5.63 0 0
25 12.76 20.47 12.24 18.12
38.02 6.88 0 0 25
0 0 25 10.05 9.54
14.95 15.45 8.82 9.55 2
2 3 7 18.61 46.8
6.39 0 0 25 15.65
30.92 9.35 17.56 34.49 7.44
0 0 25 0 0
25 15.09 20.88 9.91 0
0 25 2 2 3
6 19.4 46.8 5.6 0
0 25 12.86 21.19 12.14
15.68 21.36 9.32 0 0
25 15.38 13.17 9.62 9.89
8.53 15.11 10.86 4.88 14.14
2 2 3 5 18.15
37.2 6.85 0 0 25
9.85 7.65 15.15 17.66 36.69
7.34 14.88 12.84 10.12 0
0 25 9.93 7.45 15.07
15.37 12.33 9.63 2 2
3 4 23.07 63.78 1.93
0 0 25 15.91 29.51
9.09 15.27 29.76 9.73 0
0 25 0 0 25
10.31 12.39 14.69 0 0
25 2 2 3 3
22.3 77.85 2.7 0 0
25 18.11 48.34 6.89 0
0 25 0 0 25
0 0 25 0 0
25 17.87 15.53 7.13 2
2 2 7 22.73 77.63
2.27 0 0 25 18.22
35.5 6.78 0 0 25
0 0 25 0 0
25 17.98 27.94 7.02 0
0 25 2 2 2
6 17.35 47.29 7.65 0
0 25 18.11 47.13 6.89
0 0 25 0 0
25 18.21 17.63 6.79 0
0 25 17.77 16.51 7.23
2 2 2 5 22.23
77.57 2.77 0 0 25
17.73 34.9 7.27 0 0
25 17.93 29.64 7.07 0
0 25 0 0 25
0 0 25 2 2
2 4 17.98 32.14 7.02
0 0 25 17.83 32.03
7.17 17.51 31.95 7.49 0
0 25 0 0 25
17.98 32.58 7.02 0 0
25 2 2 2 3
24.41 91.44 0.59 0 0
25 20.58 63.57 4.42 0
0 25 0 0 25
0 0 25 0 0
25 0 0 25 2
2 2 2 19.82 77.72
5.18 17.67 55.05 7.33 0
0 25 0 0 25
0 0 25 0 0
25 0 0 25 20.83
8.91 4.17 1 7 7
7 15.52 48.24 9.48 17.88
56.15 7.12 0 0 25
0 0 25 0 0
25 0 0 25 15.33
15.67 9.67 20.62 10.59 4.38
1 6 7 7 19.13
61.47 5.87 18 52.93 7
0 0 25 0 0
25 0 0 25 0
0 25 15.57 11.05 9.43
15.56 6.29 9.44 1 6
6 7 18.15 51.32 6.85
18.13 51.65 6.87 0 0
25 0 0 25 0
0 25 0 0 25
18 12.69 7 18.09 11.97
6.91 1 6 6 6
20.18 77.47 4.82 15.2 35.56
9.8 0 0 25 0
0 25 0 0 25
15.16 17.33 9.84 0 0
25 15.12 3.98 9.88 1
5 7 7 15.48 49.12
9.52 14.88 36.07 10.12 0
0 25 0 0 25
0 0 25 15.37 17.19
9.63 15.38 15.7 9.62 15.77
5.04 9.23 1 5 6
7 19.38 62.03 5.62 15.56
33.51 9.44 0 0 25
0 0 25 0 0
25 14.97 16.96 10.03 15.57
9.94 9.43 10.32 1.76 14.68
1 5 6 6 19.19
70.48 5.81 18.09 44.35 6.91
0 0 25 0 0
25 0 0 25 12.71
8.04 12.29 0 0 25
17.92 9.22 7.08 1 5
5 7 15.6 44.31 9.4
17.64 42.27 7.36 0 0
25 0 0 25 0
0 25 13.07 7.83 11.93
15.26 14.88 9.74 17.76 11.38
7.24 1 5 5 6
19.64 74.02 5.36 17.94 39.85
7.06 0 0 25 0
0 25 0 0 25
20.67 27.88 4.33 0 0
25 0 0 25 1
5 5 5 19.74 76.29
5.26 15.51 36.48 9.49 0
0 25 0 0 25
15.1 17.25 9.9 0 0
25 0 0 25 15.39
4.24 9.61 1 4 7
7 16.39 49.85 8.61 15.18
34.99 9.82 0 0 25
0 0 25 15.4 17.07
9.6 0 0 25 15.46
15.15 9.54 15.21 5.3 9.79
1 4 6 7 19.57
62.06 5.43 15.25 32.75 9.75
0 0 25 0 0
25 15.1 17.03 9.9 0
0 25 15.55 10.62 9.45
10.27 1.8 14.73 1 4
6 6 20.06 77.1 4.94
12.85 19.41 12.15 0 0
25 0 0 25 15.72
16.6 9.28 13.06 10.25 11.94
0 0 25 12.44 2.51
12.56 1 4 5 7
15.53 49.09 9.47 13.15 20.23
11.85 0 0 25 0
0 25 15.43 16.38 9.57
12.91 9.87 12.09 15.7 15.27
9.3 13.23 3.21 11.77 1
4 5 6 19.58 71.35
5.42 15.32 25.8 9.68 0
0 25 0 0 25
15.11 14.8 9.89 13.36 7.05
11.64 0 0 25 13.04
4.59 11.96 1 4 5
5 19.32 70.95 5.68 17.92
43.69 7.08 0 0 25
0 0 25 12.94 7.69
12.06 0 0 25 0
0 25 18.03 9.46 6.97
1 4 4 7 15.53
43.77 9.47 17.9 42.74 7.1
0 0 25 0 0
25 12.98 7.28 12.02 0
0 25 15.35 15.43 9.65
17.89 11.13 7.11 1 4
4 6 19.29 71.64 5.71
15.52 26.07 9.48 0 0
25 0 0 25 12.54
7.29 12.46 15.26 14.62 9.74
0 0 25 12.8 4.97
12.2 1 4 4 5
19.91 74.53 5.09 17.65 40.1
7.35 0 0 25 0
0 25 20.41 27.4 4.59
0 0 25 0 0
25 0 0 25 1
4 4 4 16.13 34.18
8.87 14.88 30.38 10.12 0
0 25 15.26 29.87 9.74
0 0 25 15.31 23.18
9.69 0 0 25 15.42
5.39 9.58 1 3 7
7 16.69 33.76 8.31 15.33
30.5 9.67 0 0 25
12.47 15.01 12.53 0 0
25 15.28 23.11 9.72 12.64
8.8 12.36 12.71 3.7 12.29
1 3 6 7 15.32
29.42 9.68 15.64 28.88 9.36
0 0 25 15.44 20.93
9.56 0 0 25 15.66
20.42 9.34 12.49 5.99 12.51
13.44 6.37 11.56 1 3
6 6 15.92 34.08 9.08
18.06 41.95 6.94 0 0
25 15.51 29.74 9.49 0
0 25 10.16 5.25 14.84
0 0 25 17.87 11.46
7.13 1 3 5 7
16.1 34.01 8.9 17.57 40.1
7.43 0 0 25 12.79
15.14 12.21 0 0 25
10.53 4.54 14.47 15.27 14.64
9.73 13.05 6.26 11.95 1
3 5 6 15.78 34.55
9.22 18.18 38.62 6.82 0
0 25 15.03 27.46 9.97
0 0 25 20.21 30.17
4.79 0 0 25 0
0 25 1 3 5
5 16.36 32.8 8.64 12.65
15.5 12.35 0 0 25
15.27 30.06 9.73 15.74 16.46
9.26 12.77 15.17 12.23 0
0 25 13.12 4.1 11.88
1 3 4 7 16.29
33.95 8.71 13.02 14.53 11.98
0 0 25 12.24 14.79
12.76 15.71 16.07 9.29 12.98
15.63 12.02 12.41 9.49 12.59
10.54 2.35 14.46 1 3
4 6 15.92 34.02 9.08
15.31 25.45 9.69 0 0
25 15.75 29.73 9.25 15.25
14.14 9.75 10.15 4.63 14.85
0 0 25 13.32 6.33
11.68 1 3 4 5
15.34 30.11 9.66 15.24 20.77
9.76 0 0 25 15.73
28.95 9.27 12.77 5.88 12.23
15.01 20.59 9.99 0 0
25 13.18 6.43 11.82 1
3 4 4 19 47.31
6 17.7 38.15 7.3 0
0 25 12.59 20.25 12.41
0 0 25 10.6 9.45
14.4 0 0 25 15.62
9.33 9.38 1 3 3
7 17.99 36.78 7.01 17.68
36.99 7.32 0 0 25
9.93 6.91 15.07 0 0
25 10.01 7.88 14.99 15.29
11.88 9.71 15.43 13.23 9.57
1 3 3 6 19.26
46.88 5.74 17.98 34.46 7.02
0 0 25 15 29.89
10 0 0 25 15.63
20.9 9.37 0 0 25
0 0 25 1 3
3 5 19.07 46.16 5.93
15.2 21.94 9.8 0 0
25 13.06 21.37 11.94 15.84
13.65 9.16 10.08 8.7 14.92
0 0 25 10.24 4.69
14.76 1 3 3 4
17.68 32.25 7.32 17.54 32.74
7.46 0 0 25 18.22
32.06 6.78 0 0 25
18.06 31.45 6.94 0 0
25 0 0 25 1
3 3 3 15.93 34.77
9.07 15.56 30.09 9.44 15.16
30.32 9.84 0 0 25
15.06 23 9.94 0 0
25 0 0 25 15.02
5.09 9.98 1 2 7
7 15.67 33.97 9.33 15.38
29.65 9.62 12.37 15.11 12.63
0 0 25 15.63 22.14
9.37 0 0 25 13.05
9.84 11.95 13.32 3.87 11.68
1 2 6 7 15.4
29.63 9.6 15.35 29.76 9.65
15.17 20.27 9.83 0 0
25 15.76 20.53 9.24 0
0 25 12.91 6.12 12.09
12.87 6.23 12.13 1 2
6 6 16.2 33.95 8.8
12.6 15.17 12.4 15.46 29.74
9.54 0 0 25 15.28
22.22 9.72 12.99 9.22 12.01
0 0 25 13.17 4
11.83 1 2 5 7
16.16 33.21 8.84 12.75 15.11
12.25 13.06 15 11.94 0
0 25 15.6 22.5 9.4
12.61 9.17 12.39 12.69 9.57
12.31 10.44 2.13 14.56 1
2 5 6 15.35 29.84
9.65 15.27 20.35 9.73 15.64
29.69 9.36 0 0 25
15.41 20.99 9.59 12.85 5.88
12.15 0 0 25 12.69
6.04 12.31 1 2 5
5 15.99 33.67 9.01 18.11
42.05 6.89 16.04 28.31 8.96
0 0 25 10.72 5.36
14.28 0 0 25 0
0 25 18.39 11.36 6.61
1 2 4 7 15.79
33.74 9.21 17.72 40.58 7.28
12.68 14.99 12.32 0 0
25 10.46 5.2 14.54 0
0 25 15.41 14.8 9.59
12.4 6.23 12.6 1 2
4 6 16.12 33.92 8.88
15.64 24.93 9.36 15.02 29.75
9.98 0 0 25 10.25
5.09 14.75 15.49 14.47 9.51
0 0 25 13 6.32
12 1 2 4 5
15.99 33.51 9.01 18.24 38.05
6.76 15.09 28.03 9.91 0
0 25 20.66 30.43 4.34
0 0 25 0 0
25 0 0 25 1
2 4 4 12.32 12.42
12.68 13.18 12.73 11.82 12.98
11.85 12.02 13.16 12.49 11.84
14.97 20.91 10.03 12.65 12.59
12.35 12.83 12.01 12.17 10.35
2.56 14.65 1 2 3
7 12.86 11.64 12.14 12.56
12.92 12.44 15.05 19.31 9.95
13.2 12.25 11.8 15.38 19.75
9.62 12.8 12.66 12.2 10.31
4.63 14.69 10.5 4.18 14.5
1 2 3 6 13.06
12.38 11.94 15.54 19.92 9.46
12.94 12.28 12.06 12.81 12.48
12.19 15.36 20.09 9.64 9.83
4.59 15.17 12.6 11.9 12.4
9.84 4.38 15.16 1 2
3 5 12.96 12.05 12.04
15.36 19.94 9.64 13.36 12.09
11.64 12.5 12.34 12.5 10.62
4.09 14.38 15.31 19.8 9.69
12.76 11.99 12.24 10.27 4.56
14.73 1 2 3 4
15.1 17.67 9.9 15.49 17.3
9.51 15.15 18.62 9.85 10.36
6.66 14.64 15.19 17.91 9.81
10.09 6.59 14.91 9.95 6.85
15.05 10.29 6.78 14.71 1
2 3 3 18.89 46.98
6.11 17.72 38.58 7.28 12.53
21.1 12.47 0 0 25
10.43 9.27 14.57 0 0
25 0 0 25 14.87
9.63 10.13 1 2 2
7 18.25 36.7 6.75 18.09
35.13 6.91 10.71 7.67 14.29
0 0 25 10.45 7.43
14.55 0 0 25 15.58
12.56 9.42 15.36 12.07 9.64
1 2 2 6 19.11
45.5 5.89 15.4 22.16 9.6
13.21 21.23 11.79 0 0
25 10.48 8.83 14.52 15.58
14.05 9.42 0 0 25
10.13 4.32 14.87 1 2
2 5 19 46.48 6
18.17 34.36 6.83 15.55 30.34
9.45 0 0 25 14.84
21.26 10.16 0 0 25
0 0 25 0 0
25 1 2 2 4
15.38 18.06 9.62 15.2 18.03
9.8 10.18 6.74 14.82 15.43
17.34 9.57 10.07 6.97 14.93
15.46 17.29 9.54 10.55 6.67
14.45 10.02 6.61 14.98 1
2 2 3 18.2 32.16
6.8 18.04 31.74 6.96 17.58
32.61 7.42 0 0 25
18.12 31.55 6.88 0 0
25 0 0 25 0
0 25 1 2 2
2 23.64 100.41 1.36 15.55
40.75 9.45 0 0 25
0 0 25 0 0
25 0 0 25 0
0 25 15.34 4.31 9.66
1 1 7 7 19.1
66.22 5.9 15.59 40.32 9.41
0 0 25 0 0
25 0 0 25 0
0 25 17.84 20.12 7.16
15.67 5.14 9.33 1 1
6 7 23.01 84.3 1.99
15.3 39.59 9.7 0 0
25 0 0 25 0
0 25 0 0 25
15.49 9.84 9.51 10.03 2.44
14.97 1 1 6 6
22.24 88.1 2.76 12.78 22.48
12.22 0 0 25 0
0 25 0 0 25
15.19 17.05 9.81 0 0
25 15.18 6.98 9.82 1
1 5 7 18.48 55.77
6.52 12.31 22.55 12.69 0
0 25 0 0 25
0 0 25 15.16 16.21
9.84 17.96 18.71 7.04 14.76
8.09 10.24 1 1 5
6 23.68 95.65 1.32 15.35
30.94 9.65 0 0 25
0 0 25 0 0
25 15.44 18.94 9.56 0
0 25 0 0 25
1 1 5 5 22.39
86.98 2.61 12.51 22.39 12.49
0 0 25 0 0
25 15.58 17.63 9.42 0
0 25 0 0 25
15.18 7.34 9.82 1 1
4 7 18.19 55.66 6.81
12.76 21.81 12.24 0 0
25 0 0 25 15.1
15.42 9.9 0 0 25
17.95 19.16 7.05 15.48 8.47
9.52 1 1 4 6
21.29 75.01 3.71 10.35 8.15
14.65 0 0 25 0
0 25 15.73 14.83 9.27
15.75 14.23 9.25 0 0
25 14.93 9.73 10.07 1
1 4 5 23.72 96.92
1.28 15.23 29.79 9.77 0
0 25 0 0 25
15.89 18.45 9.11 0 0
25 0 0 25 0
0 25 1 1 4
4 18.84 46.55 6.16 12.07
21.59 12.93 0 0 25
18.08 38.49 6.92 0 0
25 10.14 9.05 14.86 0
0 25 15.47 9.72 9.53
1 1 3 7 19.23
47.24 5.77 12.72 21.43 12.28
0 0 25 15.13 21.62
9.87 0 0 25 10.03
9.25 14.97 15.4 13.13 9.6
10.38 4.44 14.62 1 1
3 6 19.23 46.47 5.77
15.31 30.86 9.69 0 0
25 18.12 34.15 6.88 0
0 25 15.42 20.44 9.58
0 0 25 0 0
25 1 1 3 5
17.97 37.01 7.03 10.38 6.84
14.62 0 0 25 18.02
36.97 6.98 15.3 12.81 9.7
9.94 7.24 15.06 0 0
25 15.13 12.39 9.87 1
1 3 4 22.99 64.58
2.01 15.28 29.2 9.72 0
0 25 15.42 29.59 9.58
0 0 25 10.14 12.8
14.86 0 0 25 0
0 25 1 1 3
3 19.21 47.3 5.79 12.74
21.28 12.26 18.01 37.53 6.99
0 0 25 9.94 9.4
15.06 0 0 25 0
0 25 15.17 9.42 9.83
1 1 2 7 18.94
47.05 6.06 12.69 20.79 12.31
15.44 21.77 9.56 0 0
25 10.36 8.88 14.64 0
0 25 15.56 13.99 9.44
9.94 4.59 15.06 1 1
2 6 18.05 36.54 6.95
10.4 7.51 14.6 17.6 36.15
7.4 0 0 25 10.56
7.51 14.44 15.48 12.12 9.52
0 0 25 15.33 12.75
9.67 1 1 2 5
19.95 46.33 5.05 15.37 30.22
9.63 17.93 33.51 7.07 0
0 25 15.6 21.09 9.4
0 0 25 0 0
25 0 0 25 1
1 2 4 15.49 17.27
9.51 10.39 6.64 14.61 15.64
18.06 9.36 15.5 17.57 9.5
10.06 6.8 14.94 10.66 6.64
14.34 15.02 17.38 9.98 10.29
6.59 14.71 1 1 2
3 23.12 65.62 1.88 15.03
28.81 9.97 14.92 29.44 10.08
0 0 25 10.24 12.82
14.76 0 0 25 0
0 25 0 0 25
1 1 2 2 22.53
77.66 2.47 17.86 48.16 7.14
0 0 25 0 0
25 0 0 25 0
0 25 0 0 25
18.02 15.77 6.98 1 1
1 7 18.19 47.37 6.81
17.96 46.12 7.04 0 0
25 0 0 25 0
0 25 0 0 25
17.64 17.36 7.36 18.08 17.28
6.92 1 1 1 6
22.58 77.6 2.42 17.79 34.99
7.21 0 0 25 0
0 25 0 0 25
18.27 28.77 6.73 0 0
25 0 0 25 1
1 1 5 22.47 77.57
2.53 18.11 36.15 6.89 0
0 25 0 0 25
17.65 28.05 7.35 0 0
25 0 0 25 0
0 25 1 1 1
4 17.9 31.99 7.1 18.18
31.99 6.82 0 0 25
17.85 32.03 7.15 0 0
25 18.01 32.05 6.99 0
0 25 0 0 25
1 1 1 3 17.6
31.99 7.4 18.23 32.16 6.77
17.62 32.42 7.38 0 0
25 17.71 32.27 7.29 0
0 25 0 0 25
0 0 25 1 1
1 2 24.39 91.3 0.61
20.47 63.84 4.53 0 0
25 0 0 25 0
0 25 0 0 25
0 0 25 0 0
25 1 1 1 1
