41.61 7 7 7 7
7 7 50.38 6 7
7 7 7 7 47.96
6 6 7 7 7
7 51.75 6 6 6
7 7 7 48.34 6
6 6 6 7 7
49.84 6 6 6 6
6 7 41.7 6 6
6 6 6 6 49.8
5 7 7 7 7
7 57.64 5 6 7
7 7 7 56.76 5
6 6 7 7 7
58.95 5 6 6 6
7 7 56.92 5 6
6 6 6 7 58.83
5 6 6 6 6
6 47.63 5 5 7
7 7 7 56.15 5
5 6 7 7 7
55.25 5 5 6 6
7 7 57.85 5 5
6 6 6 7 54.44
5 5 6 6 6
6 52.21 5 5 5
7 7 7 60.69 5
5 5 6 7 7
58.2 5 5 5 6
6 7 61.05 5 5
5 6 6 6 47.7
5 5 5 5 7
7 56.48 5 5 5
5 6 7 54.75 5
5 5 5 6 6
50.17 5 5 5 5
5 7 57.93 5 5
5 5 5 6 42.18
5 5 5 5 5
5 50.52 4 7 7
7 7 7 57 4
6 7 7 7 7
56.75 4 6 6 7
7 7 59.52 4 6
6 6 7 7 56.31
4 6 6 6 6
7 58.35 4 6 6
6 6 6 56.63 4
5 7 7 7 7
61.32 4 5 6 7
7 7 63.29 4 5
6 6 7 7 64.67
4 5 6 6 6
7 62.75 4 5 6
6 6 6 56.06 4
5 5 7 7 7
62.38 4 5 5 6
7 7 62.8 4 5
5 6 6 7 65.58
4 5 5 6 6
6 58.07 4 5 5
5 7 7 64.34 4
5 5 5 6 7
65.75 4 5 5 5
6 6 57.57 4 5
5 5 5 7 61.8
4 5 5 5 5
6 58.38 4 5 5
5 5 5 48.09 4
4 7 7 7 7
55.29 4 4 6 7
7 7 54.08 4 4
6 6 7 7 58.01
4 4 6 6 6
7 55 4 4 6
6 6 6 55.73 4
4 5 7 7 7
62.63 4 4 5 6
7 7 61.59 4 4
5 6 6 7 64.97
4 4 5 6 6
6 54.71 4 4 5
5 7 7 62.72 4
4 5 5 6 7
61.81 4 4 5 5
6 6 57.16 4 4
5 5 5 7 65.12
4 4 5 5 5
6 55.59 4 4 5
5 5 5 51.73 4
4 4 7 7 7
59.2 4 4 4 6
7 7 59.29 4 4
4 6 6 7 61.35
4 4 4 6 6
6 59.33 4 4 4
5 7 7 64.53 4
4 4 5 6 7
65.27 4 4 4 5
6 6 57.91 4 4
4 5 5 7 66.19
4 4 4 5 5
6 61.94 4 4 4
5 5 5 48.55 4
4 4 4 7 7
56.51 4 4 4 4
6 7 54.82 4 4
4 4 6 6 57.04
4 4 4 4 5
7 63.42 4 4 4
4 5 6 54.89 4
4 4 4 5 5
50.66 4 4 4 4
4 7 57.68 4 4
4 4 4 6 57.81
4 4 4 4 4
5 42.02 4 4 4
4 4 4 50.99 3
7 7 7 7 7
54.39 3 6 7 7
7 7 56.34 3 6
6 7 7 7 56.06
3 6 6 6 7
7 56.33 3 6 6
6 6 7 50.6 3
6 6 6 6 6
54.13 3 5 7 7
7 7 57.97 3 5
6 7 7 7 60.74
3 5 6 6 7
7 60.25 3 5 6
6 6 7 61.06 3
5 6 6 6 6
56.08 3 5 5 7
7 7 61.21 3 5
5 6 7 7 62.14
3 5 5 6 6
7 62.13 3 5 5
6 6 6 55.67 3
5 5 5 7 7
60.65 3 5 5 5
6 7 62.01 3 5
5 5 6 6 56.39
3 5 5 5 5
7 61 3 5 5
5 5 6 49.38 3
5 5 5 5 5
56.58 3 4 7 7
7 7 59.97 3 4
6 7 7 7 62.92
3 4 6 6 7
7 62.95 3 4 6
6 6 7 63.5 3
4 6 6 6 6
62.02 3 4 5 7
7 7 63.56 3 4
5 6 7 7 66.9
3 4 5 6 6
7 66.72 3 4 5
6 6 6 62.18 3
4 5 5 7 7
67.45 3 4 5 5
6 7 68.86 3 4
5 5 6 6 60.77
3 4 5 5 5
7 66.4 3 4 5
5 5 6 62.87 3
4 5 5 5 5
57.14 3 4 4 7
7 7 61.03 3 4
4 6 7 7 62.58
3 4 4 6 6
7 61.35 3 4 4
6 6 6 61.4 3
4 4 5 7 7
64.74 3 4 4 5
6 7 67.75 3 4
4 5 6 6 62.37
3 4 4 5 5
7 67.38 3 4 4
5 5 6 62.33 3
4 4 5 5 5
58.27 3 4 4 4
7 7 64.92 3 4
4 4 6 7 65.62
3 4 4 4 6
6 63.49 3 4 4
4 5 7 68.21 3
4 4 4 5 6
64.51 3 4 4 4
5 5 57.34 3 4
4 4 4 7 60.58
3 4 4 4 4
6 60.56 3 4 4
4 4 5 57.76 3
4 4 4 4 4
47.39 3 3 7 7
7 7 55.13 3 3
6 7 7 7 52.67
3 3 6 6 7
7 55.32 3 3 6
6 6 7 47.47 3
3 6 6 6 6
55.86 3 3 5 7
7 7 61.45 3 3
5 6 7 7 60.75
3 3 5 6 6
7 63.43 3 3 5
6 6 6 52.73 3
3 5 5 7 7
60.15 3 3 5 5
6 7 57.72 3 3
5 5 6 6 55.95
3 3 5 5 5
7 62.81 3 3 5
5 5 6 48.8 3
3 5 5 5 5
57.35 3 3 4 7
7 7 63.31 3 3
4 6 7 7 59.87
3 3 4 6 6
7 64.15 3 3 4
6 6 6 63 3
3 4 5 7 7
67.25 3 3 4 5
6 7 67.56 3 3
4 5 6 6 60.72
3 3 4 5 5
7 65.64 3 3 4
5 5 6 63.42 3
3 4 5 5 5
53.56 3 3 4 4
7 7 60.74 3 3
4 4 6 7 59.47
3 3 4 4 6
6 61.45 3 3 4
4 5 7 68.1 3
3 4 4 5 6
60.19 3 3 4 4
5 5 57.68 3 3
4 4 4 7 64.41
3 3 4 4 4
6 65.89 3 3 4
4 4 5 54.97 3
3 4 4 4 4
52.03 3 3 3 7
7 7 56.34 3 3
3 6 7 7 56.37
3 3 3 6 6
7 51.48 3 3 3
6 6 6 55.77 3
3 3 5 7 7
58.73 3 3 3 5
6 7 60.57 3 3
3 5 6 6 56.4
3 3 3 5 5
7 60.65 3 3 3
5 5 6 51.4 3
3 3 5 5 5
59.21 3 3 3 4
7 7 63.32 3 3
3 4 6 7 63.96
3 3 3 4 6
6 62.45 3 3 3
4 5 7 67.37 3
3 3 4 5 6
64.62 3 3 3 4
5 5 58.86 3 3
3 4 4 7 62.38
3 3 3 4 4
6 61.96 3 3 3
4 4 5 61.17 3
3 3 4 4 4
48.25 3 3 3 3
7 7 54.69 3 3
3 3 6 7 47.78
3 3 3 3 6
6 54.86 3 3 3
3 5 7 62.27 3
3 3 3 5 6
48.26 3 3 3 3
5 5 56.4 3 3
3 3 4 7 63.52
3 3 3 3 4
6 63.02 3 3 3
3 4 5 54.95 3
3 3 3 4 4
49.38 3 3 3 3
3 7 49.84 3 3
3 3 3 6 50.25
3 3 3 3 3
5 58.15 3 3 3
3 3 4 41.72 3
3 3 3 3 3
50.08 2 7 7 7
7 7 54.73 2 6
7 7 7 7 56.59
2 6 6 7 7
7 56.34 2 6 6
6 7 7 56.95 2
6 6 6 6 7
49.83 2 6 6 6
6 6 56.69 2 5
7 7 7 7 61.5
2 5 6 7 7
7 63.4 2 5 6
6 7 7 62.51 2
5 6 6 6 7
64.11 2 5 6 6
6 6 56.72 2 5
5 7 7 7 61.83
2 5 5 6 7
7 63.83 2 5 5
6 6 7 62.58 2
5 5 6 6 6
58.51 2 5 5 5
7 7 63.62 2 5
5 5 6 7 65.89
2 5 5 5 6
6 55.72 2 5 5
5 5 7 61.62 2
5 5 5 5 6
58.31 2 5 5 5
5 5 54.61 2 4
7 7 7 7 58.24
2 4 6 7 7
7 60.6 2 4 6
6 7 7 60.9 2
4 6 6 6 7
61.76 2 4 6 6
6 6 60.81 2 4
5 7 7 7 64.79
2 4 5 6 7
7 67.08 2 4 5
6 6 7 66.39 2
4 5 6 6 6
60.86 2 4 5 5
7 7 64.94 2 4
5 5 6 7 67.82
2 4 5 5 6
6 62.03 2 4 5
5 5 7 66.8 2
4 5 5 5 6
61.64 2 4 5 5
5 5 57.07 2 4
4 7 7 7 61.18
2 4 4 6 7
7 61.92 2 4 4
6 6 7 62.33 2
4 4 6 6 6
61.76 2 4 4 5
7 7 66.91 2 4
4 5 6 7 68.68
2 4 4 5 6
6 62.39 2 4 4
5 5 7 65.74 2
4 4 5 5 6
64.95 2 4 4 5
5 5 56.31 2 4
4 4 7 7 59.64
2 4 4 4 6
7 62.26 2 4 4
4 6 6 62.42 2
4 4 4 5 7
67.76 2 4 4 4
5 6 62 2 4
4 4 5 5 56.95
2 4 4 4 4
7 61.91 2 4 4
4 4 6 62.98 2
4 4 4 4 5
50.25 2 4 4 4
4 4 61.12 2 3
7 7 7 7 60.75
2 3 6 7 7
7 63.13 2 3 6
6 7 7 62.74 2
3 6 6 6 7
56.06 2 3 6 6
6 6 64.91 2 3
5 7 7 7 66.65
2 3 5 6 7
7 66.54 2 3 5
6 6 7 66.25 2
3 5 6 6 6
66.46 2 3 5 5
7 7 67.75 2 3
5 5 6 7 66.68
2 3 5 5 6
6 66.12 2 3 5
5 5 7 66.99 2
3 5 5 5 6
68.4 2 3 5 5
5 5 65.24 2 3
4 7 7 7 66.21
2 3 4 6 7
7 66.85 2 3 4
6 6 7 67.13 2
3 4 6 6 6
69.09 2 3 4 5
7 7 71.21 2 3
4 5 6 7 70.73
2 3 4 5 6
6 71.24 2 3 4
5 5 7 71.31 2
3 4 5 5 6
71.09 2 3 4 5
5 5 66.68 2 3
4 4 7 7 67.44
2 3 4 4 6
7 66.91 2 3 4
4 6 6 70.64 2
3 4 4 5 7
71.98 2 3 4 4
5 6 72.96 2 3
4 4 5 5 65.41
2 3 4 4 4
7 66.3 2 3 4
4 4 6 69.96 2
3 4 4 4 5
68.03 2 3 4 4
4 4 59.02 2 3
3 7 7 7 60.56
2 3 3 6 7
7 61.77 2 3 3
6 6 7 56.52 2
3 3 6 6 6
65.32 2 3 3 5
7 7 66.84 2 3
3 5 6 7 69.04
2 3 3 5 6
6 63.9 2 3 3
5 5 7 63.61 2
3 3 5 5 6
66.14 2 3 3 5
5 5 65.23 2 3
3 4 7 7 64.9
2 3 3 4 6
7 66.97 2 3 3
4 6 6 71.07 2
3 3 4 5 7
70.67 2 3 3 4
5 6 67.67 2 3
3 4 5 5 66.21
2 3 3 4 4
7 66.1 2 3 3
4 4 6 72.17 2
3 3 4 4 5
65.23 2 3 3 4
4 4 63.26 2 3
3 3 7 7 63.32
2 3 3 3 6
7 59.12 2 3 3
3 6 6 65.92 2
3 3 3 5 7
66.25 2 3 3 3
5 6 67.27 2 3
3 3 5 5 67.08
2 3 3 3 4
7 68.34 2 3 3
3 4 6 71.99 2
3 3 3 4 5
69.52 2 3 3 3
4 4 62.12 2 3
3 3 3 7 57.53
2 3 3 3 3
6 68.61 2 3 3
3 3 5 65.6 2
3 3 3 3 4
58.48 2 3 3 3
3 3 48.14 2 2
7 7 7 7 56.16
2 2 6 7 7
7 53.23 2 2 6
6 7 7 55.29 2
2 6 6 6 7
48.89 2 2 6 6
6 6 55.8 2 2
5 7 7 7 63.3
2 2 5 6 7
7 61.25 2 2 5
6 6 7 63.6 2
2 5 6 6 6
55 2 2 5 5
7 7 62.04 2 2
5 5 6 7 59.69
2 2 5 5 6
6 58.11 2 2 5
5 5 7 65.75 2
2 5 5 5 6
54.77 2 2 5 5
5 5 55.81 2 2
4 7 7 7 61.77
2 2 4 6 7
7 61.54 2 2 4
6 6 7 62.6 2
2 4 6 6 6
62.25 2 2 4 5
7 7 68.45 2 2
4 5 6 7 66.73
2 2 4 5 6
6 61.91 2 2 4
5 5 7 68.2 2
2 4 5 5 6
66.1 2 2 4 5
5 5 51.87 2 2
4 4 7 7 60.15
2 2 4 4 6
7 56.28 2 2 4
4 6 6 60.65 2
2 4 4 5 7
66.79 2 2 4 4
5 6 60.57 2 2
4 4 5 5 55.61
2 2 4 4 4
7 62.46 2 2 4
4 4 6 64.37 2
2 4 4 4 5
48.3 2 2 4 4
4 4 60.54 2 2
3 7 7 7 60.04
2 2 3 6 7
7 61.7 2 2 3
6 6 7 56.5 2
2 3 6 6 6
64.68 2 2 3 5
7 7 64.17 2 2
3 5 6 7 66.35
2 2 3 5 6
6 66.29 2 2 3
5 5 7 66.76 2
2 3 5 5 6
66.21 2 2 3 5
5 5 66.5 2 2
3 4 7 7 65.82
2 2 3 4 6
7 68.61 2 2 3
4 6 6 71.49 2
2 3 4 5 7
71.58 2 2 3 4
5 6 72.19 2 2
3 4 5 5 65.44
2 2 3 4 4
7 64.87 2 2 3
4 4 6 69.33 2
2 3 4 4 5
67.98 2 2 3 4
4 4 57.61 2 2
3 3 7 7 62.29
2 2 3 3 6
7 54.63 2 2 3
3 6 6 64.8 2
2 3 3 5 7
67.97 2 2 3 3
5 6 60.52 2 2
3 3 5 5 64.4
2 2 3 3 4
7 68.81 2 2 3
3 4 6 71.28 2
2 3 3 4 5
61.29 2 2 3 3
4 4 62.01 2 2
3 3 3 7 57.78
2 2 3 3 3
6 64.99 2 2 3
3 3 5 69.17 2
2 3 3 3 4
54.79 2 2 3 3
3 3 52.27 2 2
2 7 7 7 56.03
2 2 2 6 7
7 55.82 2 2 2
6 6 7 51.19 2
2 2 6 6 6
59.07 2 2 2 5
7 7 63.8 2 2
2 5 6 7 64.13
2 2 2 5 6
6 58.34 2 2 2
5 5 7 62.54 2
2 2 5 5 6
61.33 2 2 2 5
5 5 55.06 2 2
2 4 7 7 58.85
2 2 2 4 6
7 59.62 2 2 2
4 6 6 62.71 2
2 2 4 5 7
66.91 2 2 2 4
5 6 62.03 2 2
2 4 5 5 56.52
2 2 2 4 4
7 59.88 2 2 2
4 4 6 64.37 2
2 2 4 4 5
51.04 2 2 2 4
4 4 62.18 2 2
2 3 7 7 62.78
2 2 2 3 6
7 59.34 2 2 2
3 6 6 67.27 2
2 2 3 5 7
67.88 2 2 2 3
5 6 69.11 2 2
2 3 5 5 67.67
2 2 2 3 4
7 66.87 2 2 2
3 4 6 71.36 2
2 2 3 4 5
67.46 2 2 2 3
4 4 61.65 2 2
2 3 3 7 59.06
2 2 2 3 3
6 69.56 2 2 2
3 3 5 65.95 2
2 2 3 3 4
61.56 2 2 2 3
3 3 49.06 2 2
2 2 7 7 55.38
2 2 2 2 6
7 48.14 2 2 2
2 6 6 56.25 2
2 2 2 5 7
63.57 2 2 2 2
5 6 55.03 2 2
2 2 5 5 54.7
2 2 2 2 4
7 61.29 2 2 2
2 4 6 63 2
2 2 2 4 5
48.66 2 2 2 2
4 4 60.79 2 2
2 2 3 7 56.97
2 2 2 2 3
6 66.27 2 2 2
2 3 5 68.36 2
2 2 2 3 4
55.32 2 2 2 2
3 3 49.11 2 2
2 2 2 7 49.98
2 2 2 2 2
6 58.44 2 2 2
2 2 5 50.01 2
2 2 2 2 4
58.51 2 2 2 2
2 3 41.7 2 2
2 2 2 2 51.18
1 7 7 7 7
7 57.14 1 6 7
7 7 7 56.92 1
6 6 7 7 7
59.62 1 6 6 6
7 7 56.85 1 6
6 6 6 7 59.24
1 6 6 6 6
6 55.11 1 5 7
7 7 7 60.9 1
5 6 7 7 7
60.39 1 5 6 6
7 7 63.87 1 5
6 6 6 7 61.49
1 5 6 6 6
6 55.79 1 5 5
7 7 7 63.17 1
5 5 6 7 7
62.8 1 5 5 6
6 7 65.28 1 5
5 6 6 6 56.05
1 5 5 5 7
7 61.44 1 5 5
5 6 7 62.29 1
5 5 5 6 6
56.47 1 5 5 5
5 7 62.47 1 5
5 5 5 6 49.63
1 5 5 5 5
5 54.95 1 4 7
7 7 7 61.76 1
4 6 7 7 7
61.22 1 4 6 6
7 7 63.72 1 4
6 6 6 7 61.82
1 4 6 6 6
6 58.2 1 4 5
7 7 7 64.82 1
4 5 6 7 7
64.63 1 4 5 6
6 7 66.89 1 4
5 6 6 6 61.23
1 4 5 5 7
7 67.27 1 4 5
5 6 7 67.29 1
4 5 5 6 6
60.72 1 4 5 5
5 7 65.85 1 4
5 5 5 6 61.46
1 4 5 5 5
5 56.06 1 4 4
7 7 7 62.95 1
4 4 6 7 7
63.09 1 4 4 6
6 7 64.56 1 4
4 6 6 6 60.74
1 4 4 5 7
7 68.48 1 4 4
5 6 7 67.1 1
4 4 5 6 6
62 1 4 4 5
5 7 68.04 1 4
4 5 5 6 62.27
1 4 4 5 5
5 56.47 1 4 4
4 7 7 61.91 1
4 4 4 6 7
62.55 1 4 4 4
6 6 59.99 1 4
4 4 5 7 66.87
1 4 4 4 5
6 62.23 1 4 4
4 5 5 56.05 1
4 4 4 4 7
62.87 1 4 4 4
4 6 61.66 1 4
4 4 4 5 50.53
1 4 4 4 4
4 60.97 1 3 7
7 7 7 64.17 1
3 6 7 7 7
67.33 1 3 6 6
7 7 67.26 1 3
6 6 6 7 66.02
1 3 6 6 6
6 61.64 1 3 5
7 7 7 65.29 1
3 5 6 7 7
67.66 1 3 5 6
6 7 67.04 1 3
5 6 6 6 61.67
1 3 5 5 7
7 66.58 1 3 5
5 6 7 68.75 1
3 5 5 6 6
61.48 1 3 5 5
5 7 66.3 1 3
5 5 5 6 56.24
1 3 5 5 5
5 64.87 1 3 4
7 7 7 68.5 1
3 4 6 7 7
70.89 1 3 4 6
6 7 70.95 1 3
4 6 6 6 66.75
1 3 4 5 7
7 70.5 1 3 4
5 6 7 72.43 1
3 4 5 6 6
65.63 1 3 4 5
5 7 70.5 1 3
4 5 5 6 67.23
1 3 4 5 5
5 67.69 1 3 4
4 7 7 71.62 1
3 4 4 6 7
73.76 1 3 4 4
6 6 67.31 1 3
4 4 5 7 71.66
1 3 4 4 5
6 67.72 1 3 4
4 5 5 67.09 1
3 4 4 4 7
71.89 1 3 4 4
4 6 66.83 1 3
4 4 4 5 67.5
1 3 4 4 4
4 59.45 1 3 3
7 7 7 66.61 1
3 3 6 7 7
65.33 1 3 3 6
6 7 68.42 1 3
3 6 6 6 59.31
1 3 3 5 7
7 66.61 1 3 3
5 6 7 64.86 1
3 3 5 6 6
61.9 1 3 3 5
5 7 69.43 1 3
3 5 5 6 56.88
1 3 3 5 5
5 64.14 1 3 3
4 7 7 70.14 1
3 3 4 6 7
68.58 1 3 3 4
6 6 65.69 1 3
3 4 5 7 71.62
1 3 3 4 5
6 66.61 1 3 3
4 5 5 67.08 1
3 3 4 4 7
71.51 1 3 3 4
4 6 67.36 1 3
3 4 4 5 66.37
1 3 3 4 4
4 62.63 1 3 3
3 7 7 67.03 1
3 3 3 6 7
67.83 1 3 3 3
6 6 63.96 1 3
3 3 5 7 65.4
1 3 3 3 5
6 59.17 1 3 3
3 5 5 67.91 1
3 3 3 4 7
70.42 1 3 3 3
4 6 67.8 1 3
3 3 4 5 68.37
1 3 3 3 4
4 60.88 1 3 3
3 3 7 67.9 1
3 3 3 3 6
56.91 1 3 3 3
3 5 65.86 1 3
3 3 3 4 58.15
1 3 3 3 3
3 61.52 1 2 7
7 7 7 64.94 1
2 6 7 7 7
67.2 1 2 6 6
7 7 67.63 1 2
6 6 6 7 67.58
1 2 6 6 6
6 64.27 1 2 5
7 7 7 68.27 1
2 5 6 7 7
70.72 1 2 5 6
6 7 70.93 1 2
5 6 6 6 66.43
1 2 5 5 7
7 70.7 1 2 5
5 6 7 72.75 1
2 5 5 6 6
65.6 1 2 5 5
5 7 70.96 1 2
5 5 5 6 66.7
1 2 5 5 5
5 60.94 1 2 4
7 7 7 65.81 1
2 4 6 7 7
66.79 1 2 4 6
6 7 67.46 1 2
4 6 6 6 66.36
1 2 4 5 7
7 69.93 1 2 4
5 6 7 72.34 1
2 4 5 6 6
66.06 1 2 4 5
5 7 71.32 1 2
4 5 5 6 67.07
1 2 4 5 5
5 62.39 1 2 4
4 7 7 66.16 1
2 4 4 6 7
68.51 1 2 4 4
6 6 66.46 1 2
4 4 5 7 71.16
1 2 4 4 5
6 68.79 1 2 4
4 5 5 62.41 1
2 4 4 4 7
67.11 1 2 4 4
4 6 67.49 1 2
4 4 4 5 56.46
1 2 4 4 4
4 73.37 1 2 3
7 7 7 74.92 1
2 3 6 7 7
75.46 1 2 3 6
6 7 75.83 1 2
3 6 6 6 74.51
1 2 3 5 7
7 75.51 1 2 3
5 6 7 76.38 1
2 3 5 6 6
73.56 1 2 3 5
5 7 75.54 1 2
3 5 5 6 74.02
1 2 3 5 5
5 74.2 1 2 3
4 7 7 75.76 1
2 3 4 6 7
75.78 1 2 3 4
6 6 74.6 1 2
3 4 5 7 74.11
1 2 3 4 5
6 75.81 1 2 3
4 5 5 73.88 1
2 3 4 4 7
74.63 1 2 3 4
4 6 76.94 1 2
3 4 4 5 76.19
1 2 3 4 4
4 73.5 1 2 3
3 7 7 74.96 1
2 3 3 6 7
75.7 1 2 3 3
6 6 75.99 1 2
3 3 5 7 74.74
1 2 3 3 5
6 76.02 1 2 3
3 5 5 73.3 1
2 3 3 4 7
73.81 1 2 3 3
4 6 75.68 1 2
3 3 4 5 73.51
1 2 3 3 4
4 76.9 1 2 3
3 3 7 77.46 1
2 3 3 3 6
76.76 1 2 3 3
3 5 77.27 1 2
3 3 3 4 76.93
1 2 3 3 3
3 60.63 1 2 2
7 7 7 67.03 1
2 2 6 7 7
64.57 1 2 2 6
6 7 67.18 1 2
2 6 6 6 64.93
1 2 2 5 7
7 68.56 1 2 2
5 6 7 69.54 1
2 2 5 6 6
65.79 1 2 2 5
5 7 71.94 1 2
2 5 5 6 66.25
1 2 2 5 5
5 60.48 1 2 2
4 7 7 66.58 1
2 2 4 6 7
65 1 2 2 4
6 6 64.72 1 2
2 4 5 7 70.28
1 2 2 4 5
6 66.53 1 2 2
4 5 5 61.89 1
2 2 4 4 7
69.98 1 2 2 4
4 6 66.56 1 2
2 4 4 5 57.17
1 2 2 4 4
4 73.23 1 2 2
3 7 7 74.77 1
2 2 3 6 7
77.03 1 2 2 3
6 6 74.14 1 2
2 3 5 7 74.46
1 2 2 3 5
6 73.63 1 2 2
3 5 5 75.29 1
2 2 3 4 7
74.93 1 2 2 3
4 6 75.62 1 2
2 3 4 5 75.61
1 2 2 3 4
4 72.39 1 2 2
3 3 7 76.5 1
2 2 3 3 6
72.5 1 2 2 3
3 5 72.72 1 2
2 3 3 4 77.53
1 2 2 3 3
3 62.71 1 2 2
2 7 7 66.16 1
2 2 2 6 7
67.53 1 2 2 2
6 6 67.49 1 2
2 2 5 7 71.49
1 2 2 2 5
6 69.03 1 2 2
2 5 5 62.99 1
2 2 2 4 7
65.71 1 2 2 2
4 6 67.28 1 2
2 2 4 5 59.39
1 2 2 2 4
4 77.08 1 2 2
2 3 7 77 1
2 2 2 3 6
77.28 1 2 2 2
3 5 76.32 1 2
2 2 3 4 77.78
1 2 2 2 3
3 60 1 2 2
2 2 7 67.49 1
2 2 2 2 6
66.74 1 2 2 2
2 5 56.68 1 2
2 2 2 4 77.18
1 2 2 2 2
3 57.9 1 2 2
2 2 2 48.73 1
1 7 7 7 7
56.05 1 1 6 7
7 7 55.13 1 1
6 6 7 7 58.05
1 1 6 6 6
7 55.66 1 1 6
6 6 6 55.01 1
1 5 7 7 7
63.05 1 1 5 6
7 7 61.29 1 1
5 6 6 7 65.94
1 1 5 6 6
6 53.5 1 1 5
5 7 7 60.62 1
1 5 5 6 7
58.76 1 1 5 5
6 6 56.43 1 1
5 5 5 7 63.82
1 1 5 5 5
6 48.78 1 1 5
5 5 5 55.62 1
1 4 7 7 7
62.21 1 1 4 6
7 7 62.35 1 1
4 6 6 7 65.32
1 1 4 6 6
6 61 1 1 4
5 7 7 67.85 1
1 4 5 6 7
67.12 1 1 4 5
6 6 60.74 1 1
4 5 5 7 67.8
1 1 4 5 5
6 62.8 1 1 4
5 5 5 52.39 1
1 4 4 7 7
61 1 1 4 4
6 7 58.66 1 1
4 4 6 6 59.68
1 1 4 4 5
7 67.82 1 1 4
4 5 6 57.21 1
1 4 4 5 5
55.86 1 1 4 4
4 7 64.86 1 1
4 4 4 6 62.59
1 1 4 4 4
5 48.61 1 1 4
4 4 4 59.6 1
1 3 7 7 7
65.97 1 1 3 6
7 7 67.95 1 1
3 6 6 7 66.42
1 1 3 6 6
6 60.87 1 1 3
5 7 7 65.07 1
1 3 5 6 7
67.1 1 1 3 5
6 6 62.57 1 1
3 5 5 7 68.3
1 1 3 5 5
6 56.52 1 1 3
5 5 5 65.97 1
1 3 4 7 7
70.55 1 1 3 4
6 7 71.53 1 1
3 4 6 6 66.44
1 1 3 4 5
7 71.64 1 1 3
4 5 6 67.81 1
1 3 4 5 5
65.54 1 1 3 4
4 7 69.73 1 1
3 4 4 6 65.05
1 1 3 4 4
5 68.15 1 1 3
4 4 4 57.56 1
1 3 3 7 7
64.54 1 1 3 3
6 7 61.55 1 1
3 3 6 6 60.94
1 1 3 3 5
7 68.67 1 1 3
3 5 6 55.73 1
1 3 3 5 5
63.95 1 1 3 3
4 7 72.4 1 1
3 3 4 6 68.85
1 1 3 3 4
5 61.23 1 1 3
3 4 4 61.58 1
1 3 3 3 7
65.46 1 1 3 3
3 6 58.72 1 1
3 3 3 5 68.67
1 1 3 3 3
4 54.46 1 1 3
3 3 3 60.07 1
1 2 7 7 7
65.98 1 1 2 6
7 7 66.51 1 1
2 6 6 7 65.35
1 1 2 6 6
6 65.78 1 1 2
5 7 7 69.86 1
1 2 5 6 7
71.59 1 1 2 5
6 6 64.97 1 1
2 5 5 7 68.42
1 1 2 5 5
6 66.61 1 1 2
5 5 5 60.4 1
1 2 4 7 7
64.28 1 1 2 4
6 7 66.8 1 1
2 4 6 6 66.02
1 1 2 4 5
7 72.03 1 1 2
4 5 6 64.76 1
1 2 4 5 5
62.19 1 1 2 4
4 7 66.61 1 1
2 4 4 6 68.23
1 1 2 4 4
5 56.07 1 1 2
4 4 4 74.05 1
1 2 3 7 7
74.28 1 1 2 3
6 7 74.65 1 1
2 3 6 6 75.08
1 1 2 3 5
7 75.44 1 1 2
3 5 6 77.28 1
1 2 3 5 5
74.34 1 1 2 3
4 7 75.22 1 1
2 3 4 6 75.68
1 1 2 3 4
5 76.7 1 1 2
3 4 4 72.86 1
1 2 3 3 7
72.83 1 1 2 3
3 6 77.69 1 1
2 3 3 5 72.31
1 1 2 3 3
4 76.53 1 1 2
3 3 3 57.45 1
1 2 2 7 7
64.12 1 1 2 2
6 7 62.47 1 1
2 2 6 6 65.14
1 1 2 2 5
7 71.65 1 1 2
2 5 6 61.66 1
1 2 2 5 5
61.26 1 1 2 2
4 7 68.67 1 1
2 2 4 6 69.23
1 1 2 2 4
5 56.3 1 1 2
2 4 4 71.7 1
1 2 2 3 7
72.99 1 1 2 2
3 6 71.99 1 1
2 2 3 5 77.16
1 1 2 2 3
4 69.31 1 1 2
2 3 3 62.1 1
1 2 2 2 7
66.95 1 1 2 2
2 6 69.74 1 1
2 2 2 5 57.97
1 1 2 2 2
4 77.99 1 1 2
2 2 3 55.17 1
1 2 2 2 2
52.11 1 1 1 7
7 7 59.16 1 1
1 6 7 7 58.63
1 1 1 6 6
7 61.39 1 1 1
6 6 6 55.15 1
1 1 5 7 7
63.01 1 1 1 5
6 7 61.67 1 1
1 5 6 6 56.84
1 1 1 5 5
7 63.83 1 1 1
5 5 6 51.48 1
1 1 5 5 5
55.41 1 1 1 4
7 7 62.67 1 1
1 4 6 7 62.96
1 1 1 4 6
6 59.44 1 1 1
4 5 7 66.07 1
1 1 4 5 6
60.25 1 1 1 4
5 5 57.06 1 1
1 4 4 7 63.89
1 1 1 4 4
6 60.65 1 1 1
4 4 5 51.83 1
1 1 4 4 4
63.07 1 1 1 3
7 7 68.3 1 1
1 3 6 7 68.46
1 1 1 3 6
6 63.08 1 1 1
3 5 7 68.11 1
1 1 3 5 6
58.25 1 1 1 3
5 5 66.37 1 1
1 3 4 7 71.51
1 1 1 3 4
6 67.04 1 1 1
3 4 5 67.24 1
1 1 3 4 4
62.21 1 1 1 3
3 7 68.92 1 1
1 3 3 6 58.11
1 1 1 3 3
5 65.6 1 1 1
3 3 4 62 1
1 1 3 3 3
62.62 1 1 1 2
7 7 68.4 1 1
1 2 6 7 68.84
1 1 1 2 6
6 65.88 1 1 1
2 5 7 72.12 1
1 1 2 5 6
68.44 1 1 1 2
5 5 63.33 1 1
1 2 4 7 68.11
1 1 1 2 4
6 67.31 1 1 1
2 4 5 59.46 1
1 1 2 4 4
76.93 1 1 1 2
3 7 76.6 1 1
1 2 3 6 77.51
1 1 1 2 3
5 76.89 1 1 1
2 3 4 77.24 1
1 1 2 3 3
63 1 1 1 2
2 7 68.7 1 1
1 2 2 6 66.62
1 1 1 2 2
5 57.49 1 1 1
2 2 4 76.07 1
1 1 2 2 3
61.45 1 1 1 2
2 2 48.45 1 1
1 1 7 7 57.35
1 1 1 1 6
7 54.59 1 1 1
1 6 6 54.62 1
1 1 1 5 7
62.53 1 1 1 1
5 6 48.84 1 1
1 1 5 5 54.54
1 1 1 1 4
7 63.71 1 1 1
1 4 6 61.65 1
1 1 1 4 5
48.33 1 1 1 1
4 4 62.21 1 1
1 1 3 7 65.92
1 1 1 1 3
6 56.33 1 1 1
1 3 5 67.28 1
1 1 1 3 4
54.66 1 1 1 1
3 3 62.31 1 1
1 1 2 7 65.85
1 1 1 1 2
6 68.39 1 1 1
1 2 5 57.83 1
1 1 1 2 4
77.3 1 1 1 1
2 3 54.76 1 1
1 1 2 2 50.21
1 1 1 1 1
7 58.64 1 1 1
1 1 6 49.42 1
1 1 1 1 5
50.09 1 1 1 1
1 4 57.76 1 1
1 1 1 3 58.62
1 1 1 1 1
2 42.07 1 1 1
1 1 1
