50 7 7 7 7
7 7 7 74.37 6
7 7 7 7 7
7 74.47 6 6 7
7 7 7 7 74.97
6 6 6 7 7
7 7 74.97 6 6
6 6 7 7 7
74.65 6 6 6 6
6 7 7 74.42 6
6 6 6 6 6
7 50 6 6 6
6 6 6 6 74.4
5 7 7 7 7
7 7 98.73 5 6
7 7 7 7 7
98.92 5 6 6 7
7 7 7 99.44 5
6 6 6 7 7
7 99.42 5 6 6
6 6 7 7 99.18
5 6 6 6 6
6 7 98.99 5 6
6 6 6 6 6
74.53 5 5 7 7
7 7 7 99.02 5
5 6 7 7 7
7 98.94 5 5 6
6 7 7 7 99.24
5 5 6 6 6
7 7 99.45 5 5
6 6 6 6 7
98.85 5 5 6 6
6 6 6 74.94 5
5 5 7 7 7
7 99.48 5 5 5
6 7 7 7 99.5
5 5 5 6 6
7 7 99.94 5 5
5 6 6 6 7
99.93 5 5 5 6
6 6 6 74.96 5
5 5 5 7 7
7 99.48 5 5 5
5 6 7 7 99.46
5 5 5 5 6
6 7 99.97 5 5
5 5 6 6 6
74.47 5 5 5 5
5 7 7 98.86 5
5 5 5 5 6
7 99.18 5 5 5
5 5 6 6 74.47
5 5 5 5 5
5 7 98.97 5 5
5 5 5 5 6
50 5 5 5 5
5 5 5 74.37 4
7 7 7 7 7
7 98.75 4 6 7
7 7 7 7 98.77
4 6 6 7 7
7 7 99.47 4 6
6 6 7 7 7
99.34 4 6 6 6
6 7 7 99.01 4
6 6 6 6 6
7 98.99 4 6 6
6 6 6 6 98.65
4 5 7 7 7
7 7 122.66 4 5
6 7 7 7 7
123.32 4 5 6 6
7 7 7 123.71 4
5 6 6 6 7
7 123.82 4 5 6
6 6 6 7 123.33
4 5 6 6 6
6 6 99.11 4 5
5 7 7 7 7
123.36 4 5 5 6
7 7 7 123.6 4
5 5 6 6 7
7 123.86 4 5 5
6 6 6 7 123.94
4 5 5 6 6
6 6 99.31 4 5
5 5 7 7 7
123.78 4 5 5 5
6 7 7 124.03 4
5 5 5 6 6
7 124.36 4 5 5
5 6 6 6 99.54
4 5 5 5 5
7 7 123.61 4 5
5 5 5 6 7
124.06 4 5 5 5
5 6 6 99.08 4
5 5 5 5 5
7 123.45 4 5 5
5 5 5 6 99.09
4 5 5 5 5
5 5 74.56 4 4
7 7 7 7 7
99.21 4 4 6 7
7 7 7 99.09 4
4 6 6 7 7
7 99.43 4 4 6
6 6 7 7 99.48
4 4 6 6 6
6 7 98.97 4 4
6 6 6 6 6
99.11 4 4 5 7
7 7 7 123.03 4
4 5 6 7 7
7 123.61 4 4 5
6 6 7 7 123.97
4 4 5 6 6
6 7 124.11 4 4
5 6 6 6 6
99.08 4 4 5 5
7 7 7 123.48 4
4 5 5 6 7
7 123.51 4 4 5
5 6 6 7 123.81
4 4 5 5 6
6 6 99.47 4 4
5 5 5 7 7
124.06 4 4 5 5
5 6 7 123.99 4
4 5 5 5 6
6 99.52 4 4 5
5 5 5 7 123.92
4 4 5 5 5
5 6 99.11 4 4
5 5 5 5 5
74.95 4 4 4 7
7 7 7 99.58 4
4 4 6 7 7
7 99.31 4 4 4
6 6 7 7 99.95
4 4 4 6 6
6 7 99.98 4 4
4 6 6 6 6
99.58 4 4 4 5
7 7 7 123.73 4
4 4 5 6 7
7 123.87 4 4 4
5 6 6 7 124.5
4 4 4 5 6
6 6 99.49 4 4
4 5 5 7 7
123.93 4 4 4 5
5 6 7 124.11 4
4 4 5 5 6
6 99.98 4 4 4
5 5 5 7 124.5
4 4 4 5 5
5 6 99.98 4 4
4 5 5 5 5
74.97 4 4 4 4
7 7 7 99.49 4
4 4 4 6 7
7 99.54 4 4 4
4 6 6 7 99.93
4 4 4 4 6
6 6 99.43 4 4
4 4 5 7 7
123.79 4 4 4 4
5 6 7 124.08 4
4 4 4 5 6
6 99.45 4 4 4
4 5 5 7 123.99
4 4 4 4 5
5 6 99.94 4 4
4 4 5 5 5
74.48 4 4 4 4
4 7 7 99.09 4
4 4 4 4 6
7 98.92 4 4 4
4 4 6 6 99.05
4 4 4 4 4
5 7 123.13 4 4
4 4 4 5 6
98.99 4 4 4 4
4 5 5 74.43 4
4 4 4 4 4
7 99.04 4 4 4
4 4 4 6 98.97
4 4 4 4 4
4 5 50 4 4
4 4 4 4 4
74.54 3 7 7 7
7 7 7 98.78 3
6 7 7 7 7
7 99.02 3 6 6
7 7 7 7 99.52
3 6 6 6 7
7 7 99.03 3 6
6 6 6 7 7
99.12 3 6 6 6
6 6 7 74.39 3
6 6 6 6 6
6 98.75 3 5 7
7 7 7 7 122.7
3 5 6 7 7
7 7 123.29 3 5
6 6 7 7 7
123.58 3 5 6 6
6 7 7 123.11 3
5 6 6 6 6
7 123.27 3 5 6
6 6 6 6 99.06
3 5 5 7 7
7 7 123.32 3 5
5 6 7 7 7
123.67 3 5 5 6
6 7 7 123.84 3
5 5 6 6 6
7 123.42 3 5 5
6 6 6 6 99.49
3 5 5 5 7
7 7 123.71 3 5
5 5 6 7 7
124.03 3 5 5 5
6 6 7 124.5 3
5 5 5 6 6
6 98.86 3 5 5
5 5 7 7 123.23
3 5 5 5 5
6 7 123.78 3 5
5 5 5 6 6
99.01 3 5 5 5
5 5 7 123.37 3
5 5 5 5 5
6 74.45 3 5 5
5 5 5 5 98.6
3 4 7 7 7
7 7 123.05 3 4
6 7 7 7 7
123.29 3 4 6 6
7 7 7 123.62 3
4 6 6 6 7
7 123.02 3 4 6
6 6 6 7 123.1
3 4 6 6 6
6 6 123.21 3 4
5 7 7 7 7
147.01 3 4 5 6
7 7 7 147.3 3
4 5 6 6 7
7 147.89 3 4 5
6 6 6 7 147.14
3 4 5 6 6
6 6 123.21 3 4
5 5 7 7 7
147.42 3 4 5 5
6 7 7 147.87 3
4 5 5 6 6
7 148.15 3 4 5
5 6 6 6 123.52
3 4 5 5 5
7 7 147.8 3 4
5 5 5 6 7
147.92 3 4 5 5
5 6 6 123.39 3
4 5 5 5 5
7 147.38 3 4 5
5 5 5 6 123.26
3 4 5 5 5
5 5 99.02 3 4
4 7 7 7 7
123.39 3 4 4 6
7 7 7 123.36 3
4 4 6 6 7
7 124 3 4 4
6 6 6 7 123.51
3 4 4 6 6
6 6 123.34 3 4
4 5 7 7 7
147.42 3 4 4 5
6 7 7 147.94 3
4 4 5 6 6
7 148.18 3 4 4
5 6 6 6 123.59
3 4 4 5 5
7 7 147.86 3 4
4 5 5 6 7
148.08 3 4 4 5
5 6 6 124.02 3
4 4 5 5 5
7 147.9 3 4 4
5 5 5 6 123.53
3 4 4 5 5
5 5 99.49 3 4
4 4 7 7 7
123.93 3 4 4 4
6 7 7 123.95 3
4 4 4 6 6
7 124.42 3 4 4
4 6 6 6 123.7
3 4 4 4 5
7 7 147.73 3 4
4 4 5 6 7
148.04 3 4 4 4
5 6 6 123.92 3
4 4 4 5 5
7 148.22 3 4 4
4 5 5 6 124.48
3 4 4 4 5
5 5 99.52 3 4
4 4 4 7 7
124.02 3 4 4 4
4 6 7 123.86 3
4 4 4 4 6
6 123.9 3 4 4
4 4 5 7 147.88
3 4 4 4 4
5 6 123.85 3 4
4 4 4 5 5
99.08 3 4 4 4
4 4 7 123.31 3
4 4 4 4 4
6 123.37 3 4 4
4 4 4 5 98.99
3 4 4 4 4
4 4 74.59 3 3
7 7 7 7 7
99 3 3 6 7
7 7 7 98.85 3
3 6 6 7 7
7 99.07 3 3 6
6 6 7 7 99.02
3 3 6 6 6
6 7 74.54 3 3
6 6 6 6 6
98.97 3 3 5 7
7 7 7 123.26 3
3 5 6 7 7
7 123.2 3 3 5
6 6 7 7 123.6
3 3 5 6 6
6 7 123.42 3 3
5 6 6 6 6
99.13 3 3 5 5
7 7 7 123.27 3
3 5 5 6 7
7 123.41 3 3 5
5 6 6 7 123.53
3 3 5 5 6
6 6 98.93 3 3
5 5 5 7 7
123.53 3 3 5 5
5 6 7 123.31 3
3 5 5 5 6
6 98.89 3 3 5
5 5 5 7 123.67
3 3 5 5 5
5 6 74.43 3 3
5 5 5 5 5
98.94 3 3 4 7
7 7 7 123.24 3
3 4 6 7 7
7 123.64 3 3 4
6 6 7 7 123.56
3 3 4 6 6
6 7 123.59 3 3
4 6 6 6 6
123.54 3 3 4 5
7 7 7 147.66 3
3 4 5 6 7
7 147.66 3 3 4
5 6 6 7 147.94
3 3 4 5 6
6 6 123.39 3 3
4 5 5 7 7
147.98 3 3 4 5
5 6 7 147.85 3
3 4 5 5 6
6 123.53 3 3 4
5 5 5 7 147.88
3 3 4 5 5
5 6 123.45 3 3
4 5 5 5 5
98.91 3 3 4 4
7 7 7 123.6 3
3 4 4 6 7
7 123.59 3 3 4
4 6 6 7 123.56
3 3 4 4 6
6 6 123.58 3 3
4 4 5 7 7
148.08 3 3 4 4
5 6 7 147.86 3
3 4 4 5 6
6 123.4 3 3 4
4 5 5 7 147.89
3 3 4 4 5
5 6 123.53 3 3
4 4 5 5 5
99.58 3 3 4 4
4 7 7 123.87 3
3 4 4 4 6
7 123.9 3 3 4
4 4 6 6 123.77
3 3 4 4 4
5 7 148.32 3 3
4 4 4 5 6
123.86 3 3 4 4
4 5 5 99.58 3
3 4 4 4 4
7 123.93 3 3 4
4 4 4 6 123.91
3 3 4 4 4
4 5 98.92 3 3
4 4 4 4 4
74.97 3 3 3 7
7 7 7 99.51 3
3 3 6 7 7
7 98.88 3 3 3
6 6 7 7 99.53
3 3 3 6 6
6 7 74.99 3 3
3 6 6 6 6
99.51 3 3 3 5
7 7 7 123.81 3
3 3 5 6 7
7 123.44 3 3 3
5 6 6 7 124.16
3 3 3 5 6
6 6 98.8 3 3
3 5 5 7 7
123.36 3 3 3 5
5 6 7 123.21 3
3 3 5 5 6
6 99.51 3 3 3
5 5 5 7 124.01
3 3 3 5 5
5 6 74.98 3 3
3 5 5 5 5
99.44 3 3 3 4
7 7 7 124.05 3
3 3 4 6 7
7 123.42 3 3 3
4 6 6 7 123.94
3 3 3 4 6
6 6 123.94 3 3
3 4 5 7 7
148.06 3 3 3 4
5 6 7 148.06 3
3 3 4 5 6
6 123.41 3 3 3
4 5 5 7 147.73
3 3 3 4 5
5 6 124.12 3 3
3 4 5 5 5
99.47 3 3 3 4
4 7 7 123.96 3
3 3 4 4 6
7 123.37 3 3 3
4 4 6 6 124.01
3 3 3 4 4
5 7 148.35 3 3
3 4 4 5 6
123.38 3 3 3 4
4 5 5 99.92 3
3 3 4 4 4
7 124.33 3 3 3
4 4 4 6 124.54
3 3 3 4 4
4 5 99.94 3 3
3 4 4 4 4
74.97 3 3 3 3
7 7 7 99 3
3 3 3 6 7
7 98.92 3 3 3
3 6 6 7 74.97
3 3 3 3 6
6 6 98.96 3 3
3 3 5 7 7
123.11 3 3 3 3
5 6 7 122.93 3
3 3 3 5 6
6 99.25 3 3 3
3 5 5 7 123.26
3 3 3 3 5
5 6 74.96 3 3
3 3 5 5 5
99.53 3 3 3 3
4 7 7 123.51 3
3 3 3 4 6
7 123.16 3 3 3
3 4 6 6 123.4
3 3 3 3 4
5 7 147.49 3 3
3 3 4 5 6
123.61 3 3 3 3
4 5 5 99.49 3
3 3 3 4 4
7 123.4 3 3 3
3 4 4 6 123.39
3 3 3 3 4
4 5 99.92 3 3
3 3 4 4 4
74.37 3 3 3 3
3 7 7 98.84 3
3 3 3 3 6
7 74.48 3 3 3
3 3 6 6 98.71
3 3 3 3 3
5 7 123.16 3 3
3 3 3 5 6
74.55 3 3 3 3
3 5 5 98.98 3
3 3 3 3 4
7 123.2 3 3 3
3 3 4 6 123.45
3 3 3 3 3
4 5 99.09 3 3
3 3 3 4 4
74.55 3 3 3 3
3 3 7 74.56 3
3 3 3 3 3
6 74.54 3 3 3
3 3 3 5 99.01
3 3 3 3 3
3 4 50 3 3
3 3 3 3 3
74.45 2 7 7 7
7 7 7 98.87 2
6 7 7 7 7
7 99.06 2 6 6
7 7 7 7 99.47
2 6 6 6 7
7 7 99.05 2 6
6 6 6 7 7
99.01 2 6 6 6
6 6 7 74.58 2
6 6 6 6 6
6 98.76 2 5 7
7 7 7 7 123.07
2 5 6 7 7
7 7 123.21 2 5
6 6 7 7 7
123.69 2 5 6 6
6 7 7 123.09 2
5 6 6 6 6
7 123.29 2 5 6
6 6 6 6 98.95
2 5 5 7 7
7 7 123.33 2 5
5 6 7 7 7
123.39 2 5 5 6
6 7 7 124.04 2
5 5 6 6 6
7 123.53 2 5 5
6 6 6 6 99.41
2 5 5 5 7
7 7 123.88 2 5
5 5 6 7 7
124.02 2 5 5 5
6 6 7 124.33 2
5 5 5 6 6
6 99.23 2 5 5
5 5 7 7 123.59
2 5 5 5 5
6 7 124.01 2 5
5 5 5 6 6
99.11 2 5 5 5
5 5 7 123.24 2
5 5 5 5 5
6 98.97 2 5 5
5 5 5 5 98.68
2 4 7 7 7
7 7 122.87 2 4
6 7 7 7 7
123.39 2 4 6 6
7 7 7 123.52 2
4 6 6 6 7
7 123.22 2 4 6
6 6 6 7 123.39
2 4 6 6 6
6 6 122.96 2 4
5 7 7 7 7
147.09 2 4 5 6
7 7 7 147.46 2
4 5 6 6 7
7 147.9 2 4 5
6 6 6 7 147.29
2 4 5 6 6
6 6 123.19 2 4
5 5 7 7 7
147.23 2 4 5 5
6 7 7 147.8 2
4 5 5 6 6
7 148.18 2 4 5
5 6 6 6 123.77
2 4 5 5 5
7 7 147.59 2 4
5 5 5 6 7
148.13 2 4 5 5
5 6 6 123.8 2
4 5 5 5 5
7 147.93 2 4 5
5 5 5 6 123.24
2 4 5 5 5
5 5 98.88 2 4
4 7 7 7 7
123.09 2 4 4 6
7 7 7 123.22 2
4 4 6 6 7
7 123.95 2 4 4
6 6 6 7 123.49
2 4 4 6 6
6 6 123.34 2 4
4 5 7 7 7
147.59 2 4 4 5
6 7 7 147.57 2
4 4 5 6 6
7 148.21 2 4 4
5 6 6 6 123.36
2 4 4 5 5
7 7 147.86 2 4
4 5 5 6 7
148.07 2 4 4 5
5 6 6 123.81 2
4 4 5 5 5
7 148.06 2 4 4
5 5 5 6 124.05
2 4 4 5 5
5 5 99.42 2 4
4 4 7 7 7
123.68 2 4 4 4
6 7 7 123.88 2
4 4 4 6 6
7 124.51 2 4 4
4 6 6 6 123.63
2 4 4 4 5
7 7 147.87 2 4
4 4 5 6 7
148.11 2 4 4 4
5 6 6 124.27 2
4 4 4 5 5
7 148.37 2 4 4
4 5 5 6 124.47
2 4 4 4 5
5 5 99.22 2 4
4 4 4 7 7
123.12 2 4 4 4
4 6 7 123.52 2
4 4 4 4 6
6 123.27 2 4 4
4 4 5 7 147.35
2 4 4 4 4
5 6 123.6 2 4
4 4 4 5 5
98.93 2 4 4 4
4 4 7 123.03 2
4 4 4 4 4
6 123.45 2 4 4
4 4 4 5 74.53
2 4 4 4 4
4 4 122.87 2 3
7 7 7 7 7
122.81 2 3 6 7
7 7 7 123.78 2
3 6 6 7 7
7 123.23 2 3 6
6 6 7 7 123.37
2 3 6 6 6
6 7 98.77 2 3
6 6 6 6 6
147.3 2 3 5 7
7 7 7 147.1 2
3 5 6 7 7
7 147.9 2 3 5
6 6 7 7 147.64
2 3 5 6 6
6 7 147.5 2 3
5 6 6 6 6
147.48 2 3 5 5
7 7 7 147.49 2
3 5 5 6 7
7 148.15 2 3 5
5 6 6 7 147.95
2 3 5 5 6
6 6 147.89 2 3
5 5 5 7 7
148.01 2 3 5 5
5 6 7 148.73 2
3 5 5 5 6
6 147.81 2 3 5
5 5 5 7 147.28
2 3 5 5 5
5 6 147.49 2 3
5 5 5 5 5
147.14 2 3 4 7
7 7 7 147.12 2
3 4 6 7 7
7 148.23 2 3 4
6 6 7 7 147.47
2 3 4 6 6
6 7 147.55 2 3
4 6 6 6 6
171.32 2 3 4 5
7 7 7 171.58 2
3 4 5 6 7
7 172.25 2 3 4
5 6 6 7 171.59
2 3 4 5 6
6 6 171.48 2 3
4 5 5 7 7
172.04 2 3 4 5
5 6 7 172.63 2
3 4 5 5 6
6 172.11 2 3 4
5 5 5 7 172.44
2 3 4 5 5
5 6 171.67 2 3
4 5 5 5 5
147.73 2 3 4 4
7 7 7 147.36 2
3 4 4 6 7
7 148.18 2 3 4
4 6 6 7 147.63
2 3 4 4 6
6 6 171.18 2 3
4 4 5 7 7
171.78 2 3 4 4
5 6 7 172.56 2
3 4 4 5 6
6 172.06 2 3 4
4 5 5 7 172.11
2 3 4 4 5
5 6 172.55 2 3
4 4 5 5 5
148.08 2 3 4 4
4 7 7 148.04 2
3 4 4 4 6
7 148.6 2 3 4
4 4 6 6 171.88
2 3 4 4 4
5 7 171.97 2 3
4 4 4 5 6
172.58 2 3 4 4
4 5 5 147.21 2
3 4 4 4 4
7 147.52 2 3 4
4 4 4 6 171.68
2 3 4 4 4
4 5 147.41 2 3
4 4 4 4 4
123.1 2 3 3 7
7 7 7 123.49 2
3 3 6 7 7
7 123.37 2 3 3
6 6 7 7 123.45
2 3 3 6 6
6 7 99.17 2 3
3 6 6 6 6
147.22 2 3 3 5
7 7 7 147.88 2
3 3 5 6 7
7 148.08 2 3 3
5 6 6 7 147.94
2 3 3 5 6
6 6 147.63 2 3
3 5 5 7 7
147.96 2 3 3 5
5 6 7 147.96 2
3 3 5 5 6
6 147.18 2 3 3
5 5 5 7 148.03
2 3 3 5 5
5 6 147.38 2 3
3 5 5 5 5
147.12 2 3 3 4
7 7 7 147.64 2
3 3 4 6 7
7 148.07 2 3 3
4 6 6 7 147.79
2 3 3 4 6
6 6 171.86 2 3
3 4 5 7 7
172.16 2 3 3 4
5 6 7 172.26 2
3 3 4 5 6
6 171.67 2 3 3
4 5 5 7 171.86
2 3 3 4 5
5 6 171.59 2 3
3 4 5 5 5
147.42 2 3 3 4
4 7 7 147.96 2
3 3 4 4 6
7 147.94 2 3 3
4 4 6 6 171.9
2 3 3 4 4
5 7 172.5 2 3
3 4 4 5 6
171.94 2 3 3 4
4 5 5 148.02 2
3 3 4 4 4
7 148.27 2 3 3
4 4 4 6 171.81
2 3 3 4 4
4 5 147.28 2 3
3 4 4 4 4
124.09 2 3 3 3
7 7 7 123.18 2
3 3 3 6 7
7 124.09 2 3 3
3 6 6 7 99.4
2 3 3 3 6
6 6 147.82 2 3
3 3 5 7 7
147.79 2 3 3 3
5 6 7 148.5 2
3 3 3 5 6
6 148.14 2 3 3
3 5 5 7 147.67
2 3 3 3 5
5 6 148.27 2 3
3 3 5 5 5
147.8 2 3 3 3
4 7 7 147.79 2
3 3 3 4 6
7 148.42 2 3 3
3 4 6 6 172.6
2 3 3 3 4
5 7 171.99 2 3
3 3 4 5 6
172 2 3 3 3
4 5 5 148.28 2
3 3 3 4 4
7 148.12 2 3 3
3 4 4 6 172.69
2 3 3 3 4
4 5 149.02 2 3
3 3 4 4 4
123.7 2 3 3 3
3 7 7 123.55 2
3 3 3 3 6
7 99.41 2 3 3
3 3 6 6 147.45
2 3 3 3 3
5 7 147.4 2 3
3 3 3 5 6
147.51 2 3 3 3
3 5 5 147.78 2
3 3 3 3 4
7 147.88 2 3 3
3 3 4 6 171.63
2 3 3 3 3
4 5 147.82 2 3
3 3 3 4 4
123.24 2 3 3 3
3 3 7 99.07 2
3 3 3 3 3
6 147.69 2 3 3
3 3 3 5 147.35
2 3 3 3 3
3 4 99.11 2 3
3 3 3 3 3
74.52 2 2 7 7
7 7 7 98.97 2
2 6 7 7 7
7 98.9 2 2 6
6 7 7 7 98.91
2 2 6 6 6
7 7 98.89 2 2
6 6 6 6 7
74.46 2 2 6 6
6 6 6 99.05 2
2 5 7 7 7
7 123.52 2 2 5
6 7 7 7 123.68
2 2 5 6 6
7 7 123.35 2 2
5 6 6 6 7
123.38 2 2 5 6
6 6 6 98.86 2
2 5 5 7 7
7 123.68 2 2 5
5 6 7 7 123.48
2 2 5 5 6
6 7 123.58 2 2
5 5 6 6 6
99.49 2 2 5 5
5 7 7 124.02 2
2 5 5 5 6
7 123.86 2 2 5
5 5 6 6 99.5
2 2 5 5 5
5 7 124.11 2 2
5 5 5 5 6
99.05 2 2 5 5
5 5 5 99.03 2
2 4 7 7 7
7 123.21 2 2 4
6 7 7 7 123.41
2 2 4 6 6
7 7 123.61 2 2
4 6 6 6 7
123.52 2 2 4 6
6 6 6 123.34 2
2 4 5 7 7
7 147.57 2 2 4
5 6 7 7 147.8
2 2 4 5 6
6 7 147.86 2 2
4 5 6 6 6
123.55 2 2 4 5
5 7 7 147.72 2
2 4 5 5 6
7 148.21 2 2 4
5 5 6 6 124.14
2 2 4 5 5
5 7 148.26 2 2
4 5 5 5 6
123.81 2 2 4 5
5 5 5 98.9 2
2 4 4 7 7
7 123.62 2 2 4
4 6 7 7 123.53
2 2 4 4 6
6 7 123.35 2 2
4 4 6 6 6
123.66 2 2 4 4
5 7 7 148.05 2
2 4 4 5 6
7 147.69 2 2 4
4 5 6 6 123.42
2 2 4 4 5
5 7 147.98 2 2
4 4 5 5 6
123.95 2 2 4 4
5 5 5 99.06 2
2 4 4 4 7
7 123.51 2 2 4
4 4 6 7 123.37
2 2 4 4 4
6 6 123.46 2 2
4 4 4 5 7
147.8 2 2 4 4
4 5 6 123.49 2
2 4 4 4 5
5 99.16 2 2 4
4 4 4 7 123.6
2 2 4 4 4
4 6 123.39 2 2
4 4 4 4 5
74.52 2 2 4 4
4 4 4 122.9 2
2 3 7 7 7
7 123.6 2 2 3
6 7 7 7 123.39
2 2 3 6 6
7 7 123.43 2 2
3 6 6 6 7
99.01 2 2 3 6
6 6 6 147.87 2
2 3 5 7 7
7 147.57 2 2 3
5 6 7 7 147.57
2 2 3 5 6
6 7 147.58 2 2
3 5 6 6 6
147.5 2 2 3 5
5 7 7 147.88 2
2 3 5 5 6
7 148.02 2 2 3
5 5 6 6 147.86
2 2 3 5 5
5 7 148.51 2 2
3 5 5 5 6
147.4 2 2 3 5
5 5 5 147.51 2
2 3 4 7 7
7 148.02 2 2 3
4 6 7 7 147.99
2 2 3 4 6
6 7 148.03 2 2
3 4 6 6 6
171.56 2 2 3 4
5 7 7 172.09 2
2 3 4 5 6
7 172.43 2 2 3
4 5 6 6 171.72
2 2 3 4 5
5 7 172.65 2 2
3 4 5 5 6
172.17 2 2 3 4
5 5 5 147.51 2
2 3 4 4 7
7 147.94 2 2 3
4 4 6 7 147.72
2 2 3 4 4
6 6 171.74 2 2
3 4 4 5 7
172.45 2 2 3 4
4 5 6 172.25 2
2 3 4 4 5
5 147.4 2 2 3
4 4 4 7 147.85
2 2 3 4 4
4 6 172.17 2 2
3 4 4 4 5
147.28 2 2 3 4
4 4 4 123.2 2
2 3 3 7 7
7 123.49 2 2 3
3 6 7 7 123.43
2 2 3 3 6
6 7 98.85 2 2
3 3 6 6 6
147.45 2 2 3 3
5 7 7 148.06 2
2 3 3 5 6
7 148 2 2 3
3 5 6 6 147.48
2 2 3 3 5
5 7 147.97 2 2
3 3 5 5 6
147.2 2 2 3 3
5 5 5 147.56 2
2 3 3 4 7
7 147.77 2 2 3
3 4 6 7 147.8
2 2 3 3 4
6 6 171.56 2 2
3 3 4 5 7
172.37 2 2 3 3
4 5 6 171.99 2
2 3 3 4 5
5 147.39 2 2 3
3 4 4 7 147.97
2 2 3 3 4
4 6 171.75 2 2
3 3 4 4 5
147.59 2 2 3 3
4 4 4 123.45 2
2 3 3 3 7
7 123.94 2 2 3
3 3 6 7 99.52
2 2 3 3 3
6 6 148.1 2 2
3 3 3 5 7
148.41 2 2 3 3
3 5 6 147.54 2
2 3 3 3 5
5 147.93 2 2 3
3 3 4 7 148.48
2 2 3 3 3
4 6 172.84 2 2
3 3 3 4 5
148.11 2 2 3 3
3 4 4 123.51 2
2 3 3 3 3
7 99.59 2 2 3
3 3 3 6 147.56
2 2 3 3 3
3 5 147.9 2 2
3 3 3 3 4
99.02 2 2 3 3
3 3 3 74.95 2
2 2 7 7 7
7 99.44 2 2 2
6 7 7 7 98.95
2 2 2 6 6
7 7 99.4 2 2
2 6 6 6 7
74.97 2 2 2 6
6 6 6 99.51 2
2 2 5 7 7
7 124.09 2 2 2
5 6 7 7 123.47
2 2 2 5 6
6 7 123.76 2 2
2 5 6 6 6
99.39 2 2 2 5
5 7 7 123.93 2
2 2 5 5 6
7 123.47 2 2 2
5 5 6 6 99.95
2 2 2 5 5
5 7 124.41 2 2
2 5 5 5 6
99.95 2 2 2 5
5 5 5 99.51 2
2 2 4 7 7
7 123.72 2 2 2
4 6 7 7 123.42
2 2 2 4 6
6 7 124.06 2 2
2 4 6 6 6
123.93 2 2 2 4
5 7 7 148.14 2
2 2 4 5 6
7 148.07 2 2 2
4 5 6 6 123.98
2 2 2 4 5
5 7 148.16 2 2
2 4 5 5 6
124.57 2 2 2 4
5 5 5 98.89 2
2 2 4 4 7
7 123.56 2 2 2
4 4 6 7 122.9
2 2 2 4 4
6 6 123.47 2 2
2 4 4 5 7
147.61 2 2 2 4
4 5 6 123.23 2
2 2 4 4 5
5 99.52 2 2 2
4 4 4 7 124.12
2 2 2 4 4
4 6 123.92 2 2
2 4 4 4 5
74.95 2 2 2 4
4 4 4 123.98 2
2 2 3 7 7
7 123.36 2 2 2
3 6 7 7 123.93
2 2 2 3 6
6 7 99.4 2 2
2 3 6 6 6
148.37 2 2 2 3
5 7 7 147.54 2
2 2 3 5 6
7 148.25 2 2 2
3 5 6 6 148.31
2 2 2 3 5
5 7 147.89 2 2
2 3 5 5 6
148.92 2 2 2 3
5 5 5 148.4 2
2 2 3 4 7
7 147.85 2 2 2
3 4 6 7 148.48
2 2 2 3 4
6 6 172.41 2 2
2 3 4 5 7
172 2 2 2 3
4 5 6 172.57 2
2 2 3 4 5
5 148.07 2 2 2
3 4 4 7 147.54
2 2 2 3 4
4 6 172.35 2 2
2 3 4 4 5
148.28 2 2 2 3
4 4 4 123.28 2
2 2 3 3 7
7 123.98 2 2 2
3 3 6 7 99.52
2 2 2 3 3
6 6 147.86 2 2
2 3 3 5 7
148.53 2 2 2 3
3 5 6 147.85 2
2 2 3 3 5
5 147.92 2 2 2
3 3 4 7 148.37
2 2 2 3 3
4 6 172.5 2 2
2 3 3 4 5
147.48 2 2 2 3
3 4 4 124.58 2
2 2 3 3 3
7 99.98 2 2 2
3 3 3 6 148.94
2 2 2 3 3
3 5 148.77 2 2
2 3 3 3 4
99.96 2 2 2 3
3 3 3 75 2
2 2 2 7 7
7 98.9 2 2 2
2 6 7 7 98.82
2 2 2 2 6
6 7 74.93 2 2
2 2 6 6 6
99.55 2 2 2 2
5 7 7 123.44 2
2 2 2 5 6
7 123.43 2 2 2
2 5 6 6 99.46
2 2 2 2 5
5 7 123.4 2 2
2 2 5 5 6
99.95 2 2 2 2
5 5 5 99.05 2
2 2 2 4 7
7 122.84 2 2 2
2 4 6 7 122.88
2 2 2 2 4
6 6 123.32 2 2
2 2 4 5 7
147.43 2 2 2 2
4 5 6 123.57 2
2 2 2 4 5
5 98.94 2 2 2
2 4 4 7 122.89
2 2 2 2 4
4 6 123.6 2 2
2 2 4 4 5
74.99 2 2 2 2
4 4 4 123.52 2
2 2 2 3 7
7 123.38 2 2 2
2 3 6 7 99.56
2 2 2 2 3
6 6 147.79 2 2
2 2 3 5 7
147.64 2 2 2 2
3 5 6 148.08 2
2 2 2 3 5
5 147.41 2 2 2
2 3 4 7 147.29
2 2 2 2 3
4 6 171.52 2 2
2 2 3 4 5
147.75 2 2 2 2
3 4 4 123.53 2
2 2 2 3 3
7 99.47 2 2 2
2 3 3 6 148.04
2 2 2 2 3
3 5 147.65 2 2
2 2 3 3 4
99.91 2 2 2 2
3 3 3 74.54 2
2 2 2 2 7
7 98.91 2 2 2
2 2 6 7 74.32
2 2 2 2 2
6 6 98.93 2 2
2 2 2 5 7
123.43 2 2 2 2
2 5 6 99 2
2 2 2 2 5
5 98.93 2 2 2
2 2 4 7 123.01
2 2 2 2 2
4 6 123.2 2 2
2 2 2 4 5
74.41 2 2 2 2
2 4 4 123.47 2
2 2 2 2 3
7 98.96 2 2 2
2 2 3 6 147.34
2 2 2 2 2
3 5 147.5 2 2
2 2 2 3 4
99.16 2 2 2 2
2 3 3 74.5 2
2 2 2 2 2
7 74.57 2 2 2
2 2 2 6 99.23
2 2 2 2 2
2 5 74.59 2 2
2 2 2 2 4
98.84 2 2 2 2
2 2 3 50 2
2 2 2 2 2
2 74.55 1 7 7
7 7 7 7 98.66
1 6 7 7 7
7 7 98.99 1 6
6 7 7 7 7
99.55 1 6 6 6
7 7 7 99.52 1
6 6 6 6 7
7 98.96 1 6 6
6 6 6 7 98.99
1 6 6 6 6
6 6 98.95 1 5
7 7 7 7 7
123.03 1 5 6 7
7 7 7 123.28 1
5 6 6 7 7
7 123.72 1 5 6
6 6 7 7 123.83
1 5 6 6 6
6 7 123.16 1 5
6 6 6 6 6
99.11 1 5 5 7
7 7 7 123.22 1
5 5 6 7 7
7 123.39 1 5 5
6 6 7 7 123.92
1 5 5 6 6
6 7 123.79 1 5
5 6 6 6 6
99.46 1 5 5 5
7 7 7 123.71 1
5 5 5 6 7
7 123.84 1 5 5
5 6 6 7 124.5
1 5 5 5 6
6 6 98.9 1 5
5 5 5 7 7
123.26 1 5 5 5
5 6 7 123.49 1
5 5 5 5 6
6 99.05 1 5 5
5 5 5 7 123.34
1 5 5 5 5
5 6 74.49 1 5
5 5 5 5 5
98.83 1 4 7 7
7 7 7 122.92 1
4 6 7 7 7
7 123.32 1 4 6
6 7 7 7 123.87
1 4 6 6 6
7 7 123.61 1 4
6 6 6 6 7
123.25 1 4 6 6
6 6 6 122.81 1
4 5 7 7 7
7 147.24 1 4 5
6 7 7 7 147.22
1 4 5 6 6
7 7 147.55 1 4
5 6 6 6 7
147.92 1 4 5 6
6 6 6 123.35 1
4 5 5 7 7
7 147.56 1 4 5
5 6 7 7 147.62
1 4 5 5 6
6 7 148.16 1 4
5 5 6 6 6
123.81 1 4 5 5
5 7 7 148.04 1
4 5 5 5 6
7 148.07 1 4 5
5 5 6 6 123.09
1 4 5 5 5
5 7 147.64 1 4
5 5 5 5 6
123.34 1 4 5 5
5 5 5 98.98 1
4 4 7 7 7
7 123.31 1 4 4
6 7 7 7 123.36
1 4 4 6 6
7 7 123.97 1 4
4 6 6 6 7
123.77 1 4 4 6
6 6 6 123.26 1
4 4 5 7 7
7 147.64 1 4 4
5 6 7 7 147.63
1 4 4 5 6
6 7 148.63 1 4
4 5 6 6 6
123.74 1 4 4 5
5 7 7 147.5 1
4 4 5 5 6
7 147.8 1 4 4
5 5 6 6 124.11
1 4 4 5 5
5 7 148.16 1 4
4 5 5 5 6
123.25 1 4 4 5
5 5 5 99.56 1
4 4 4 7 7
7 123.8 1 4 4
4 6 7 7 123.97
1 4 4 4 6
6 7 124.41 1 4
4 4 6 6 6
123.6 1 4 4 4
5 7 7 147.89 1
4 4 4 5 6
7 148.22 1 4 4
4 5 6 6 123.74
1 4 4 4 5
5 7 148.48 1 4
4 4 5 5 6
124.32 1 4 4 4
5 5 5 99.13 1
4 4 4 4 7
7 123.45 1 4 4
4 4 6 7 123.45
1 4 4 4 4
6 6 123.36 1 4
4 4 4 5 7
147.77 1 4 4 4
4 5 6 123.63 1
4 4 4 4 5
5 99.11 1 4 4
4 4 4 7 123.17
1 4 4 4 4
4 6 123.39 1 4
4 4 4 4 5
74.51 1 4 4 4
4 4 4 122.82 1
3 7 7 7 7
7 146.97 1 3 6
7 7 7 7 147.41
1 3 6 6 7
7 7 147.92 1 3
6 6 6 7 7
147.57 1 3 6 6
6 6 7 147.75 1
3 6 6 6 6
6 123.08 1 3 5
7 7 7 7 147.39
1 3 5 6 7
7 7 147.05 1 3
5 6 6 7 7
148.1 1 3 5 6
6 6 7 147.7 1
3 5 6 6 6
6 123.76 1 3 5
5 7 7 7 147.96
1 3 5 5 6
7 7 147.84 1 3
5 5 6 6 7
148.59 1 3 5 5
6 6 6 123.27 1
3 5 5 5 7
7 147.51 1 3 5
5 5 6 7 147.94
1 3 5 5 5
6 6 123.16 1 3
5 5 5 5 7
147.75 1 3 5 5
5 5 6 98.71 1
3 5 5 5 5
5 147.11 1 3 4
7 7 7 7 171.05
1 3 4 6 7
7 7 171.59 1 3
4 6 6 7 7
172.23 1 3 4 6
6 6 7 171.23 1
3 4 6 6 6
6 147.43 1 3 4
5 7 7 7 171.4
1 3 4 5 6
7 7 171.56 1 3
4 5 6 6 7
172.35 1 3 4 5
6 6 6 147.97 1
3 4 5 5 7
7 171.89 1 3 4
5 5 6 7 172.39
1 3 4 5 5
6 6 147.45 1 3
4 5 5 5 7
171.76 1 3 4 5
5 5 6 147.29 1
3 4 5 5 5
5 147.2 1 3 4
4 7 7 7 171.66
1 3 4 4 6
7 7 171.94 1 3
4 4 6 6 7
172.38 1 3 4 4
6 6 6 147.31 1
3 4 4 5 7
7 171.79 1 3 4
4 5 6 7 171.62
1 3 4 4 5
6 6 148.12 1 3
4 4 5 5 7
172.56 1 3 4 4
5 5 6 147.76 1
3 4 4 5 5
5 148.09 1 3 4
4 4 7 7 172.08
1 3 4 4 4
6 7 171.96 1 3
4 4 4 6 6
147.79 1 3 4 4
4 5 7 172.09 1
3 4 4 4 5
6 148.64 1 3 4
4 4 5 5 147.71
1 3 4 4 4
4 7 171.53 1 3
4 4 4 4 6
147.61 1 3 4 4
4 4 5 147.64 1
3 4 4 4 4
4 123.25 1 3 3
7 7 7 7 147.43
1 3 3 6 7
7 7 147.54 1 3
3 6 6 7 7
147.55 1 3 3 6
6 6 7 147.39 1
3 3 6 6 6
6 123.59 1 3 3
5 7 7 7 147.98
1 3 3 5 6
7 7 147.74 1 3
3 5 6 6 7
148 1 3 3 5
6 6 6 123.26 1
3 3 5 5 7
7 147.95 1 3 3
5 5 6 7 147.99
1 3 3 5 5
6 6 123.53 1 3
3 5 5 5 7
148.01 1 3 3 5
5 5 6 98.85 1
3 3 5 5 5
5 147.33 1 3 3
4 7 7 7 171.81
1 3 3 4 6
7 7 171.26 1 3
3 4 6 6 7
171.62 1 3 3 4
6 6 6 147.61 1
3 3 4 5 7
7 171.99 1 3 3
4 5 6 7 172.08
1 3 3 4 5
6 6 147.73 1 3
3 4 5 5 7
172.09 1 3 3 4
5 5 6 148.08 1
3 3 4 5 5
5 147.83 1 3 3
4 4 7 7 171.5
1 3 3 4 4
6 7 171.91 1 3
3 4 4 6 6
148.04 1 3 3 4
4 5 7 172.18 1
3 3 4 4 5
6 148.06 1 3 3
4 4 5 5 148.02
1 3 3 4 4
4 7 172.37 1 3
3 4 4 4 6
148.4 1 3 3 4
4 4 5 147.55 1
3 3 4 4 4
4 123.88 1 3 3
3 7 7 7 148.21
1 3 3 3 6
7 7 148.24 1 3
3 3 6 6 7
148.35 1 3 3 3
6 6 6 123.52 1
3 3 3 5 7
7 148.02 1 3 3
3 5 6 7 147.62
1 3 3 3 5
6 6 123.95 1 3
3 3 5 5 7
148.48 1 3 3 3
5 5 6 99.56 1
3 3 3 5 5
5 148.44 1 3 3
3 4 7 7 172.65
1 3 3 3 4
6 7 172.39 1 3
3 3 4 6 6
147.53 1 3 3 3
4 5 7 172.31 1
3 3 3 4 5
6 148.39 1 3 3
3 4 5 5 148.48
1 3 3 3 4
4 7 172.63 1 3
3 3 4 4 6
147.83 1 3 3 3
4 4 5 148.86 1
3 3 3 4 4
4 123.58 1 3 3
3 3 7 7 147.5
1 3 3 3 3
6 7 147.63 1 3
3 3 3 6 6
123.49 1 3 3 3
3 5 7 147.64 1
3 3 3 3 5
6 99.59 1 3 3
3 3 5 5 147.85
1 3 3 3 3
4 7 171.95 1 3
3 3 3 4 6
147.81 1 3 3 3
3 4 5 147.87 1
3 3 3 3 4
4 123.24 1 3 3
3 3 3 7 147.56
1 3 3 3 3
3 6 99.07 1 3
3 3 3 3 5
147.56 1 3 3 3
3 3 4 99.11 1
3 3 3 3 3
3 123.07 1 2 7
7 7 7 7 146.99
1 2 6 7 7
7 7 147.41 1 2
6 6 7 7 7
148.08 1 2 6 6
6 7 7 147.52 1
2 6 6 6 6
7 147.48 1 2 6
6 6 6 6 147.1
1 2 5 7 7
7 7 171.07 1 2
5 6 7 7 7
171.62 1 2 5 6
6 7 7 172.31 1
2 5 6 6 6
7 171.36 1 2 5
6 6 6 6 147.53
1 2 5 5 7
7 7 171.64 1 2
5 5 6 7 7
171.83 1 2 5 5
6 6 7 172.65 1
2 5 5 6 6
6 147.93 1 2 5
5 5 7 7 171.92
1 2 5 5 5
6 7 172.39 1 2
5 5 5 6 6
147.21 1 2 5 5
5 5 7 171.59 1
2 5 5 5 5
6 147.51 1 2 5
5 5 5 5 122.98
1 2 4 7 7
7 7 147.19 1 2
4 6 7 7 7
147.56 1 2 4 6
6 7 7 147.98 1
2 4 6 6 6
7 147.53 1 2 4
6 6 6 6 147.04
1 2 4 5 7
7 7 171.21 1 2
4 5 6 7 7
171.35 1 2 4 5
6 6 7 172.08 1
2 4 5 6 6
6 147.47 1 2 4
5 5 7 7 171.48
1 2 4 5 5
6 7 171.8 1 2
4 5 5 6 6
147.84 1 2 4 5
5 5 7 172.13 1
2 4 5 5 5
6 147.39 1 2 4
5 5 5 5 123.4
1 2 4 4 7
7 7 147.95 1 2
4 4 6 7 7
147.92 1 2 4 4
6 6 7 148.63 1
2 4 4 6 6
6 148.15 1 2 4
4 5 7 7 172.49
1 2 4 4 5
6 7 172.33 1 2
4 4 5 6 6
148.03 1 2 4 4
5 5 7 172.28 1
2 4 4 5 5
6 148.73 1 2 4
4 5 5 5 122.96
1 2 4 4 4
7 7 147.58 1 2
4 4 4 6 7
147.82 1 2 4 4
4 6 6 147.78 1
2 4 4 4 5
7 171.59 1 2 4
4 4 5 6 147.95
1 2 4 4 4
5 5 123.33 1 2
4 4 4 4 7
147.42 1 2 4 4
4 4 6 147.65 1
2 4 4 4 4
5 98.58 1 2 4
4 4 4 4 194.81
1 2 3 7 7
7 7 195.28 1 2
3 6 7 7 7
195.66 1 2 3 6
6 7 7 195.5 1
2 3 6 6 6
7 195.89 1 2 3
6 6 6 6 195.33
1 2 3 5 7
7 7 195.92 1 2
3 5 6 7 7
196.18 1 2 3 5
6 6 7 195.47 1
2 3 5 6 6
6 195.75 1 2 3
5 5 7 7 196.23
1 2 3 5 5
6 7 196.94 1 2
3 5 5 6 6
195.66 1 2 3 5
5 5 7 195.97 1
2 3 5 5 5
6 195.51 1 2 3
5 5 5 5 195.43
1 2 3 4 7
7 7 195.78 1 2
3 4 6 7 7
196.05 1 2 3 4
6 6 7 196.16 1
2 3 4 6 6
6 195.42 1 2 3
4 5 7 7 195.45
1 2 3 4 5
6 7 196.23 1 2
3 4 5 6 6
196.07 1 2 3 4
5 5 7 196.53 1
2 3 4 5 5
6 195.31 1 2 3
4 5 5 5 196.11
1 2 3 4 4
7 7 196.34 1 2
3 4 4 6 7
196.95 1 2 3 4
4 6 6 196.5 1
2 3 4 4 5
7 196.22 1 2 3
4 4 5 6 196.76
1 2 3 4 4
5 5 195.23 1 2
3 4 4 4 7
195.82 1 2 3 4
4 4 6 195.18 1
2 3 4 4 4
5 195.55 1 2 3
4 4 4 4 195.58
1 2 3 3 7
7 7 196.14 1 2
3 3 6 7 7
195.73 1 2 3 3
6 6 7 196.2 1
2 3 3 6 6
6 196.01 1 2 3
3 5 7 7 196.34
1 2 3 3 5
6 7 196.36 1 2
3 3 5 6 6
196.23 1 2 3 3
5 5 7 196.52 1
2 3 3 5 5
6 196.09 1 2 3
3 5 5 5 195.4
1 2 3 3 4
7 7 196.15 1 2
3 3 4 6 7
195.67 1 2 3 3
4 6 6 195.82 1
2 3 3 4 5
7 196.35 1 2 3
3 4 5 6 196.01
1 2 3 3 4
5 5 195.78 1 2
3 3 4 4 7
196.54 1 2 3 3
4 4 6 196.84 1
2 3 3 4 4
5 195.59 1 2 3
3 4 4 4 196.71
1 2 3 3 3
7 7 196.34 1 2
3 3 3 6 7
196.99 1 2 3 3
3 6 6 196.25 1
2 3 3 3 5
7 196.13 1 2 3
3 3 5 6 196.93
1 2 3 3 3
5 5 196.51 1 2
3 3 3 4 7
196.6 1 2 3 3
3 4 6 196.31 1
2 3 3 3 4
5 197 1 2 3
3 3 4 4 195.98
1 2 3 3 3
3 7 195.54 1 2
3 3 3 3 6
196.2 1 2 3 3
3 3 5 196.24 1
2 3 3 3 3
4 195.69 1 2 3
3 3 3 3 122.78
1 2 2 7 7
7 7 147.14 1 2
2 6 7 7 7
147.57 1 2 2 6
6 7 7 147.39 1
2 2 6 6 6
7 147.4 1 2 2
6 6 6 6 147.33
1 2 2 5 7
7 7 171.45 1 2
2 5 6 7 7
171.99 1 2 2 5
6 6 7 171.56 1
2 2 5 6 6
6 147.53 1 2 2
5 5 7 7 172.03
1 2 2 5 5
6 7 171.98 1 2
2 5 5 6 6
148.06 1 2 2 5
5 5 7 172.14 1
2 2 5 5 5
6 147.19 1 2 2
5 5 5 5 123.47
1 2 2 4 7
7 7 148.13 1 2
2 4 6 7 7
147.9 1 2 2 4
6 6 7 147.92 1
2 2 4 6 6
6 147.84 1 2 2
4 5 7 7 172.18
1 2 2 4 5
6 7 172.22 1 2
2 4 5 6 6
147.96 1 2 2 4
5 5 7 172.15 1
2 2 4 5 5
6 148.33 1 2 2
4 5 5 5 123.58
1 2 2 4 4
7 7 147.69 1 2
2 4 4 6 7
148.12 1 2 2 4
4 6 6 147.63 1
2 2 4 4 5
7 171.94 1 2 2
4 4 5 6 148.02
1 2 2 4 4
5 5 123.39 1 2
2 4 4 4 7
147.89 1 2 2 4
4 4 6 147.7 1
2 2 4 4 4
5 98.97 1 2 2
4 4 4 4 195.4
1 2 2 3 7
7 7 196.08 1 2
2 3 6 7 7
195.78 1 2 2 3
6 6 7 195.84 1
2 2 3 6 6
6 195.42 1 2 2
3 5 7 7 195.96
1 2 2 3 5
6 7 195.79 1 2
2 3 5 6 6
195.71 1 2 2 3
5 5 7 196.84 1
2 2 3 5 5
6 195.67 1 2 2
3 5 5 5 196
1 2 2 3 4
7 7 196.64 1 2
2 3 4 6 7
196.84 1 2 2 3
4 6 6 195.92 1
2 2 3 4 5
7 196.06 1 2 2
3 4 5 6 196.46
1 2 2 3 4
5 5 196.28 1 2
2 3 4 4 7
196.75 1 2 2 3
4 4 6 196.02 1
2 2 3 4 4
5 196.25 1 2 2
3 4 4 4 195.58
1 2 2 3 3
7 7 195.79 1 2
2 3 3 6 7
196.21 1 2 2 3
3 6 6 195.88 1
2 2 3 3 5
7 196.35 1 2 2
3 3 5 6 195.97
1 2 2 3 3
5 5 196.2 1 2
2 3 3 4 7
196.73 1 2 2 3
3 4 6 196.64 1
2 2 3 3 4
5 195.78 1 2 2
3 3 4 4 196.52
1 2 2 3 3
3 7 196.79 1 2
2 3 3 3 6
196.49 1 2 2 3
3 3 5 196.74 1
2 2 3 3 3
4 196.17 1 2 2
3 3 3 3 124.01
1 2 2 2 7
7 7 148.1 1 2
2 2 6 7 7
147.89 1 2 2 2
6 6 7 148.65 1
2 2 2 6 6
6 148.28 1 2 2
2 5 7 7 172.74
1 2 2 2 5
6 7 172.21 1 2
2 2 5 6 6
148.48 1 2 2 2
5 5 7 172.75 1
2 2 2 5 5
6 148.84 1 2 2
2 5 5 5 123.61
1 2 2 2 4
7 7 148.01 1 2
2 2 4 6 7
147.44 1 2 2 2
4 6 6 147.82 1
2 2 2 4 5
7 172.53 1 2 2
2 4 5 6 147.82
1 2 2 2 4
5 5 124.17 1 2
2 2 4 4 7
148.5 1 2 2 2
4 4 6 148.29 1
2 2 2 4 4
5 99.51 1 2 2
2 4 4 4 196.49
1 2 2 2 3
7 7 196.48 1 2
2 2 3 6 7
196.96 1 2 2 2
3 6 6 196.69 1
2 2 2 3 5
7 196.14 1 2 2
2 3 5 6 197.18
1 2 2 2 3
5 5 196.69 1 2
2 2 3 4 7
196.25 1 2 2 2
3 4 6 196.58 1
2 2 2 3 4
5 196.75 1 2 2
2 3 4 4 196.46
1 2 2 2 3
3 7 196.99 1 2
2 2 3 3 6
196.75 1 2 2 2
3 3 5 195.81 1
2 2 2 3 3
4 197.82 1 2 2
2 3 3 3 123.55
1 2 2 2 2
7 7 147.53 1 2
2 2 2 6 7
147.61 1 2 2 2
2 6 6 147.67 1
2 2 2 2 5
7 171.62 1 2 2
2 2 5 6 148.05
1 2 2 2 2
5 5 123.5 1 2
2 2 2 4 7
147.52 1 2 2 2
2 4 6 147.83 1
2 2 2 2 4
5 99.51 1 2 2
2 2 4 4 195.84
1 2 2 2 2
3 7 195.83 1 2
2 2 2 3 6
195.97 1 2 2 2
2 3 5 196.26 1
2 2 2 2 3
4 195.8 1 2 2
2 2 3 3 123.12
1 2 2 2 2
2 7 147.73 1 2
2 2 2 2 6
147.38 1 2 2 2
2 2 5 98.89 1
2 2 2 2 2
4 195.92 1 2 2
2 2 2 3 99.02
1 2 2 2 2
2 2 74.5 1 1
7 7 7 7 7
99.11 1 1 6 7
7 7 7 98.99 1
1 6 6 7 7
7 99.45 1 1 6
6 6 7 7 99.35
1 1 6 6 6
6 7 99.1 1 1
6 6 6 6 6
98.91 1 1 5 7
7 7 7 123.48 1
1 5 6 7 7
7 123.31 1 1 5
6 6 7 7 123.96
1 1 5 6 6
6 7 123.98 1 1
5 6 6 6 6
99.04 1 1 5 5
7 7 7 123.48 1
1 5 5 6 7
7 123.26 1 1 5
5 6 6 7 124.08
1 1 5 5 6
6 6 99.08 1 1
5 5 5 7 7
123.52 1 1 5 5
5 6 7 123.57 1
1 5 5 5 6
6 98.8 1 1 5
5 5 5 7 123.66
1 1 5 5 5
5 6 74.53 1 1
5 5 5 5 5
98.95 1 1 4 7
7 7 7 123.59 1
1 4 6 7 7
7 123.56 1 1 4
6 6 7 7 123.93
1 1 4 6 6
6 7 123.89 1 1
4 6 6 6 6
123.56 1 1 4 5
7 7 7 147.76 1
1 4 5 6 7
7 147.69 1 1 4
5 6 6 7 148.2
1 1 4 5 6
6 6 123.52 1 1
4 5 5 7 7
147.59 1 1 4 5
5 6 7 147.8 1
1 4 5 5 6
6 123.5 1 1 4
5 5 5 7 148.01
1 1 4 5 5
5 6 123.55 1 1
4 5 5 5 5
99.06 1 1 4 4
7 7 7 123.48 1
1 4 4 6 7
7 123.46 1 1 4
4 6 6 7 124.11
1 1 4 4 6
6 6 123.34 1 1
4 4 5 7 7
148.11 1 1 4 4
5 6 7 148.09 1
1 4 4 5 6
6 123.54 1 1 4
4 5 5 7 148.09
1 1 4 4 5
5 6 123.38 1 1
4 4 5 5 5
99.04 1 1 4 4
4 7 7 123.58 1
1 4 4 4 6
7 123.5 1 1 4
4 4 6 6 123.37
1 1 4 4 4
5 7 147.63 1 1
4 4 4 5 6
123.48 1 1 4 4
4 5 5 98.98 1
1 4 4 4 4
7 123.5 1 1 4
4 4 4 6 123.57
1 1 4 4 4
4 5 74.44 1 1
4 4 4 4 4
123.05 1 1 3 7
7 7 7 147.37 1
1 3 6 7 7
7 147.5 1 1 3
6 6 7 7 148
1 1 3 6 6
6 7 147.4 1 1
3 6 6 6 6
123.5 1 1 3 5
7 7 7 147.54 1
1 3 5 6 7
7 148.1 1 1 3
5 6 6 7 148.39
1 1 3 5 6
6 6 123.66 1 1
3 5 5 7 7
147.53 1 1 3 5
5 6 7 147.94 1
1 3 5 5 6
6 123.25 1 1 3
5 5 5 7 147.73
1 1 3 5 5
5 6 98.99 1 1
3 5 5 5 5
147.37 1 1 3 4
7 7 7 171.88 1
1 3 4 6 7
7 171.72 1 1 3
4 6 6 7 172.25
1 1 3 4 6
6 6 148.06 1 1
3 4 5 7 7
172.01 1 1 3 4
5 6 7 172.61 1
1 3 4 5 6
6 148.15 1 1 3
4 5 5 7 171.93
1 1 3 4 5
5 6 148.01 1 1
3 4 5 5 5
147.57 1 1 3 4
4 7 7 171.67 1
1 3 4 4 6
7 171.84 1 1 3
4 4 6 6 148.03
1 1 3 4 4
5 7 172.04 1 1
3 4 4 5 6
147.84 1 1 3 4
4 5 5 147.49 1
1 3 4 4 4
7 171.66 1 1 3
4 4 4 6 148.13
1 1 3 4 4
4 5 147.48 1 1
3 4 4 4 4
123.1 1 1 3 3
7 7 7 147.48 1
1 3 3 6 7
7 147.09 1 1 3
3 6 6 7 147.35
1 1 3 3 6
6 6 123.34 1 1
3 3 5 7 7
147.81 1 1 3 3
5 6 7 147.72 1
1 3 3 5 6
6 123.46 1 1 3
3 5 5 7 148.07
1 1 3 3 5
5 6 99.05 1 1
3 3 5 5 5
147.48 1 1 3 3
4 7 7 172.1 1
1 3 3 4 6
7 172.1 1 1 3
3 4 6 6 147.9
1 1 3 3 4
5 7 172.59 1 1
3 3 4 5 6
148.03 1 1 3 3
4 5 5 147.39 1
1 3 3 4 4
7 171.52 1 1 3
3 4 4 6 147.95
1 1 3 3 4
4 5 147.54 1 1
3 3 4 4 4
123.41 1 1 3 3
3 7 7 148.12 1
1 3 3 3 6
7 147.13 1 1 3
3 3 6 6 124.13
1 1 3 3 3
5 7 148.79 1 1
3 3 3 5 6
99.58 1 1 3 3
3 5 5 147.83 1
1 3 3 3 4
7 172.05 1 1 3
3 3 4 6 148.45
1 1 3 3 3
4 5 148.22 1 1
3 3 3 4 4
123.43 1 1 3 3
3 3 7 147.51 1
1 3 3 3 3
6 99.63 1 1 3
3 3 3 5 147.75
1 1 3 3 3
3 4 98.97 1 1
3 3 3 3 3
123.13 1 1 2 7
7 7 7 147.35 1
1 2 6 7 7
7 147.26 1 1 2
6 6 7 7 147.82
1 1 2 6 6
6 7 147.14 1 1
2 6 6 6 6
147.72 1 1 2 5
7 7 7 171.28 1
1 2 5 6 7
7 171.65 1 1 2
5 6 6 7 172.15
1 1 2 5 6
6 6 147.29 1 1
2 5 5 7 7
171.65 1 1 2 5
5 6 7 172.06 1
1 2 5 5 6
6 147.55 1 1 2
5 5 5 7 171.68
1 1 2 5 5
5 6 147.57 1 1
2 5 5 5 5
123.6 1 1 2 4
7 7 7 147.95 1
1 2 4 6 7
7 147.84 1 1 2
4 6 6 7 148.73
1 1 2 4 6
6 6 147.87 1 1
2 4 5 7 7
172.06 1 1 2 4
5 6 7 172.65 1
1 2 4 5 6
6 148.01 1 1 2
4 5 5 7 172.29
1 1 2 4 5
5 6 148.05 1 1
2 4 5 5 5
123.61 1 1 2 4
4 7 7 147.67 1
1 2 4 4 6
7 147.66 1 1 2
4 4 6 6 148.06
1 1 2 4 4
5 7 172.03 1 1
2 4 4 5 6
148.03 1 1 2 4
4 5 5 123.3 1
1 2 4 4 4
7 147.82 1 1 2
4 4 4 6 148.13
1 1 2 4 4
4 5 98.95 1 1
2 4 4 4 4
195.14 1 1 2 3
7 7 7 195.45 1
1 2 3 6 7
7 195.74 1 1 2
3 6 6 7 195.73
1 1 2 3 6
6 6 195.7 1 1
2 3 5 7 7
196.21 1 1 2 3
5 6 7 196.98 1
1 2 3 5 6
6 196.39 1 1 2
3 5 5 7 195.82
1 1 2 3 5
5 6 195.8 1 1
2 3 5 5 5
195.97 1 1 2 3
4 7 7 195.91 1
1 2 3 4 6
7 196.32 1 1 2
3 4 6 6 196.73
1 1 2 3 4
5 7 196.13 1 1
2 3 4 5 6
196.38 1 1 2 3
4 5 5 196.16 1
1 2 3 4 4
7 195.77 1 1 2
3 4 4 6 196.64
1 1 2 3 4
4 5 196.08 1 1
2 3 4 4 4
195.63 1 1 2 3
3 7 7 196.1 1
1 2 3 3 6
7 195.91 1 1 2
3 3 6 6 195.9
1 1 2 3 3
5 7 196.15 1 1
2 3 3 5 6
196.17 1 1 2 3
3 5 5 195.99 1
1 2 3 3 4
7 196.44 1 1 2
3 3 4 6 196.4
1 1 2 3 3
4 5 196.3 1 1
2 3 3 4 4
196.64 1 1 2 3
3 3 7 195.8 1
1 2 3 3 3
6 196.77 1 1 2
3 3 3 5 196.9
1 1 2 3 3
3 4 196.35 1 1
2 3 3 3 3
122.94 1 1 2 2
7 7 7 147.34 1
1 2 2 6 7
7 147.24 1 1 2
2 6 6 7 147.25
1 1 2 2 6
6 6 147.46 1 1
2 2 5 7 7
171.69 1 1 2 2
5 6 7 171.78 1
1 2 2 5 6
6 147.48 1 1 2
2 5 5 7 171.63
1 1 2 2 5
5 6 147.61 1 1
2 2 5 5 5
123.52 1 1 2 2
4 7 7 147.88 1
1 2 2 4 6
7 147.85 1 1 2
2 4 6 6 147.89
1 1 2 2 4
5 7 172.26 1 1
2 2 4 5 6
147.96 1 1 2 2
4 5 5 123.39 1
1 2 2 4 4
7 147.9 1 1 2
2 4 4 6 147.68
1 1 2 2 4
4 5 98.9 1 1
2 2 4 4 4
195.21 1 1 2 2
3 7 7 195.83 1
1 2 2 3 6
7 196.16 1 1 2
2 3 6 6 196.23
1 1 2 2 3
5 7 195.99 1 1
2 2 3 5 6
195.91 1 1 2 2
3 5 5 195.86 1
1 2 2 3 4
7 195.97 1 1 2
2 3 4 6 196.69
1 1 2 2 3
4 5 195.67 1 1
2 2 3 4 4
195.77 1 1 2 2
3 3 7 195.84 1
1 2 2 3 3
6 196.06 1 1 2
2 3 3 5 196.24
1 1 2 2 3
3 4 195.89 1 1
2 2 3 3 3
123.6 1 1 2 2
2 7 7 147.97 1
1 2 2 2 6
7 147.57 1 1 2
2 2 6 6 147.87
1 1 2 2 2
5 7 172.82 1 1
2 2 2 5 6
147.91 1 1 2 2
2 5 5 123.96 1
1 2 2 2 4
7 148.51 1 1 2
2 2 4 6 148.49
1 1 2 2 2
4 5 99.47 1 1
2 2 2 4 4
196.39 1 1 2 2
2 3 7 195.96 1
1 2 2 2 3
6 197.15 1 1 2
2 2 3 5 196.8
1 1 2 2 2
3 4 195.79 1 1
2 2 2 3 3
123.65 1 1 2 2
2 2 7 147.4 1
1 2 2 2 2
6 147.72 1 1 2
2 2 2 5 99.44
1 1 2 2 2
2 4 196.12 1 1
2 2 2 2 3
99.08 1 1 2 2
2 2 2 74.96 1
1 1 7 7 7
7 99.47 1 1 1
6 7 7 7 99.49
1 1 1 6 6
7 7 99.94 1 1
1 6 6 6 7
99.93 1 1 1 6
6 6 6 99.5 1
1 1 5 7 7
7 123.81 1 1 1
5 6 7 7 123.92
1 1 1 5 6
6 7 124.34 1 1
1 5 6 6 6
98.98 1 1 1 5
5 7 7 123.44 1
1 1 5 5 6
7 123.43 1 1 1
5 5 6 6 99.49
1 1 1 5 5
5 7 123.87 1 1
1 5 5 5 6
74.97 1 1 1 5
5 5 5 99.49 1
1 1 4 7 7
7 124.04 1 1 1
4 6 7 7 123.96
1 1 1 4 6
6 7 124.42 1 1
1 4 6 6 6
123.72 1 1 1 4
5 7 7 148.09 1
1 1 4 5 6
7 148.01 1 1 1
4 5 6 6 123.39
1 1 1 4 5
5 7 148.03 1 1
1 4 5 5 6
124.03 1 1 1 4
5 5 5 98.91 1
1 1 4 4 7
7 123.52 1 1 1
4 4 6 7 123.57
1 1 1 4 4
6 6 123.56 1 1
1 4 4 5 7
147.78 1 1 1 4
4 5 6 122.93 1
1 1 4 4 5
5 99.45 1 1 1
4 4 4 7 124.03
1 1 1 4 4
4 6 124.03 1 1
1 4 4 4 5
75 1 1 1 4
4 4 4 123.99 1
1 1 3 7 7
7 148.29 1 1 1
3 6 7 7 148.56
1 1 1 3 6
6 7 148.84 1 1
1 3 6 6 6
123.45 1 1 1 3
5 7 7 147.72 1
1 1 3 5 6
7 147.98 1 1 1
3 5 6 6 123.93
1 1 1 3 5
5 7 148.22 1 1
1 3 5 5 6
99.41 1 1 1 3
5 5 5 148.13 1
1 1 3 4 7
7 172.19 1 1 1
3 4 6 7 172.75
1 1 1 3 4
6 6 147.76 1 1
1 3 4 5 7
172.06 1 1 1 3
4 5 6 148.3 1
1 1 3 4 5
5 148.25 1 1 1
3 4 4 7 172.35
1 1 1 3 4
4 6 147.38 1 1
1 3 4 4 5
148.66 1 1 1 3
4 4 4 123.48 1
1 1 3 3 7
7 148.02 1 1 1
3 3 6 7 147.71
1 1 1 3 3
6 6 124.19 1 1
1 3 3 5 7
148.75 1 1 1 3
3 5 6 99.37 1
1 1 3 3 5
5 147.93 1 1 1
3 3 4 7 172.5
1 1 1 3 3
4 6 148.52 1 1
1 3 3 4 5
147.48 1 1 1 3
3 4 4 124.39 1
1 1 3 3 3
7 148.94 1 1 1
3 3 3 6 99.96
1 1 1 3 3
3 5 148.99 1 1
1 3 3 3 4
99.97 1 1 1 3
3 3 3 123.81 1
1 1 2 7 7
7 148.35 1 1 1
2 6 7 7 148.61
1 1 1 2 6
6 7 149.03 1 1
1 2 6 6 6
148.16 1 1 1 2
5 7 7 172.2 1
1 1 2 5 6
7 172.68 1 1 1
2 5 6 6 147.91
1 1 1 2 5
5 7 172.13 1 1
1 2 5 5 6
148.43 1 1 1 2
5 5 5 123.66 1
1 1 2 4 7
7 147.67 1 1 1
2 4 6 7 148.14
1 1 1 2 4
6 6 148.19 1 1
1 2 4 5 7
172.04 1 1 1 2
4 5 6 147.46 1
1 1 2 4 5
5 124.03 1 1 1
2 4 4 7 148.33
1 1 1 2 4
4 6 148.5 1 1
1 2 4 4 5
99.56 1 1 1 2
4 4 4 197.02 1
1 1 2 3 7
7 196.59 1 1 1
2 3 6 7 197.31
1 1 1 2 3
6 6 196.77 1 1
1 2 3 5 7
196.36 1 1 1 2
3 5 6 197.27 1
1 1 2 3 5
5 196.53 1 1 1
2 3 4 7 196.4
1 1 1 2 3
4 6 195.97 1 1
1 2 3 4 5
196.99 1 1 1 2
3 4 4 196.36 1
1 1 2 3 3
7 196.83 1 1 1
2 3 3 6 197.08
1 1 1 2 3
3 5 195.92 1 1
1 2 3 3 4
197.75 1 1 1 2
3 3 3 123.36 1
1 1 2 2 7
7 147.94 1 1 1
2 2 6 7 148.02
1 1 1 2 2
6 6 147.91 1 1
1 2 2 5 7
172.14 1 1 1 2
2 5 6 147.66 1
1 1 2 2 5
5 123.78 1 1 1
2 2 4 7 148.55
1 1 1 2 2
4 6 148.49 1 1
1 2 2 4 5
99.55 1 1 1 2
2 4 4 196.66 1
1 1 2 2 3
7 196.81 1 1 1
2 2 3 6 195.95
1 1 1 2 2
3 5 196.9 1 1
1 2 2 3 4
195.65 1 1 1 2
2 3 3 124.33 1
1 1 2 2 2
7 148.91 1 1 1
2 2 2 6 149
1 1 1 2 2
2 5 99.97 1 1
1 2 2 2 4
198.01 1 1 1 2
2 2 3 99.93 1
1 1 2 2 2
2 74.97 1 1 1
1 7 7 7 99.46
1 1 1 1 6
7 7 99.41 1 1
1 1 6 6 7
99.95 1 1 1 1
6 6 6 99.02 1
1 1 1 5 7
7 123.38 1 1 1
1 5 6 7 123.45
1 1 1 1 5
6 6 98.92 1 1
1 1 5 5 7
123.57 1 1 1 1
5 5 6 74.9 1
1 1 1 5 5
5 99.01 1 1 1
1 4 7 7 123.54
1 1 1 1 4
6 7 123.53 1 1
1 1 4 6 6
123.22 1 1 1 1
4 5 7 147.15 1
1 1 1 4 5
6 123.05 1 1 1
1 4 5 5 98.87
1 1 1 1 4
4 7 123.46 1 1
1 1 4 4 6
122.96 1 1 1 1
4 4 5 74.98 1
1 1 1 4 4
4 123.6 1 1 1
1 3 7 7 147.75
1 1 1 1 3
6 7 147.87 1 1
1 1 3 6 6
123.45 1 1 1 1
3 5 7 147.44 1
1 1 1 3 5
6 99.48 1 1 1
1 3 5 5 147.28
1 1 1 1 3
4 7 171.93 1 1
1 1 3 4 6
147.46 1 1 1 1
3 4 5 147.36 1
1 1 1 3 4
4 123.7 1 1 1
1 3 3 7 148.13
1 1 1 1 3
3 6 99.54 1 1
1 1 3 3 5
147.17 1 1 1 1
3 3 4 99.98 1
1 1 1 3 3
3 123.3 1 1 1
1 2 7 7 147.77
1 1 1 1 2
6 7 147.73 1 1
1 1 2 6 6
147.64 1 1 1 1
2 5 7 171.69 1
1 1 1 2 5
6 147.47 1 1 1
1 2 5 5 123.57
1 1 1 1 2
4 7 147.59 1 1
1 1 2 4 6
147.38 1 1 1 1
2 4 5 99.52 1
1 1 1 2 4
4 195.8 1 1 1
1 2 3 7 196.05
1 1 1 1 2
3 6 196.26 1 1
1 1 2 3 5
196.27 1 1 1 1
2 3 4 196.31 1
1 1 1 2 3
3 123.65 1 1 1
1 2 2 7 147.93
1 1 1 1 2
2 6 147.79 1 1
1 1 2 2 5
99.47 1 1 1 1
2 2 4 196.15 1
1 1 1 2 2
3 99.94 1 1 1
1 2 2 2 74.52
1 1 1 1 1
7 7 99.09 1 1
1 1 1 6 7
99.1 1 1 1 1
1 6 6 98.6 1
1 1 1 1 5
7 123.26 1 1 1
1 1 5 6 74.6
1 1 1 1 1
5 5 98.4 1 1
1 1 1 4 7
123.37 1 1 1 1
1 4 6 122.99 1
1 1 1 1 4
5 74.57 1 1 1
1 1 4 4 123.21
1 1 1 1 1
3 7 147.49 1 1
1 1 1 3 6
99.07 1 1 1 1
1 3 5 147.93 1
1 1 1 1 3
4 98.91 1 1 1
1 1 3 3 123.33
1 1 1 1 1
2 7 147.09 1 1
1 1 1 2 6
147.49 1 1 1 1
1 2 5 98.97 1
1 1 1 1 2
4 196.1 1 1 1
1 1 2 3 98.88
1 1 1 1 1
2 2 74.37 1 1
1 1 1 1 7
99.16 1 1 1 1
1 1 6 74.52 1
1 1 1 1 1
5 74.41 1 1 1
1 1 1 4 98.93
1 1 1 1 1
1 3 98.9 1 1
1 1 1 1 2
50 1 1 1 1
1 1 1
