38.94 7 7 7 7
47.4 6 7 7 7
44.5 6 6 7 7
47.3 6 6 6 7
39.48 6 6 6 6
47.04 5 7 7 7
53.64 5 6 7 7
52.6 5 6 6 7
55.06 5 6 6 6
44.36 5 5 7 7
52.32 5 5 6 7
48.57 5 5 6 6
46.75 5 5 5 7
54.39 5 5 5 6
39.03 5 5 5 5
47.49 4 7 7 7
52.69 4 6 7 7
52.17 4 6 6 7
54.62 4 6 6 6
53.52 4 5 7 7
57.33 4 5 6 7
58.53 4 5 6 6
51.71 4 5 5 7
58.52 4 5 5 6
55.36 4 5 5 5
43.97 4 4 7 7
52.37 4 4 6 7
48.96 4 4 6 6
52.61 4 4 5 7
58.01 4 4 5 6
49.09 4 4 5 5
46.6 4 4 4 7
54.69 4 4 4 6
55.08 4 4 4 5
38.74 4 4 4 4
47.15 3 7 7 7
49.57 3 6 7 7
52.23 3 6 6 7
46.44 3 6 6 6
50.87 3 5 7 7
54.29 3 5 6 7
55.8 3 5 6 6
51.62 3 5 5 7
55.38 3 5 5 6
47.05 3 5 5 5
52.81 3 4 7 7
57.87 3 4 6 7
59.2 3 4 6 6
55.96 3 4 5 7
60.45 3 4 5 6
58.58 3 4 5 5
52.25 3 4 4 7
55.16 3 4 4 6
54.95 3 4 4 5
54.86 3 4 4 4
44.16 3 3 7 7
49.67 3 3 6 7
43.85 3 3 6 6
50.69 3 3 5 7
57.2 3 3 5 6
43.59 3 3 5 5
52.76 3 3 4 7
58.8 3 3 4 6
58.22 3 3 4 5
49.83 3 3 4 4
46.48 3 3 3 7
47.28 3 3 3 6
46.98 3 3 3 5
54.19 3 3 3 4
39.01 3 3 3 3
47.42 2 7 7 7
50.85 2 6 7 7
52.52 2 6 6 7
47.43 2 6 6 6
53.91 2 5 7 7
56.05 2 5 6 7
58.66 2 5 6 6
51.51 2 5 5 7
54.78 2 5 5 6
55.3 2 5 5 5
49.85 2 4 7 7
53.78 2 4 6 7
55.75 2 4 6 6
56.43 2 4 5 7
60.26 2 4 5 6
55.64 2 4 5 5
52.26 2 4 4 7
56.31 2 4 4 6
58.26 2 4 4 5
47.04 2 4 4 4
57.17 2 3 7 7
57.01 2 3 6 7
52.78 2 3 6 6
60.31 2 3 5 7
60.31 2 3 5 6
62.52 2 3 5 5
59.19 2 3 4 7
60.14 2 3 4 6
62.74 2 3 4 5
62.62 2 3 4 4
56.06 2 3 3 7
52.35 2 3 3 6
62.07 2 3 3 5
58.87 2 3 3 4
55.14 2 3 3 3
44.49 2 2 7 7
50.2 2 2 6 7
43.14 2 2 6 6
51.82 2 2 5 7
59.35 2 2 5 6
49.46 2 2 5 5
50.6 2 2 4 7
56.91 2 2 4 6
57.57 2 2 4 5
45.16 2 2 4 4
55.03 2 2 3 7
51.48 2 2 3 6
58.99 2 2 3 5
61.82 2 2 3 4
49.01 2 2 3 3
47.33 2 2 2 7
47.31 2 2 2 6
54.71 2 2 2 5
46.72 2 2 2 4
55.31 2 2 2 3
39.11 2 2 2 2
47.81 1 7 7 7
54.34 1 6 7 7
52.55 1 6 6 7
54.58 1 6 6 6
50.96 1 5 7 7
56.74 1 5 6 7
55.3 1 5 6 6
51.84 1 5 5 7
57.56 1 5 5 6
47.46 1 5 5 5
51.36 1 4 7 7
57.29 1 4 6 7
56.18 1 4 6 6
54.62 1 4 5 7
60.51 1 4 5 6
55.13 1 4 5 5
52.04 1 4 4 7
58.79 1 4 4 6
55.85 1 4 4 5
46.54 1 4 4 4
56.88 1 3 7 7
59.63 1 3 6 7
61.05 1 3 6 6
56.56 1 3 5 7
60.7 1 3 5 6
52.72 1 3 5 5
59.57 1 3 4 7
63.14 1 3 4 6
59.87 1 3 4 5
61.82 1 3 4 4
55.13 1 3 3 7
62.15 1 3 3 6
52.67 1 3 3 5
58.78 1 3 3 4
53.57 1 3 3 3
56.24 1 2 7 7
60.14 1 2 6 7
61.65 1 2 6 6
61.11 1 2 5 7
63.25 1 2 5 6
61.54 1 2 5 5
57.31 1 2 4 7
60.55 1 2 4 6
60.32 1 2 4 5
54.52 1 2 4 4
67.98 1 2 3 7
68.87 1 2 3 6
68.23 1 2 3 5
68.46 1 2 3 4
68.31 1 2 3 3
54.76 1 2 2 7
61.7 1 2 2 6
58.67 1 2 2 5
51.92 1 2 2 4
68.76 1 2 2 3
54.52 1 2 2 2
43.78 1 1 7 7
51.63 1 1 6 7
48.9 1 1 6 6
50.3 1 1 5 7
58.87 1 1 5 6
43.86 1 1 5 5
50.68 1 1 4 7
57.28 1 1 4 6
56.54 1 1 4 5
44.1 1 1 4 4
56.12 1 1 3 7
59.59 1 1 3 6
51.83 1 1 3 5
61.39 1 1 3 4
49.48 1 1 3 3
56.58 1 1 2 7
58.44 1 1 2 6
61.77 1 1 2 5
51.9 1 1 2 4
68.06 1 1 2 3
49.42 1 1 2 2
47.45 1 1 1 7
54.93 1 1 1 6
46.62 1 1 1 5
46.97 1 1 1 4
53.95 1 1 1 3
55.15 1 1 1 2
39.47 1 1 1 1
