50 7 7 7 7
74.46 6 7 7 7
73.99 6 6 7 7
74.5 6 6 6 7
50 6 6 6 6
74.42 5 7 7 7
98.62 5 6 7 7
98.5 5 6 6 7
98.9 5 6 6 6
73.89 5 5 7 7
98.65 5 5 6 7
98.11 5 5 6 6
74.46 5 5 5 7
99.01 5 5 5 6
49.99 5 5 5 5
74.48 4 7 7 7
98.71 4 6 7 7
98.88 4 6 6 7
99 4 6 6 6
98.69 4 5 7 7
122.77 4 5 6 7
122.84 4 5 6 6
98.58 4 5 5 7
122.87 4 5 5 6
99 4 5 5 5
73.94 4 4 7 7
98.47 4 4 6 7
97.91 4 4 6 6
98.29 4 4 5 7
122.75 4 4 5 6
98.02 4 4 5 5
74.36 4 4 4 7
98.93 4 4 4 6
98.97 4 4 4 5
49.98 4 4 4 4
74.49 3 7 7 7
98.13 3 6 7 7
98.38 3 6 6 7
74.42 3 6 6 6
97.97 3 5 7 7
122.11 3 5 6 7
122.27 3 5 6 6
98.32 3 5 5 7
122.08 3 5 5 6
74.5 3 5 5 5
98.92 3 4 7 7
122.43 3 4 6 7
122.85 3 4 6 6
122.58 3 4 5 7
146.21 3 4 5 6
122.53 3 4 5 5
98.51 3 4 4 7
122.3 3 4 4 6
122.06 3 4 4 5
98.87 3 4 4 4
73.84 3 3 7 7
98.28 3 3 6 7
74.04 3 3 6 6
98.18 3 3 5 7
122.5 3 3 5 6
73.98 3 3 5 5
98.43 3 3 4 7
122.94 3 3 4 6
123.12 3 3 4 5
97.97 3 3 4 4
74.49 3 3 3 7
74.4 3 3 3 6
74.48 3 3 3 5
99.09 3 3 3 4
50 3 3 3 3
74.46 2 7 7 7
98.1 2 6 7 7
98.61 2 6 6 7
74.5 2 6 6 6
98.7 2 5 7 7
122.59 2 5 6 7
122.35 2 5 6 6
98.54 2 5 5 7
122.39 2 5 5 6
98.91 2 5 5 5
98.61 2 4 7 7
122.09 2 4 6 7
122.45 2 4 6 6
122.73 2 4 5 7
146.37 2 4 5 6
122.36 2 4 5 5
98.71 2 4 4 7
122.13 2 4 4 6
122.62 2 4 4 5
74.42 2 4 4 4
122.46 2 3 7 7
122.48 2 3 6 7
98.56 2 3 6 6
146.17 2 3 5 7
146.04 2 3 5 6
146.35 2 3 5 5
146.23 2 3 4 7
146.07 2 3 4 6
169.95 2 3 4 5
146.65 2 3 4 4
122.54 2 3 3 7
98.41 2 3 3 6
146.46 2 3 3 5
145.7 2 3 3 4
98.93 2 3 3 3
73.83 2 2 7 7
98.15 2 2 6 7
73.97 2 2 6 6
98.54 2 2 5 7
122.88 2 2 5 6
97.83 2 2 5 5
98.2 2 2 4 7
122.33 2 2 4 6
123.12 2 2 4 5
74.12 2 2 4 4
122.19 2 2 3 7
98.48 2 2 3 6
146.19 2 2 3 5
147.01 2 2 3 4
97.93 2 2 3 3
74.36 2 2 2 7
74.43 2 2 2 6
98.71 2 2 2 5
74.36 2 2 2 4
98.86 2 2 2 3
50 2 2 2 2
74.59 1 7 7 7
98.52 1 6 7 7
98.54 1 6 6 7
99.11 1 6 6 6
98.47 1 5 7 7
122.28 1 5 6 7
122.26 1 5 6 6
98.29 1 5 5 7
122.66 1 5 5 6
74.46 1 5 5 5
98.17 1 4 7 7
122.31 1 4 6 7
122.48 1 4 6 6
122.11 1 4 5 7
146.49 1 4 5 6
122.3 1 4 5 5
98.54 1 4 4 7
122.78 1 4 4 6
122.29 1 4 4 5
74.43 1 4 4 4
122.67 1 3 7 7
146.1 1 3 6 7
146.32 1 3 6 6
122.15 1 3 5 7
146.65 1 3 5 6
98.73 1 3 5 5
146.66 1 3 4 7
170.18 1 3 4 6
146.19 1 3 4 5
146.57 1 3 4 4
122.38 1 3 3 7
146.23 1 3 3 6
98.66 1 3 3 5
146.05 1 3 3 4
99.06 1 3 3 3
122.65 1 2 7 7
146.44 1 2 6 7
146.76 1 2 6 6
146.48 1 2 5 7
169.95 1 2 5 6
146.75 1 2 5 5
122.41 1 2 4 7
145.89 1 2 4 6
146.46 1 2 4 5
98.61 1 2 4 4
193.99 1 2 3 7
194.6 1 2 3 6
194.11 1 2 3 5
194.01 1 2 3 4
194.14 1 2 3 3
122.44 1 2 2 7
146.51 1 2 2 6
146.08 1 2 2 5
98.3 1 2 2 4
194.15 1 2 2 3
98.82 1 2 2 2
73.84 1 1 7 7
98.62 1 1 6 7
98.07 1 1 6 6
98.22 1 1 5 7
122.94 1 1 5 6
73.88 1 1 5 5
98.3 1 1 4 7
122.71 1 1 4 6
122.4 1 1 4 5
74.05 1 1 4 4
122.32 1 1 3 7
145.92 1 1 3 6
98.54 1 1 3 5
146.23 1 1 3 4
97.75 1 1 3 3
121.94 1 1 2 7
146.37 1 1 2 6
146.41 1 1 2 5
98.27 1 1 2 4
194.08 1 1 2 3
97.9 1 1 2 2
74.47 1 1 1 7
99.12 1 1 1 6
74.48 1 1 1 5
74.49 1 1 1 4
99.13 1 1 1 3
99 1 1 1 2
50 1 1 1 1
