50 7 7 7 7
7 7 74.42 6 7
7 7 7 7 74.47
6 6 7 7 7
7 74.98 6 6 6
7 7 7 74.56 6
6 6 6 7 7
74.51 6 6 6 6
6 7 49.99 6 6
6 6 6 6 74.42
5 7 7 7 7
7 98.8 5 6 7
7 7 7 98.98 5
6 6 7 7 7
99.4 5 6 6 6
7 7 98.97 5 6
6 6 6 7 98.91
5 6 6 6 6
6 74.52 5 5 7
7 7 7 98.88 5
5 6 7 7 7
98.81 5 5 6 6
7 7 99.54 5 5
6 6 6 7 99.13
5 5 6 6 6
6 74.98 5 5 5
7 7 7 99.43 5
5 5 6 7 7
99.59 5 5 5 6
6 7 99.98 5 5
5 6 6 6 74.34
5 5 5 5 7
7 99.04 5 5 5
5 6 7 99.05 5
5 5 5 6 6
74.36 5 5 5 5
5 7 99.01 5 5
5 5 5 6 50
5 5 5 5 5
5 74.48 4 7 7
7 7 7 98.58 4
6 7 7 7 7
98.83 4 6 6 7
7 7 99.32 4 6
6 6 7 7 99.02
4 6 6 6 6
7 98.84 4 6 6
6 6 6 99.05 4
5 7 7 7 7
122.8 4 5 6 7
7 7 123.46 4 5
6 6 7 7 123.8
4 5 6 6 6
7 123.16 4 5 6
6 6 6 99.08 4
5 5 7 7 7
123.46 4 5 5 6
7 7 123.37 4 5
5 6 6 7 124.11
4 5 5 6 6
6 99.39 4 5 5
5 7 7 123.6 4
5 5 5 6 7
123.97 4 5 5 5
6 6 98.99 4 5
5 5 5 7 123.1
4 5 5 5 5
6 99.04 4 5 5
5 5 5 74.49 4
4 7 7 7 7
99.04 4 4 6 7
7 7 99.04 4 4
6 6 7 7 99.47
4 4 6 6 6
7 98.98 4 4 6
6 6 6 98.99 4
4 5 7 7 7
123.29 4 4 5 6
7 7 123.28 4 4
5 6 6 7 123.9
4 4 5 6 6
6 99.23 4 4 5
5 7 7 123.65 4
4 5 5 6 7
123.49 4 4 5 5
6 6 99.54 4 4
5 5 5 7 123.98
4 4 5 5 5
6 98.76 4 4 5
5 5 5 74.97 4
4 4 7 7 7
99.51 4 4 4 6
7 7 99.42 4 4
4 6 6 7 99.95
4 4 4 6 6
6 99.44 4 4 4
5 7 7 123.81 4
4 4 5 6 7
124.06 4 4 4 5
6 6 99.56 4 4
4 5 5 7 123.93
4 4 4 5 5
6 99.95 4 4 4
5 5 5 74.53 4
4 4 4 7 7
99.04 4 4 4 4
6 7 98.86 4 4
4 4 6 6 98.94
4 4 4 4 5
7 123.12 4 4 4
4 5 6 99.1 4
4 4 4 5 5
74.4 4 4 4 4
4 7 98.98 4 4
4 4 4 6 98.99
4 4 4 4 4
5 50 4 4 4
4 4 4 74.42 3
7 7 7 7 7
98.84 3 6 7 7
7 7 98.89 3 6
6 7 7 7 98.98
3 6 6 6 7
7 98.92 3 6 6
6 6 7 74.53 3
6 6 6 6 6
98.7 3 5 7 7
7 7 122.94 3 5
6 7 7 7 123.29
3 5 6 6 7
7 123.1 3 5 6
6 6 7 123.31 3
5 6 6 6 6
98.94 3 5 5 7
7 7 123.17 3 5
5 6 7 7 123.54
3 5 5 6 6
7 123.2 3 5 5
6 6 6 98.86 3
5 5 5 7 7
123.51 3 5 5 5
6 7 123.48 3 5
5 5 6 6 98.98
3 5 5 5 5
7 123.04 3 5 5
5 5 6 74.44 3
5 5 5 5 5
98.67 3 4 7 7
7 7 123.13 3 4
6 7 7 7 123.4
3 4 6 6 7
7 123.15 3 4 6
6 6 7 123.4 3
4 6 6 6 6
122.87 3 4 5 7
7 7 146.72 3 4
5 6 7 7 147.29
3 4 5 6 6
7 147.62 3 4 5
6 6 6 123.21 3
4 5 5 7 7
147.81 3 4 5 5
6 7 147.55 3 4
5 5 6 6 123.12
3 4 5 5 5
7 147.42 3 4 5
5 5 6 123.19 3
4 5 5 5 5
98.98 3 4 4 7
7 7 123.09 3 4
4 6 7 7 123.49
3 4 4 6 6
7 123.62 3 4 4
6 6 6 123.03 3
4 4 5 7 7
147.17 3 4 4 5
6 7 147.57 3 4
4 5 6 6 123.53
3 4 4 5 5
7 147.93 3 4 4
5 5 6 123.42 3
4 4 5 5 5
99.36 3 4 4 4
7 7 123.79 3 4
4 4 6 7 124.01
3 4 4 4 6
6 123.91 3 4 4
4 5 7 147.71 3
4 4 4 5 6
123.99 3 4 4 4
5 5 98.97 3 4
4 4 4 7 123.03
3 4 4 4 4
6 123.47 3 4 4
4 4 5 99.14 3
4 4 4 4 4
74.5 3 3 7 7
7 7 98.97 3 3
6 7 7 7 98.57
3 3 6 6 7
7 98.94 3 3 6
6 6 7 74.62 3
3 6 6 6 6
99.17 3 3 5 7
7 7 123.23 3 3
5 6 7 7 122.89
3 3 5 6 6
7 123.59 3 3 5
6 6 6 98.32 3
3 5 5 7 7
123.1 3 3 5 5
6 7 122.19 3 3
5 5 6 6 99
3 3 5 5 5
7 123.38 3 3 5
5 5 6 74.57 3
3 5 5 5 5
98.87 3 3 4 7
7 7 123.44 3 3
4 6 7 7 122.84
3 3 4 6 6
7 123.49 3 3 4
6 6 6 123.3 3
3 4 5 7 7
147.86 3 3 4 5
6 7 147.54 3 3
4 5 6 6 122.98
3 3 4 5 5
7 147.65 3 3 4
5 5 6 123.38 3
3 4 5 5 5
99.09 3 3 4 4
7 7 123.43 3 3
4 4 6 7 122.84
3 3 4 4 6
6 123.67 3 3 4
4 5 7 147.82 3
3 4 4 5 6
122.88 3 3 4 4
5 5 99.41 3 3
4 4 4 7 123.89
3 3 4 4 4
6 124.06 3 3 4
4 4 5 98.95 3
3 4 4 4 4
74.99 3 3 3 7
7 7 99 3 3
3 6 7 7 99.06
3 3 3 6 6
7 74.98 3 3 3
6 6 6 99.03 3
3 3 5 7 7
123.23 3 3 3 5
6 7 123.06 3 3
3 5 6 6 99
3 3 3 5 5
7 123.06 3 3 3
5 5 6 74.95 3
3 3 5 5 5
99.48 3 3 3 4
7 7 123.57 3 3
3 4 6 7 123.44
3 3 3 4 6
6 123.15 3 3 3
4 5 7 147.48 3
3 3 4 5 6
123.43 3 3 3 4
5 5 99.52 3 3
3 4 4 7 123.58
3 3 3 4 4
6 123.55 3 3 3
4 4 5 99.97 3
3 3 4 4 4
74.5 3 3 3 3
7 7 98.82 3 3
3 3 6 7 74.52
3 3 3 3 6
6 98.91 3 3 3
3 5 7 122.87 3
3 3 3 5 6
74.46 3 3 3 3
5 5 99.08 3 3
3 3 4 7 123.14
3 3 3 3 4
6 123.3 3 3 3
3 4 5 99.04 3
3 3 3 4 4
74.31 3 3 3 3
3 7 74.48 3 3
3 3 3 6 74.44
3 3 3 3 3
5 98.99 3 3 3
3 3 4 50 3
3 3 3 3 3
74.54 2 7 7 7
7 7 98.73 2 6
7 7 7 7 98.99
2 6 6 7 7
7 98.91 2 6 6
6 7 7 98.97 2
6 6 6 6 7
74.54 2 6 6 6
6 6 98.71 2 5
7 7 7 7 123.13
2 5 6 7 7
7 123.35 2 5 6
6 7 7 123.36 2
5 6 6 6 7
123.25 2 5 6 6
6 6 98.9 2 5
5 7 7 7 122.97
2 5 5 6 7
7 123.64 2 5 5
6 6 7 123.46 2
5 5 6 6 6
99.43 2 5 5 5
7 7 123.76 2 5
5 5 6 7 124
2 5 5 5 6
6 99.12 2 5 5
5 5 7 123.04 2
5 5 5 5 6
98.97 2 5 5 5
5 5 98.76 2 4
7 7 7 7 122.75
2 4 6 7 7
7 123.27 2 4 6
6 7 7 123.1 2
4 6 6 6 7
123.16 2 4 6 6
6 6 123.19 2 4
5 7 7 7 146.88
2 4 5 6 7
7 147.85 2 4 5
6 6 7 147.36 2
4 5 6 6 6
123.4 2 4 5 5
7 7 147.05 2 4
5 5 6 7 147.78
2 4 5 5 6
6 123.89 2 4 5
5 5 7 147.65 2
4 5 5 5 6
123.18 2 4 5 5
5 5 98.89 2 4
4 7 7 7 123.1
2 4 4 6 7
7 123.55 2 4 4
6 6 7 123.47 2
4 4 6 6 6
123.1 2 4 4 5
7 7 147.29 2 4
4 5 6 7 147.44
2 4 4 5 6
6 123.36 2 4 4
5 5 7 147.71 2
4 4 5 5 6
123.97 2 4 4 5
5 5 99.01 2 4
4 4 7 7 123.16
2 4 4 4 6
7 123.17 2 4 4
4 6 6 123.33 2
4 4 4 5 7
147.99 2 4 4 4
5 6 123.49 2 4
4 4 5 5 99.06
2 4 4 4 4
7 123.38 2 4 4
4 4 6 122.92 2
4 4 4 4 5
74.53 2 4 4 4
4 4 122.86 2 3
7 7 7 7 122.88
2 3 6 7 7
7 123.26 2 3 6
6 7 7 123.22 2
3 6 6 6 7
98.82 2 3 6 6
6 6 147.42 2 3
5 7 7 7 147.24
2 3 5 6 7
7 147.26 2 3 5
6 6 7 147.39 2
3 5 6 6 6
147.56 2 3 5 5
7 7 147.65 2 3
5 5 6 7 147.82
2 3 5 5 6
6 147.44 2 3 5
5 5 7 147.25 2
3 5 5 5 6
147.59 2 3 5 5
5 5 147 2 3
4 7 7 7 147.34
2 3 4 6 7
7 147.44 2 3 4
6 6 7 147.52 2
3 4 6 6 6
170.99 2 3 4 5
7 7 171.52 2 3
4 5 6 7 171.79
2 3 4 5 6
6 171.24 2 3 4
5 5 7 171.72 2
3 4 5 5 6
171.44 2 3 4 5
5 5 147.85 2 3
4 4 7 7 147.43
2 3 4 4 6
7 147.88 2 3 4
4 6 6 171.48 2
3 4 4 5 7
171.85 2 3 4 4
5 6 172.16 2 3
4 4 5 5 147.49
2 3 4 4 4
7 147.25 2 3 4
4 4 6 171.74 2
3 4 4 4 5
147.49 2 3 4 4
4 4 122.95 2 3
3 7 7 7 123.21
2 3 3 6 7
7 123.29 2 3 3
6 6 7 99.02 2
3 3 6 6 6
147.17 2 3 3 5
7 7 147.34 2 3
3 5 6 7 147.91
2 3 3 5 6
6 147.25 2 3 3
5 5 7 146.86 2
3 3 5 5 6
147.33 2 3 3 5
5 5 147.29 2 3
3 4 7 7 147.11
2 3 3 4 6
7 147.84 2 3 3
4 6 6 171.42 2
3 3 4 5 7
171.81 2 3 3 4
5 6 171.31 2 3
3 4 5 5 147.48
2 3 3 4 4
7 147.53 2 3 3
4 4 6 171.36 2
3 3 4 4 5
147.47 2 3 3 4
4 4 123.58 2 3
3 3 7 7 123.67
2 3 3 3 6
7 99.53 2 3 3
3 6 6 147.29 2
3 3 3 5 7
147.6 2 3 3 3
5 6 147.72 2 3
3 3 5 5 147.55
2 3 3 3 4
7 147.73 2 3 3
3 4 6 171.59 2
3 3 3 4 5
148 2 3 3 3
4 4 123.29 2 3
3 3 3 7 98.95
2 3 3 3 3
6 147.38 2 3 3
3 3 5 147.55 2
3 3 3 3 4
98.88 2 3 3 3
3 3 74.54 2 2
7 7 7 7 99.05
2 2 6 7 7
7 98.33 2 2 6
6 7 7 99.13 2
2 6 6 6 7
74.54 2 2 6 6
6 6 98.98 2 2
5 7 7 7 123.33
2 2 5 6 7
7 122.93 2 2 5
6 6 7 123.44 2
2 5 6 6 6
98.91 2 2 5 5
7 7 123.66 2 2
5 5 6 7 122.94
2 2 5 5 6
6 99.33 2 2 5
5 5 7 123.87 2
2 5 5 5 6
98.87 2 2 5 5
5 5 99.07 2 2
4 7 7 7 123.21
2 2 4 6 7
7 122.96 2 2 4
6 6 7 123.29 2
2 4 6 6 6
123.46 2 2 4 5
7 7 147.56 2 2
4 5 6 7 147.57
2 2 4 5 6
6 123.55 2 2 4
5 5 7 147.24 2
2 4 5 5 6
123.83 2 2 4 5
5 5 98.38 2 2
4 4 7 7 123.1
2 2 4 4 6
7 122.62 2 2 4
4 6 6 123.11 2
2 4 4 5 7
147.3 2 2 4 4
5 6 122.99 2 2
4 4 5 5 98.96
2 2 4 4 4
7 123.22 2 2 4
4 4 6 123.57 2
2 4 4 4 5
74.53 2 2 4 4
4 4 122.91 2 2
3 7 7 7 123.01
2 2 3 6 7
7 123.61 2 2 3
6 6 7 99.17 2
2 3 6 6 6
147.45 2 2 3 5
7 7 147.32 2 2
3 5 6 7 147.59
2 2 3 5 6
6 147.38 2 2 3
5 5 7 147.54 2
2 3 5 5 6
147.61 2 2 3 5
5 5 147.26 2 2
3 4 7 7 147.43
2 2 3 4 6
7 147.69 2 2 3
4 6 6 171.37 2
2 3 4 5 7
171.69 2 2 3 4
5 6 171.3 2 2
3 4 5 5 146.98
2 2 3 4 4
7 146.82 2 2 3
4 4 6 171.43 2
2 3 4 4 5
147.32 2 2 3 4
4 4 122.73 2 2
3 3 7 7 123.55
2 2 3 3 6
7 98.95 2 2 3
3 6 6 146.91 2
2 3 3 5 7
147.81 2 2 3 3
5 6 146.52 2 2
3 3 5 5 146.89
2 2 3 3 4
7 148.07 2 2 3
3 4 6 171.15 2
2 3 3 4 5
146.42 2 2 3 3
4 4 123.41 2 2
3 3 3 7 99.52
2 2 3 3 3
6 147.26 2 2 3
3 3 5 147.74 2
2 3 3 3 4
99.08 2 2 3 3
3 3 74.98 2 2
2 7 7 7 98.98
2 2 2 6 7
7 98.83 2 2 2
6 6 7 74.97 2
2 2 6 6 6
99.36 2 2 2 5
7 7 123.41 2 2
2 5 6 7 123.45
2 2 2 5 6
6 99.53 2 2 2
5 5 7 123.58 2
2 2 5 5 6
99.93 2 2 2 5
5 5 99.06 2 2
2 4 7 7 122.9
2 2 2 4 6
7 122.99 2 2 2
4 6 6 123.54 2
2 2 4 5 7
147.58 2 2 2 4
5 6 123.53 2 2
2 4 5 5 99.07
2 2 2 4 4
7 123.08 2 2 2
4 4 6 123.58 2
2 2 4 4 5
74.94 2 2 2 4
4 4 123.44 2 2
2 3 7 7 123.39
2 2 2 3 6
7 99.5 2 2 2
3 6 6 147.76 2
2 2 3 5 7
147.86 2 2 2 3
5 6 147.7 2 2
2 3 5 5 147.39
2 2 2 3 4
7 147.56 2 2 2
3 4 6 171.52 2
2 2 3 4 5
147.47 2 2 2 3
4 4 123.29 2 2
2 3 3 7 99.36
2 2 2 3 3
6 148.31 2 2 2
3 3 5 147.3 2
2 2 3 3 4
99.89 2 2 2 3
3 3 74.63 2 2
2 2 7 7 98.87
2 2 2 2 6
7 74.43 2 2 2
2 6 6 99.01 2
2 2 2 5 7
123.32 2 2 2 2
5 6 99.03 2 2
2 2 5 5 98.68
2 2 2 2 4
7 122.94 2 2 2
2 4 6 123.2 2
2 2 2 4 5
74.46 2 2 2 2
4 4 123.37 2 2
2 2 3 7 99.08
2 2 2 2 3
6 147.44 2 2 2
2 3 5 147.32 2
2 2 2 3 4
98.82 2 2 2 2
3 3 74.58 2 2
2 2 2 7 74.49
2 2 2 2 2
6 99.16 2 2 2
2 2 5 74.52 2
2 2 2 2 4
98.9 2 2 2 2
2 3 50 2 2
2 2 2 2 74.43
1 7 7 7 7
7 98.87 1 6 7
7 7 7 98.96 1
6 6 7 7 7
99.43 1 6 6 6
7 7 98.86 1 6
6 6 6 7 99.2
1 6 6 6 6
6 98.55 1 5 7
7 7 7 123.08 1
5 6 7 7 7
123.35 1 5 6 6
7 7 123.76 1 5
6 6 6 7 123.05
1 5 6 6 6
6 98.87 1 5 5
7 7 7 123.31 1
5 5 6 7 7
123.66 1 5 5 6
6 7 123.82 1 5
5 6 6 6 99.18
1 5 5 5 7
7 123.29 1 5 5
5 6 7 123.48 1
5 5 5 6 6
98.95 1 5 5 5
5 7 123.29 1 5
5 5 5 6 74.63
1 5 5 5 5
5 98.76 1 4 7
7 7 7 122.74 1
4 6 7 7 7
123.25 1 4 6 6
7 7 123.8 1 4
6 6 6 7 123.36
1 4 6 6 6
6 122.56 1 4 5
7 7 7 146.87 1
4 5 6 7 7
147.25 1 4 5 6
6 7 147.71 1 4
5 6 6 6 123.18
1 4 5 5 7
7 147.24 1 4 5
5 6 7 147.69 1
4 5 5 6 6
123.34 1 4 5 5
5 7 147.24 1 4
5 5 5 6 123.34
1 4 5 5 5
5 98.86 1 4 4
7 7 7 123.3 1
4 4 6 7 7
123.64 1 4 4 6
6 7 123.89 1 4
4 6 6 6 123.46
1 4 4 5 7
7 147.72 1 4 4
5 6 7 147.73 1
4 4 5 6 6
123.75 1 4 4 5
5 7 147.8 1 4
4 5 5 6 123.51
1 4 4 5 5
5 99.17 1 4 4
4 7 7 123.36 1
4 4 4 6 7
123.59 1 4 4 4
6 6 123.23 1 4
4 4 5 7 147.55
1 4 4 4 5
6 123.37 1 4 4
4 5 5 99.03 1
4 4 4 4 7
123.14 1 4 4 4
4 6 123.24 1 4
4 4 4 5 74.5
1 4 4 4 4
4 122.98 1 3 7
7 7 7 146.88 1
3 6 7 7 7
147.53 1 3 6 6
7 7 147.44 1 3
6 6 6 7 147.58
1 3 6 6 6
6 123.25 1 3 5
7 7 7 147.53 1
3 5 6 7 7
147.85 1 3 5 6
6 7 147.42 1 3
5 6 6 6 123.24
1 3 5 5 7
7 147.65 1 3 5
5 6 7 147.79 1
3 5 5 6 6
123.21 1 3 5 5
5 7 147.42 1 3
5 5 5 6 98.69
1 3 5 5 5
5 147.08 1 3 4
7 7 7 170.73 1
3 4 6 7 7
171.5 1 3 4 6
6 7 171.4 1 3
4 6 6 6 147.19
1 3 4 5 7
7 171.44 1 3 4
5 6 7 171.72 1
3 4 5 6 6
147.42 1 3 4 5
5 7 171.75 1 3
4 5 5 6 147.41
1 3 4 5 5
5 147.61 1 3 4
4 7 7 171.59 1
3 4 4 6 7
171.92 1 3 4 4
6 6 147.51 1 3
4 4 5 7 171.66
1 3 4 4 5
6 147.67 1 3 4
4 5 5 147.61 1
3 4 4 4 7
171.65 1 3 4 4
4 6 147.68 1 3
4 4 4 5 147.71
1 3 4 4 4
4 123 1 3 3
7 7 7 147.46 1
3 3 6 7 7
147.21 1 3 3 6
6 7 147.66 1 3
3 6 6 6 122.92
1 3 3 5 7
7 147.68 1 3 3
5 6 7 147.04 1
3 3 5 6 6
123.56 1 3 3 5
5 7 148.12 1 3
3 5 5 6 98.83
1 3 3 5 5
5 147.26 1 3 3
4 7 7 171.5 1
3 3 4 6 7
171.28 1 3 3 4
6 6 147.57 1 3
3 4 5 7 171.73
1 3 3 4 5
6 147.66 1 3 3
4 5 5 147.4 1
3 3 4 4 7
171.69 1 3 3 4
4 6 147.6 1 3
3 4 4 5 147.32
1 3 3 4 4
4 123.48 1 3 3
3 7 7 147.32 1
3 3 3 6 7
147.47 1 3 3 3
6 6 123.38 1 3
3 3 5 7 147.55
1 3 3 3 5
6 99.36 1 3 3
3 5 5 147.7 1
3 3 3 4 7
171.56 1 3 3 3
4 6 147.62 1 3
3 3 4 5 147.91
1 3 3 3 4
4 123.11 1 3 3
3 3 7 147.5 1
3 3 3 3 6
98.93 1 3 3 3
3 5 147.45 1 3
3 3 3 4 98.86
1 3 3 3 3
3 122.83 1 2 7
7 7 7 147.35 1
2 6 7 7 7
147.62 1 2 6 6
7 7 147.71 1 2
6 6 6 7 147.3
1 2 6 6 6
6 146.74 1 2 5
7 7 7 171.08 1
2 5 6 7 7
170.85 1 2 5 6
6 7 171.31 1 2
5 6 6 6 147.45
1 2 5 5 7
7 171.27 1 2 5
5 6 7 172.07 1
2 5 5 6 6
147.29 1 2 5 5
5 7 171.32 1 2
5 5 5 6 147.47
1 2 5 5 5
5 122.86 1 2 4
7 7 7 147.03 1
2 4 6 7 7
147.22 1 2 4 6
6 7 147.38 1 2
4 6 6 6 147.46
1 2 4 5 7
7 171.36 1 2 4
5 6 7 171.59 1
2 4 5 6 6
147.57 1 2 4 5
5 7 171.68 1 2
4 5 5 6 147.36
1 2 4 5 5
5 122.95 1 2 4
4 7 7 147.46 1
2 4 4 6 7
147.63 1 2 4 4
6 6 147.41 1 2
4 4 5 7 171.44
1 2 4 4 5
6 147.53 1 2 4
4 5 5 123.36 1
2 4 4 4 7
147.72 1 2 4 4
4 6 147.48 1 2
4 4 4 5 98.95
1 2 4 4 4
4 195.02 1 2 3
7 7 7 195.37 1
2 3 6 7 7
194.97 1 2 3 6
6 7 195.84 1 2
3 6 6 6 195.67
1 2 3 5 7
7 195.39 1 2 3
5 6 7 195.71 1
2 3 5 6 6
195.52 1 2 3 5
5 7 195.57 1 2
3 5 5 6 195.66
1 2 3 5 5
5 194.74 1 2 3
4 7 7 194.97 1
2 3 4 6 7
196.11 1 2 3 4
6 6 195.38 1 2
3 4 5 7 195.54
1 2 3 4 5
6 195.69 1 2 3
4 5 5 195.72 1
2 3 4 4 7
195.39 1 2 3 4
4 6 196.07 1 2
3 4 4 5 195.56
1 2 3 4 4
4 195.23 1 2 3
3 7 7 195.41 1
2 3 3 6 7
196.34 1 2 3 3
6 6 195.37 1 2
3 3 5 7 195.28
1 2 3 3 5
6 195.7 1 2 3
3 5 5 195.17 1
2 3 3 4 7
195.82 1 2 3 3
4 6 195.35 1 2
3 3 4 5 195.09
1 2 3 3 4
4 195.95 1 2 3
3 3 7 196.19 1
2 3 3 3 6
195.91 1 2 3 3
3 5 196.04 1 2
3 3 3 4 196.11
1 2 3 3 3
3 122.96 1 2 2
7 7 7 147.2 1
2 2 6 7 7
146.88 1 2 2 6
6 7 147.5 1 2
2 6 6 6 147.31
1 2 2 5 7
7 171.57 1 2 2
5 6 7 171.37 1
2 2 5 6 6
147.34 1 2 2 5
5 7 171.87 1 2
2 5 5 6 147.35
1 2 2 5 5
5 122.73 1 2 2
4 7 7 147.28 1
2 2 4 6 7
146.98 1 2 2 4
6 6 147.01 1 2
2 4 5 7 171.81
1 2 2 4 5
6 147.62 1 2 2
4 5 5 123.57 1
2 2 4 4 7
147.78 1 2 2 4
4 6 147.49 1 2
2 4 4 5 98.98
1 2 2 4 4
4 195.38 1 2 2
3 7 7 195.46 1
2 2 3 6 7
195.83 1 2 2 3
6 6 195.11 1 2
2 3 5 7 195.63
1 2 2 3 5
6 195.31 1 2 2
3 5 5 195.46 1
2 2 3 4 7
195.72 1 2 2 3
4 6 195.56 1 2
2 3 4 5 195.92
1 2 2 3 4
4 195.04 1 2 2
3 3 7 196.04 1
2 2 3 3 6
195.01 1 2 2 3
3 5 194.91 1 2
2 3 3 4 195.87
1 2 2 3 3
3 123.59 1 2 2
2 7 7 147.43 1
2 2 2 6 7
147.6 1 2 2 2
6 6 147.58 1 2
2 2 5 7 171.66
1 2 2 2 5
6 147.79 1 2 2
2 5 5 123.49 1
2 2 2 4 7
147.54 1 2 2 2
4 6 147.62 1 2
2 2 4 5 99.47
1 2 2 2 4
4 196.15 1 2 2
2 3 7 195.8 1
2 2 2 3 6
195.76 1 2 2 2
3 5 196.07 1 2
2 2 3 4 195.79
1 2 2 2 3
3 123.2 1 2 2
2 2 7 147.46 1
2 2 2 2 6
147.6 1 2 2 2
2 5 99.08 1 2
2 2 2 4 195.73
1 2 2 2 2
3 99.11 1 2 2
2 2 2 74.38 1
1 7 7 7 7
99.06 1 1 6 7
7 7 98.93 1 1
6 6 7 7 99.52
1 1 6 6 6
7 98.86 1 1 6
6 6 6 98.83 1
1 5 7 7 7
123.37 1 1 5 6
7 7 123.42 1 1
5 6 6 7 123.89
1 1 5 6 6
6 98.39 1 1 5
5 7 7 123.04 1
1 5 5 6 7
123.01 1 1 5 5
6 6 99.07 1 1
5 5 5 7 123.57
1 1 5 5 5
6 74.44 1 1 5
5 5 5 98.96 1
1 4 7 7 7
123.49 1 1 4 6
7 7 123.36 1 1
4 6 6 7 123.82
1 1 4 6 6
6 123.21 1 1 4
5 7 7 147.76 1
1 4 5 6 7
147.69 1 1 4 5
6 6 123.02 1 1
4 5 5 7 147.46
1 1 4 5 5
6 123.34 1 1 4
5 5 5 98.5 1
1 4 4 7 7
123.18 1 1 4 4
6 7 122.87 1 1
4 4 6 6 122.83
1 1 4 4 5
7 147.38 1 1 4
4 5 6 122.56 1
1 4 4 5 5
98.91 1 1 4 4
4 7 123.53 1 1
4 4 4 6 123.42
1 1 4 4 4
5 74.47 1 1 4
4 4 4 123.16 1
1 3 7 7 7
147.31 1 1 3 6
7 7 147.76 1 1
3 6 6 7 147.57
1 1 3 6 6
6 122.82 1 1 3
5 7 7 147.25 1
1 3 5 6 7
147.3 1 1 3 5
6 6 123.47 1 1
3 5 5 7 147.61
1 1 3 5 5
6 99 1 1 3
5 5 5 147.47 1
1 3 4 7 7
171.39 1 1 3 4
6 7 171.93 1 1
3 4 6 6 147.44
1 1 3 4 5
7 171.76 1 1 3
4 5 6 147.8 1
1 3 4 5 5
147.03 1 1 3 4
4 7 171.06 1 1
3 4 4 6 147.19
1 1 3 4 4
5 147.6 1 1 3
4 4 4 122.05 1
1 3 3 7 7
146.66 1 1 3 3
6 7 146.41 1 1
3 3 6 6 123.38
1 1 3 3 5
7 147.79 1 1 3
3 5 6 98.96 1
1 3 3 5 5
147.24 1 1 3 3
4 7 171.55 1 1
3 3 4 6 148.03
1 1 3 3 4
5 146.08 1 1 3
3 4 4 123.48 1
1 3 3 3 7
147.37 1 1 3 3
3 6 99.47 1 1
3 3 3 5 148.09
1 1 3 3 3
4 99.18 1 1 3
3 3 3 122.93 1
1 2 7 7 7
147.19 1 1 2 6
7 7 147.33 1 1
2 6 6 7 147.41
1 1 2 6 6
6 147.14 1 1 2
5 7 7 171.37 1
1 2 5 6 7
171.67 1 1 2 5
6 6 147.23 1 1
2 5 5 7 171.19
1 1 2 5 5
6 147.4 1 1 2
5 5 5 123.13 1
1 2 4 7 7
147.15 1 1 2 4
6 7 147.22 1 1
2 4 6 6 147.33
1 1 2 4 5
7 171.87 1 1 2
4 5 6 147.2 1
1 2 4 5 5
123.39 1 1 2 4
4 7 147.74 1 1
2 4 4 6 148.04
1 1 2 4 4
5 98.87 1 1 2
4 4 4 195.22 1
1 2 3 7 7
194.96 1 1 2 3
6 7 195.31 1 1
2 3 6 6 195.69
1 1 2 3 5
7 195.62 1 1 2
3 5 6 196.03 1
1 2 3 5 5
195.46 1 1 2 3
4 7 195.52 1 1
2 3 4 6 195.49
1 1 2 3 4
5 196.24 1 1 2
3 4 4 194.94 1
1 2 3 3 7
195.13 1 1 2 3
3 6 196.08 1 1
2 3 3 5 194.72
1 1 2 3 3
4 196.04 1 1 2
3 3 3 122.31 1
1 2 2 7 7
147.08 1 1 2 2
6 7 146.51 1 1
2 2 6 6 146.75
1 1 2 2 5
7 171.54 1 1 2
2 5 6 146.49 1
1 2 2 5 5
123.51 1 1 2 2
4 7 148.04 1 1
2 2 4 6 147.88
1 1 2 2 4
5 99 1 1 2
2 4 4 195 1
1 2 2 3 7
194.98 1 1 2 2
3 6 194.98 1 1
2 2 3 5 196.14
1 1 2 2 3
4 194.03 1 1 2
2 3 3 123.74 1
1 2 2 2 7
147.66 1 1 2 2
2 6 148.03 1 1
2 2 2 5 99.45
1 1 2 2 2
4 196.03 1 1 2
2 2 3 98.99 1
1 2 2 2 2
74.95 1 1 1 7
7 7 99.41 1 1
1 6 7 7 99.53
1 1 1 6 6
7 99.95 1 1 1
6 6 6 99.25 1
1 1 5 7 7
123.32 1 1 1 5
6 7 123.63 1 1
1 5 6 6 98.96
1 1 1 5 5
7 123.54 1 1 1
5 5 6 74.98 1
1 1 5 5 5
98.97 1 1 1 4
7 7 123.55 1 1
1 4 6 7 123.41
1 1 1 4 6
6 122.89 1 1 1
4 5 7 147.36 1
1 1 4 5 6
122.97 1 1 1 4
5 5 99.03 1 1
1 4 4 7 123.47
1 1 1 4 4
6 122.87 1 1 1
4 4 5 74.97 1
1 1 4 4 4
123.56 1 1 1 3
7 7 147.54 1 1
1 3 6 7 147.95
1 1 1 3 6
6 123.5 1 1 1
3 5 7 147.74 1
1 1 3 5 6
99.46 1 1 1 3
5 5 147.35 1 1
1 3 4 7 171.54
1 1 1 3 4
6 147.25 1 1 1
3 4 5 147.73 1
1 1 3 4 4
123.43 1 1 1 3
3 7 147.85 1 1
1 3 3 6 99.44
1 1 1 3 3
5 147.34 1 1 1
3 3 4 99.91 1
1 1 3 3 3
123.44 1 1 1 2
7 7 147.79 1 1
1 2 6 7 148.03
1 1 1 2 6
6 147.19 1 1 1
2 5 7 171.72 1
1 1 2 5 6
147.52 1 1 1 2
5 5 123.38 1 1
1 2 4 7 147.85
1 1 1 2 4
6 147.58 1 1 1
2 4 5 99.4 1
1 1 2 4 4
196.36 1 1 1 2
3 7 196.04 1 1
1 2 3 6 196.08
1 1 1 2 3
5 195.88 1 1 1
2 3 4 195.69 1
1 1 2 3 3
123.33 1 1 1 2
2 7 147.88 1 1
1 2 2 6 147.61
1 1 1 2 2
5 99.43 1 1 1
2 2 4 196.08 1
1 1 2 2 3
99.94 1 1 1 2
2 2 74.43 1 1
1 1 7 7 99.08
1 1 1 1 6
7 98.88 1 1 1
1 6 6 98.72 1
1 1 1 5 7
123.11 1 1 1 1
5 6 74.53 1 1
1 1 5 5 99.03
1 1 1 1 4
7 123.14 1 1 1
1 4 6 122.9 1
1 1 1 4 5
74.51 1 1 1 1
4 4 123.33 1 1
1 1 3 7 147.27
1 1 1 1 3
6 98.9 1 1 1
1 3 5 147.51 1
1 1 1 3 4
98.95 1 1 1 1
3 3 123.27 1 1
1 1 2 7 147.43
1 1 1 1 2
6 147.5 1 1 1
1 2 5 99.05 1
1 1 1 2 4
195.67 1 1 1 1
2 3 98.95 1 1
1 1 2 2 74.61
1 1 1 1 1
7 99.02 1 1 1
1 1 6 74.39 1
1 1 1 1 5
74.53 1 1 1 1
1 4 99.09 1 1
1 1 1 3 98.98
1 1 1 1 1
2 50 1 1 1
1 1 1
