49.6 7 7 7 7
7 68.31 6 7 7
7 7 68.44 6 6
7 7 7 68.3 6
6 6 7 7 68.97
6 6 6 6 7
49.58 6 6 6 6
6 67.99 5 7 7
7 7 85.76 5 6
7 7 7 87.81 5
6 6 7 7 87.75
5 6 6 6 7
87.38 5 6 6 6
6 68.34 5 5 7
7 7 87.72 5 5
6 7 7 88.03 5
5 6 6 7 87.24
5 5 6 6 6
68.28 5 5 5 7
7 87.46 5 5 5
6 7 87.38 5 5
5 6 6 68.46 5
5 5 5 7 87.77
5 5 5 5 6
49.66 5 5 5 5
5 68.79 4 7 7
7 7 86.07 4 6
7 7 7 88.18 4
6 6 7 7 87.54
4 6 6 6 7
88.01 4 6 6 6
6 85.74 4 5 7
7 7 102.67 4 5
6 7 7 104.77 4
5 6 6 7 104.68
4 5 6 6 6
87.6 4 5 5 7
7 105.12 4 5 5
6 7 106.11 4 5
5 6 6 87.69 4
5 5 5 7 105.37
4 5 5 5 6
88.06 4 5 5 5
5 68.69 4 4 7
7 7 87.74 4 4
6 7 7 87.04 4
4 6 6 7 87.8
4 4 6 6 6
87.97 4 4 5 7
7 105.19 4 4 5
6 7 107.11 4 4
5 6 6 87.69 4
4 5 5 7 105.74
4 4 5 5 6
87.54 4 4 5 5
5 68.43 4 4 4
7 7 87.59 4 4
4 6 7 87.56 4
4 4 6 6 87.53
4 4 4 5 7
104.91 4 4 4 5
6 86.69 4 4 4
5 5 68.9 4 4
4 4 7 87.91 4
4 4 4 6 87.97
4 4 4 4 5
49.56 4 4 4 4
4 69.11 3 7 7
7 7 85.79 3 6
7 7 7 84.35 3
6 6 7 7 87.09
3 6 6 6 7
68.22 3 6 6 6
6 86.16 3 5 7
7 7 103.09 3 5
6 7 7 101.69 3
5 6 6 7 104.47
3 5 6 6 6
84.59 3 5 5 7
7 102.51 3 5 5
6 7 99.79 3 5
5 6 6 87.34 3
5 5 5 7 105.58
3 5 5 5 6
68.59 3 5 5 5
5 85.64 3 4 7
7 7 103.71 3 4
6 7 7 102.87 3
4 6 6 7 104.64
3 4 6 6 6
103.61 3 4 5 7
7 119.71 3 4 5
6 7 120.29 3 4
5 6 6 102.75 3
4 5 5 7 118.88
3 4 5 5 6
105.07 3 4 5 5
5 88.22 3 4 4
7 7 104.46 3 4
4 6 7 103.18 3
4 4 6 6 105.84
3 4 4 5 7
121.19 3 4 4 5
6 103.11 3 4 4
5 5 87.81 3 4
4 4 7 105.63 3
4 4 4 6 104.99
3 4 4 4 5
87.09 3 4 4 4
4 68.56 3 3 7
7 7 84.59 3 3
6 7 7 84.23 3
3 6 6 7 68.49
3 3 6 6 6
84.28 3 3 5 7
7 100.1 3 3 5
6 7 100.18 3 3
5 6 6 84.63 3
3 5 5 7 100.11
3 3 5 5 6
68.77 3 3 5 5
5 86.89 3 3 4
7 7 102.69 3 3
4 6 7 102.21 3
3 4 6 6 102.9
3 3 4 5 7
118.66 3 3 4 5
6 102.83 3 3 4
5 5 88.06 3 3
4 4 7 104.57 3
3 4 4 6 103.5
3 3 4 4 5
87.83 3 3 4 4
4 68.39 3 3 3
7 7 86.12 3 3
3 6 7 68.23 3
3 3 6 6 85.56
3 3 3 5 7
103.98 3 3 3 5
6 68.52 3 3 3
5 5 87.72 3 3
3 4 7 105.3 3
3 3 4 6 104.8
3 3 3 4 5
86.97 3 3 3 4
4 68.69 3 3 3
3 7 68.55 3 3
3 3 6 68.32 3
3 3 3 5 87.71
3 3 3 3 4
49.52 3 3 3 3
3 68.71 2 7 7
7 7 86.16 2 6
7 7 7 84.71 2
6 6 7 7 87.74
2 6 6 6 7
68.39 2 6 6 6
6 85.11 2 5 7
7 7 103.24 2 5
6 7 7 102.03 2
5 6 6 7 106.04
2 5 6 6 6
87.74 2 5 5 7
7 105.14 2 5 5
6 7 103.29 2 5
5 6 6 87.57 2
5 5 5 7 104.8
2 5 5 5 6
87.66 2 5 5 5
5 86.06 2 4 7
7 7 101.5 2 4
6 7 7 102.28 2
4 6 6 7 105.01
2 4 6 6 6
103.35 2 4 5 7
7 119.94 2 4 5
6 7 119.72 2 4
5 6 6 104.61 2
4 5 5 7 120.66
2 4 5 5 6
105.32 2 4 5 5
5 84.56 2 4 4
7 7 101.23 2 4
4 6 7 101.08 2
4 4 6 6 102.64
2 4 4 5 7
119.18 2 4 4 5
6 103.61 2 4 4
5 5 87.01 2 4
4 4 7 105.99 2
4 4 4 6 105.54
2 4 4 4 5
68.59 2 4 4 4
4 103.46 2 3 7
7 7 100.67 2 3
6 7 7 105.76 2
3 6 6 7 86.1
2 3 6 6 6
119.53 2 3 5 7
7 117.51 2 3 5
6 7 121.82 2 3
5 6 6 119.9 2
3 5 5 7 116
2 3 5 5 6
123.2 2 3 5 5
5 119.18 2 3 4
7 7 117.14 2 3
4 6 7 123.26 2
3 4 6 6 135.7
2 3 4 5 7
135.34 2 3 4 5
6 135.82 2 3 4
5 5 119.29 2 3
4 4 7 116.46 2
3 4 4 6 136.22
2 3 4 4 5
122.34 2 3 4 4
4 100.58 2 3 3
7 7 103.09 2 3
3 6 7 87.14 2
3 3 6 6 116.42
2 3 3 5 7
120.1 2 3 3 5
6 116.75 2 3 3
5 5 117.93 2 3
3 4 7 121.35 2
3 3 4 6 133
2 3 3 4 5
115.99 2 3 3 4
4 104.66 2 3 3
3 7 87.44 2 3
3 3 6 121.88 2
3 3 3 5 122.57
2 3 3 3 4
87.27 2 3 3 3
3 68.35 2 2 7
7 7 84.94 2 2
6 7 7 84.55 2
2 6 6 7 68.25
2 2 6 6 6
87.38 2 2 5 7
7 103.47 2 2 5
6 7 103.29 2 2
5 6 6 88.07 2
2 5 5 7 104
2 2 5 5 6
87.67 2 2 5 5
5 83.51 2 2 4
7 7 100.44 2 2
4 6 7 100.78 2
2 4 6 6 103.28
2 2 4 5 7
120.47 2 2 4 5
6 103.52 2 2 4
5 5 84.53 2 2
4 4 7 100.89 2
2 4 4 6 103.36
2 2 4 4 5
68.43 2 2 4 4
4 100.39 2 2 3
7 7 103.69 2 2
3 6 7 87.84 2
2 3 6 6 118.43
2 2 3 5 7
121.15 2 2 3 5
6 117.15 2 2 3
5 5 116.38 2 2
3 4 7 119.21 2
2 3 4 6 134.79
2 2 3 4 5
117.24 2 2 3 4
4 100.42 2 2 3
3 7 87.63 2 2
3 3 6 116.38 2
2 3 3 5 117.17
2 2 3 3 4
87.23 2 2 3 3
3 68.93 2 2 2
7 7 86.35 2 2
2 6 7 68.39 2
2 2 6 6 87.5
2 2 2 5 7
104.23 2 2 2 5
6 87.1 2 2 2
5 5 85.32 2 2
2 4 7 103.43 2
2 2 4 6 105.22
2 2 2 4 5
68.42 2 2 2 4
4 105.63 2 2 2
3 7 87.3 2 2
2 3 6 122.06 2
2 2 3 5 122.57
2 2 2 3 4
87.09 2 2 2 3
3 68.22 2 2 2
2 7 68.6 2 2
2 2 6 87.5 2
2 2 2 5 68.39
2 2 2 2 4
87.75 2 2 2 2
3 49.6 2 2 2
2 2 68.63 1 7
7 7 7 85.72 1
6 7 7 7 87.36
1 6 6 7 7
87.45 1 6 6 6
7 87.28 1 6 6
6 6 86.09 1 5
7 7 7 103.05 1
5 6 7 7 105.3
1 5 6 6 7
104.5 1 5 6 6
6 84.87 1 5 5
7 7 102.71 1 5
5 6 7 104.06 1
5 5 6 6 87.27
1 5 5 5 7
105.53 1 5 5 5
6 68.31 1 5 5
5 5 85.52 1 4
7 7 7 104.22 1
4 6 7 7 105.05
1 4 6 6 7
105.61 1 4 6 6
6 102.35 1 4 5
7 7 119.23 1 4
5 6 7 121.46 1
4 5 6 6 101.93
1 4 5 5 7
119.02 1 4 5 5
6 105.1 1 4 5
5 5 84.68 1 4
4 7 7 103.48 1
4 4 6 7 103.26
1 4 4 6 6
102.35 1 4 4 5
7 120.31 1 4 4
5 6 101.13 1 4
4 5 5 87.9 1
4 4 4 7 104.7
1 4 4 4 6
105.22 1 4 4 4
5 68.72 1 4 4
4 4 103.83 1 3
7 7 7 120.05 1
3 6 7 7 119.36
1 3 6 6 7
122.85 1 3 6 6
6 100.52 1 3 5
7 7 118.09 1 3
5 6 7 116.87 1
3 5 6 6 105.17
1 3 5 5 7
122.95 1 3 5 5
6 86.16 1 3 5
5 5 119.9 1 3
4 7 7 135.68 1
3 4 6 7 135.6
1 3 4 6 6
117.33 1 3 4 5
7 134.55 1 3 4
5 6 122.17 1 3
4 5 5 118.84 1
3 4 4 7 134.72
1 3 4 4 6
117.58 1 3 4 4
5 122.25 1 3 4
4 4 99.82 1 3
3 7 7 116.42 1
3 3 6 7 117.25
1 3 3 6 6
103.83 1 3 3 5
7 120.07 1 3 3
5 6 87.07 1 3
3 5 5 118.18 1
3 3 4 7 134.57
1 3 3 4 6
120.82 1 3 3 4
5 115.85 1 3 3
4 4 105.29 1 3
3 3 7 121.93 1
3 3 3 6 87.13
1 3 3 3 5
123 1 3 3 3
4 87.64 1 3 3
3 3 103.75 1 2
7 7 7 119.2 1
2 6 7 7 119.3
1 2 6 6 7
122.55 1 2 6 6
6 119.86 1 2 5
7 7 135.47 1 2
5 6 7 135.7 1
2 5 6 6 119.95
1 2 5 5 7
134.97 1 2 5 5
6 121.93 1 2 5
5 5 100.64 1 2
4 7 7 118.7 1
2 4 6 7 116.35
1 2 4 6 6
118.95 1 2 4 5
7 135.14 1 2 4
5 6 115.89 1 2
4 5 5 105.34 1
2 4 4 7 122.51
1 2 4 4 6
123.11 1 2 4 4
5 85.78 1 2 4
4 4 152 1 2
3 7 7 149 1
2 3 6 7 154.19
1 2 3 6 6
150.54 1 2 3 5
7 150.3 1 2 3
5 6 155.01 1 2
3 5 5 151.09 1
2 3 4 7 147.71
1 2 3 4 6
148.6 1 2 3 4
5 152.83 1 2 3
4 4 149.17 1 2
3 3 7 152 1
2 3 3 6 151.4
1 2 3 3 5
145.55 1 2 3 3
4 157.8 1 2 3
3 3 100.65 1 2
2 7 7 117.15 1
2 2 6 7 117.19
1 2 2 6 6
117.94 1 2 2 5
7 134.36 1 2 2
5 6 116.6 1 2
2 5 5 103.54 1
2 2 4 7 120.39
1 2 2 4 6
120 1 2 2 4
5 87.44 1 2 2
4 4 149.05 1 2
2 3 7 152.28 1
2 2 3 6 146.47
1 2 2 3 5
151.54 1 2 2 3
4 146.11 1 2 2
3 3 104.57 1 2
2 2 7 123.07 1
2 2 2 6 122.63
1 2 2 2 5
87.66 1 2 2 2
4 157.94 1 2 2
2 3 87.59 1 2
2 2 2 68.52 1
1 7 7 7 87.48
1 1 6 7 7
87.09 1 1 6 6
7 88.02 1 1 6
6 6 84.43 1 1
5 7 7 103.59 1
1 5 6 7 103.5
1 1 5 6 6
84.44 1 1 5 5
7 104.13 1 1 5
5 6 68.16 1 1
5 5 5 84 1
1 4 7 7 103.67
1 1 4 6 7
102.7 1 1 4 6
6 100.33 1 1 4
5 7 119.28 1 1
4 5 6 100.28 1
1 4 5 5 84.29
1 1 4 4 7
103.79 1 1 4 4
6 100.26 1 1 4
4 5 68.13 1 1
4 4 4 100.21 1
1 3 7 7 117.84
1 1 3 6 7
116.19 1 1 3 6
6 102.7 1 1 3
5 7 120.8 1 1
3 5 6 87.67 1
1 3 5 5 116.26
1 1 3 4 7
134.03 1 1 3 4
6 119.75 1 1 3
4 5 116.12 1 1
3 4 4 100.96 1
1 3 3 7 115.81
1 1 3 3 6
87.73 1 1 3 3
5 115.85 1 1 3
3 4 87.86 1 1
3 3 3 100.58 1
1 2 7 7 118.18
1 1 2 6 7
116.06 1 1 2 6
6 116.19 1 1 2
5 7 134.35 1 1
2 5 6 116.2 1
1 2 5 5 103.22
1 1 2 4 7
121.34 1 1 2 4
6 120.24 1 1 2
4 5 87.71 1 1
2 4 4 149.59 1
1 2 3 7 145.97
1 1 2 3 6
151.98 1 1 2 3
5 152 1 1 2
3 4 144.82 1 1
2 3 3 100.75 1
1 2 2 7 116.04
1 1 2 2 6
116.92 1 1 2 2
5 87.29 1 1 2
2 4 145.52 1 1
2 2 3 87.41 1
1 2 2 2 68.33
1 1 1 7 7
87.34 1 1 1 6
7 87.26 1 1 1
6 6 86.12 1 1
1 5 7 104.84 1
1 1 5 6 68.39
1 1 1 5 5
86.5 1 1 1 4
7 104.42 1 1 1
4 6 104.3 1 1
1 4 5 68.38 1
1 1 4 4 104.58
1 1 1 3 7
123.73 1 1 1 3
6 87.15 1 1 1
3 5 122.35 1 1
1 3 4 87.07 1
1 1 3 3 105.42
1 1 1 2 7
121.68 1 1 1 2
6 121.2 1 1 1
2 5 87.77 1 1
1 2 4 157.73 1
1 1 2 3 87.5
1 1 1 2 2
68.27 1 1 1 1
7 87.85 1 1 1
1 6 68.65 1 1
1 1 5 68.39 1
1 1 1 4 87.13
1 1 1 1 3
87.08 1 1 1 1
2 49.64 1 1 1
1 1
