43.63 7 7 7 7
7 7 7 7 52.23
6 7 7 7 7
7 7 7 50.99 6
6 7 7 7 7
7 7 54.67 6 6
6 7 7 7 7
7 53.43 6 6 6
6 7 7 7 7
54.44 6 6 6 6
6 7 7 7 50.71
6 6 6 6 6
6 7 7 52.44 6
6 6 6 6 6
6 7 43.51 6 6
6 6 6 6 6
6 52.09 5 7 7
7 7 7 7 7
59.17 5 6 7 7
7 7 7 7 59.35
5 6 6 7 7
7 7 7 61.85 5
6 6 6 7 7
7 7 61.62 5 6
6 6 6 7 7
7 62.88 5 6 6
6 6 6 7 7
59.34 5 6 6 6
6 6 6 7 61.63
5 6 6 6 6
6 6 6 52.44 5
5 7 7 7 7
7 7 59.84 5 5
6 7 7 7 7
7 58.1 5 5 6
6 7 7 7 7
60.87 5 5 6 6
6 7 7 7 59.09
5 5 6 6 6
6 7 7 62.15 5
5 6 6 6 6
6 7 58.32 5 5
6 6 6 6 6
6 55.2 5 5 5
7 7 7 7 7
63.28 5 5 5 6
7 7 7 7 62.95
5 5 5 6 6
7 7 7 64.35 5
5 5 6 6 6
7 7 62.45 5 5
5 6 6 6 6
7 65.74 5 5 5
6 6 6 6 6
53.08 5 5 5 5
7 7 7 7 61.49
5 5 5 5 6
7 7 7 60.13 5
5 5 5 6 6
7 7 63.63 5 5
5 5 6 6 6
7 60.98 5 5 5
5 6 6 6 6
55.01 5 5 5 5
5 7 7 7 63.23
5 5 5 5 5
6 7 7 61.77 5
5 5 5 5 6
6 7 66.32 5 5
5 5 5 6 6
6 51.64 5 5 5
5 5 5 7 7
59.35 5 5 5 5
5 5 6 7 58.36
5 5 5 5 5
5 6 6 52.46 5
5 5 5 5 5
5 7 60.57 5 5
5 5 5 5 5
6 43.79 5 5 5
5 5 5 5 5
52.52 4 7 7 7
7 7 7 7 58.78
4 6 7 7 7
7 7 7 58.87 4
6 6 7 7 7
7 7 62.53 4 6
6 6 7 7 7
7 61.28 4 6 6
6 6 7 7 7
62 4 6 6 6
6 6 7 7 60.26
4 6 6 6 6
6 6 7 60.33 4
6 6 6 6 6
6 6 59.29 4 5
7 7 7 7 7
7 64.11 4 5 6
7 7 7 7 7
65.6 4 5 6 6
7 7 7 7 67.63
4 5 6 6 6
7 7 7 67.5 4
5 6 6 6 6
7 7 68.67 4 5
6 6 6 6 6
7 66.79 4 5 6
6 6 6 6 6
58.63 4 5 5 7
7 7 7 7 66.1
4 5 5 6 7
7 7 7 66.54 4
5 5 6 6 7
7 7 68.31 4 5
5 6 6 6 7
7 67.95 4 5 5
6 6 6 6 7
69.48 4 5 5 6
6 6 6 6 62.18
4 5 5 5 7
7 7 7 66.53 4
5 5 5 6 7
7 7 68.39 4 5
5 5 6 6 7
7 71 4 5 5
5 6 6 6 7
70.23 4 5 5 5
6 6 6 6 60.98
4 5 5 5 5
7 7 7 67.25 4
5 5 5 5 6
7 7 68.7 4 5
5 5 5 6 6
7 71.11 4 5 5
5 5 6 6 6
62.42 4 5 5 5
5 5 7 7 67.75
4 5 5 5 5
5 6 7 69.33 4
5 5 5 5 5
6 6 60.77 4 5
5 5 5 5 5
7 65.25 4 5 5
5 5 5 5 6
61.72 4 5 5 5
5 5 5 5 51.65
4 4 7 7 7
7 7 7 59.35 4
4 6 7 7 7
7 7 59.35 4 4
6 6 7 7 7
7 61.97 4 4 6
6 6 7 7 7
59.16 4 4 6 6
6 6 7 7 62.15
4 4 6 6 6
6 6 7 59.55 4
4 6 6 6 6
6 6 59.97 4 4
5 7 7 7 7
7 65.58 4 4 5
6 7 7 7 7
66.01 4 4 5 6
6 7 7 7 68.52
4 4 5 6 6
6 7 7 68.31 4
4 5 6 6 6
6 7 70.07 4 4
5 6 6 6 6
6 58.48 4 4 5
5 7 7 7 7
65.94 4 4 5 5
6 7 7 7 65.08
4 4 5 5 6
6 7 7 69.17 4
4 5 5 6 6
6 7 67.64 4 4
5 5 6 6 6
6 61.97 4 4 5
5 5 7 7 7
68.71 4 4 5 5
5 6 7 7 68.33
4 4 5 5 5
6 6 7 71.38 4
4 5 5 5 6
6 6 60.14 4 4
5 5 5 5 7
7 68.85 4 4 5
5 5 5 6 7
66.45 4 4 5 5
5 5 6 6 62.59
4 4 5 5 5
5 5 7 70.2 4
4 5 5 5 5
5 6 59.03 4 4
5 5 5 5 5
5 54.73 4 4 4
7 7 7 7 7
61.57 4 4 4 6
7 7 7 7 61.78
4 4 4 6 6
7 7 7 65.16 4
4 4 6 6 6
7 7 64.54 4 4
4 6 6 6 6
7 65.69 4 4 4
6 6 6 6 6
61.75 4 4 4 5
7 7 7 7 68.26
4 4 4 5 6
7 7 7 68.24 4
4 4 5 6 6
7 7 70.92 4 4
4 5 6 6 6
7 70.07 4 4 4
5 6 6 6 6
62.25 4 4 4 5
5 7 7 7 69.1
4 4 4 5 5
6 7 7 68.92 4
4 4 5 5 6
6 7 72.06 4 4
4 5 5 6 6
6 64.87 4 4 4
5 5 5 7 7
71.09 4 4 4 5
5 5 6 7 72.45
4 4 4 5 5
5 6 6 63.93 4
4 4 5 5 5
5 7 71.37 4 4
4 5 5 5 5
6 64.93 4 4 4
5 5 5 5 5
52.41 4 4 4 4
7 7 7 7 61.23
4 4 4 4 6
7 7 7 60.35 4
4 4 4 6 6
7 7 64.1 4 4
4 4 6 6 6
7 61 4 4 4
4 6 6 6 6
60.41 4 4 4 4
5 7 7 7 67.4
4 4 4 4 5
6 7 7 68.04 4
4 4 4 5 6
6 7 71.15 4 4
4 4 5 6 6
6 59.94 4 4 4
4 5 5 7 7
68.34 4 4 4 4
5 5 6 7 66.21
4 4 4 4 5
5 6 6 63.24 4
4 4 4 5 5
5 7 71.13 4 4
4 4 5 5 5
6 62.1 4 4 4
4 5 5 5 5
54.96 4 4 4 4
4 7 7 7 62.14
4 4 4 4 4
6 7 7 62.49 4
4 4 4 4 6
6 7 65.35 4 4
4 4 4 6 6
6 62.79 4 4 4
4 4 5 7 7
69.95 4 4 4 4
4 5 6 7 70.59
4 4 4 4 4
5 6 6 62.82 4
4 4 4 4 5
5 7 69.91 4 4
4 4 4 5 5
6 65.52 4 4 4
4 4 5 5 5
51.08 4 4 4 4
4 4 7 7 60.13
4 4 4 4 4
4 6 7 58.32 4
4 4 4 4 4
6 6 59.55 4 4
4 4 4 4 5
7 66.24 4 4 4
4 4 4 5 6
59.17 4 4 4 4
4 4 5 5 53.1
4 4 4 4 4
4 4 7 61.63 4
4 4 4 4 4
4 6 61.82 4 4
4 4 4 4 4
5 43.95 4 4 4
4 4 4 4 4
51.93 3 7 7 7
7 7 7 7 57.63
3 6 7 7 7
7 7 7 59.47 3
6 6 7 7 7
7 7 59.75 3 6
6 6 7 7 7
7 60.59 3 6 6
6 6 7 7 7
58.91 3 6 6 6
6 6 7 7 59.54
3 6 6 6 6
6 6 7 52.08 3
6 6 6 6 6
6 6 57.45 3 5
7 7 7 7 7
7 61.49 3 5 6
7 7 7 7 7
64.36 3 5 6 6
7 7 7 7 65.11
3 5 6 6 6
7 7 7 67.06 3
5 6 6 6 6
7 7 64.82 3 5
6 6 6 6 6
7 64.89 3 5 6
6 6 6 6 6
59.14 3 5 5 7
7 7 7 7 64.56
3 5 5 6 7
7 7 7 66.92 3
5 5 6 6 7
7 7 67.27 3 5
5 6 6 6 7
7 67.88 3 5 5
6 6 6 6 7
66.98 3 5 5 6
6 6 6 6 61.01
3 5 5 5 7
7 7 7 64.7 3
5 5 5 6 7
7 7 66.64 3 5
5 5 6 6 7
7 67.19 3 5 5
5 6 6 6 7
68.35 3 5 5 5
6 6 6 6 61.52
3 5 5 5 5
7 7 7 66.81 3
5 5 5 5 6
7 7 68.02 3 5
5 5 5 6 6
7 69.1 3 5 5
5 5 6 6 6
59.43 3 5 5 5
5 5 7 7 65.33
3 5 5 5 5
5 6 7 65.87 3
5 5 5 5 5
6 6 59.89 3 5
5 5 5 5 5
7 65.84 3 5 5
5 5 5 5 6
52.54 3 5 5 5
5 5 5 5 58.66
3 4 7 7 7
7 7 7 63.3 3
4 6 7 7 7
7 7 66.18 3 4
6 6 7 7 7
7 66.29 3 4 6
6 6 7 7 7
66.18 3 4 6 6
6 6 7 7 66.2
3 4 6 6 6
6 6 7 66.04 3
4 6 6 6 6
6 6 64.79 3 4
5 7 7 7 7
7 68 3 4 5
6 7 7 7 7
71.71 3 4 5 6
6 7 7 7 70.81
3 4 5 6 6
6 7 7 72.88 3
4 5 6 6 6
6 7 70.34 3 4
5 6 6 6 6
6 65.73 3 4 5
5 7 7 7 7
71.75 3 4 5 5
6 7 7 7 70.86
3 4 5 5 6
6 7 7 72.29 3
4 5 5 6 6
6 7 73.61 3 4
5 5 6 6 6
6 66.7 3 4 5
5 5 7 7 7
70.47 3 4 5 5
5 6 7 7 72.75
3 4 5 5 5
6 6 7 73.84 3
4 5 5 5 6
6 6 67.78 3 4
5 5 5 5 7
7 71.96 3 4 5
5 5 5 6 7
73.74 3 4 5 5
5 5 6 6 66.57
3 4 5 5 5
5 5 7 71.5 3
4 5 5 5 5
5 6 65.92 3 4
5 5 5 5 5
5 59.67 3 4 4
7 7 7 7 7
65.03 3 4 4 6
7 7 7 7 65.37
3 4 4 6 6
7 7 7 67.2 3
4 4 6 6 6
7 7 68.67 3 4
4 6 6 6 6
7 66.35 3 4 4
6 6 6 6 6
64.54 3 4 4 5
7 7 7 7 68.08
3 4 4 5 6
7 7 7 70.39 3
4 4 5 6 6
7 7 71.96 3 4
4 5 6 6 6
7 74 3 4 4
5 6 6 6 6
66.97 3 4 4 5
5 7 7 7 70.95
3 4 4 5 5
6 7 7 73.47 3
4 4 5 5 6
6 7 74.2 3 4
4 5 5 6 6
6 67.07 3 4 4
5 5 5 7 7
71.77 3 4 4 5
5 5 6 7 74.2
3 4 4 5 5
5 6 6 67.74 3
4 4 5 5 5
5 7 73.6 3 4
4 5 5 5 5
6 66.41 3 4 4
5 5 5 5 5
61.89 3 4 4 4
7 7 7 7 66.35
3 4 4 4 6
7 7 7 69.49 3
4 4 4 6 6
7 7 68.54 3 4
4 4 6 6 6
7 71.13 3 4 4
4 6 6 6 6
67.3 3 4 4 4
5 7 7 7 70.43
3 4 4 4 5
6 7 7 73.36 3
4 4 4 5 6
6 7 75.04 3 4
4 4 5 6 6
6 68.9 3 4 4
4 5 5 7 7
73.71 3 4 4 4
5 5 6 7 75.9
3 4 4 4 5
5 6 6 70.36 3
4 4 4 5 5
5 7 74.22 3 4
4 4 5 5 5
6 70.8 3 4 4
4 5 5 5 5
61.25 3 4 4 4
4 7 7 7 67.28
3 4 4 4 4
6 7 7 68.28 3
4 4 4 4 6
6 7 69.17 3 4
4 4 4 6 6
6 66.58 3 4 4
4 4 5 7 7
69.45 3 4 4 4
4 5 6 7 72.91
3 4 4 4 4
5 6 6 68.05 3
4 4 4 4 5
5 7 73.46 3 4
4 4 4 5 5
6 68.58 3 4 4
4 4 5 5 5
61.33 3 4 4 4
4 4 7 7 67.5
3 4 4 4 4
4 6 7 69.71 3
4 4 4 4 4
6 6 67.54 3 4
4 4 4 4 5
7 71.55 3 4 4
4 4 4 5 6
69.44 3 4 4 4
4 4 5 5 60.38
3 4 4 4 4
4 4 7 64.62 3
4 4 4 4 4
4 6 65.79 3 4
4 4 4 4 4
5 62.13 3 4 4
4 4 4 4 4
50.75 3 3 7 7
7 7 7 7 58.98
3 3 6 7 7
7 7 7 57.57 3
3 6 6 7 7
7 7 60.86 3 3
6 6 6 7 7
7 57.41 3 3 6
6 6 6 7 7
59.11 3 3 6 6
6 6 6 7 50.93
3 3 6 6 6
6 6 6 58.82 3
3 5 7 7 7
7 7 64.65 3 3
5 6 7 7 7
7 63.73 3 3 5
6 6 7 7 7
67.15 3 3 5 6
6 6 7 7 65.08
3 3 5 6 6
6 6 7 66.51 3
3 5 6 6 6
6 6 57.16 3 3
5 5 7 7 7
7 63.83 3 3 5
5 6 7 7 7
63.52 3 3 5 5
6 6 7 7 66.78
3 3 5 5 6
6 6 7 63 3
3 5 5 6 6
6 6 60.55 3 3
5 5 5 7 7
7 66.81 3 3 5
5 5 6 7 7
66.74 3 3 5 5
5 6 6 7 69.95
3 3 5 5 5
6 6 6 56.95 3
3 5 5 5 5
7 7 64.62 3 3
5 5 5 5 6
7 63.1 3 3 5
5 5 5 6 6
59.64 3 3 5 5
5 5 5 7 67.08
3 3 5 5 5
5 5 6 51.09 3
3 5 5 5 5
5 5 60.06 3 3
4 7 7 7 7
7 66.48 3 3 4
6 7 7 7 7
64.11 3 3 4 6
6 7 7 7 68.4
3 3 4 6 6
6 7 7 64.38 3
3 4 6 6 6
6 7 68.85 3 3
4 6 6 6 6
6 66.95 3 3 4
5 7 7 7 7
70.64 3 3 4 5
6 7 7 7 71.01
3 3 4 5 6
6 7 7 74.69 3
3 4 5 6 6
6 7 72.03 3 3
4 5 6 6 6
6 65.93 3 3 4
5 5 7 7 7
71.8 3 3 4 5
5 6 7 7 71.01
3 3 4 5 5
6 6 7 74.43 3
3 4 5 5 6
6 6 68.63 3 3
4 5 5 5 7
7 74.05 3 3 4
5 5 5 6 7
74.25 3 3 4 5
5 5 6 6 66.33
3 3 4 5 5
5 5 7 73.04 3
3 4 5 5 5
5 6 67.04 3 3
4 5 5 5 5
5 57.56 3 3 4
4 7 7 7 7
66.6 3 3 4 4
6 7 7 7 64.31
3 3 4 4 6
6 7 7 68.52 3
3 4 4 6 6
6 7 64.39 3 3
4 4 6 6 6
6 66.48 3 3 4
4 5 7 7 7
71.39 3 3 4 4
5 6 7 7 71.02
3 3 4 4 5
6 6 7 75.06 3
3 4 4 5 6
6 6 64 3 3
4 4 5 5 7
7 71.31 3 3 4
4 5 5 6 7
70.18 3 3 4 4
5 5 6 6 66.26
3 3 4 4 5
5 5 7 74.19 3
3 4 4 5 5
5 6 65.04 3 3
4 4 5 5 5
5 61.81 3 3 4
4 4 7 7 7
68.74 3 3 4 4
4 6 7 7 69.07
3 3 4 4 4
6 6 7 71.75 3
3 4 4 4 6
6 6 69.24 3 3
4 4 4 5 7
7 73.89 3 3 4
4 4 5 6 7
75.29 3 3 4 4
4 5 6 6 68.02
3 3 4 4 4
5 5 7 74.4 3
3 4 4 4 5
5 6 71.97 3 3
4 4 4 5 5
5 60.36 3 3 4
4 4 4 7 7
67 3 3 4 4
4 4 6 7 65.65
3 3 4 4 4
4 6 6 68.51 3
3 4 4 4 4
5 7 74.42 3 3
4 4 4 4 5
6 65.81 3 3 4
4 4 4 5 5
61.71 3 3 4 4
4 4 4 7 70.01
3 3 4 4 4
4 4 6 69.26 3
3 4 4 4 4
4 5 58.59 3 3
4 4 4 4 4
4 54.12 3 3 3
7 7 7 7 7
59.46 3 3 3 6
7 7 7 7 60.59
3 3 3 6 6
7 7 7 61.17 3
3 3 6 6 6
7 7 61.38 3 3
3 6 6 6 6
7 54.69 3 3 3
6 6 6 6 6
59.66 3 3 3 5
7 7 7 7 64.14
3 3 3 5 6
7 7 7 66.54 3
3 3 5 6 6
7 7 64.88 3 3
3 5 6 6 6
7 66.14 3 3 3
5 6 6 6 6
61.61 3 3 3 5
5 7 7 7 65.73
3 3 3 5 5
6 7 7 67.67 3
3 3 5 5 6
6 7 66.73 3 3
3 5 5 6 6
6 59.8 3 3 3
5 5 5 7 7
65.31 3 3 3 5
5 5 6 7 66.11
3 3 3 5 5
5 6 6 61.09 3
3 3 5 5 5
5 7 65.76 3 3
3 5 5 5 5
6 55.08 3 3 3
5 5 5 5 5
61.61 3 3 3 4
7 7 7 7 66.95
3 3 3 4 6
7 7 7 68.23 3
3 3 4 6 6
7 7 67.8 3 3
3 4 6 6 6
7 68.48 3 3 3
4 6 6 6 6
68.27 3 3 3 4
5 7 7 7 71.41
3 3 3 4 5
6 7 7 73.9 3
3 3 4 5 6
6 7 73.35 3 3
3 4 5 6 6
6 68.17 3 3 3
4 5 5 7 7
73.57 3 3 3 4
5 5 6 7 74.94
3 3 3 4 5
5 6 6 67.96 3
3 3 4 5 5
5 7 73.73 3 3
3 4 5 5 5
6 68.5 3 3 3
4 5 5 5 5
62.06 3 3 3 4
4 7 7 7 67.21
3 3 3 4 4
6 7 7 68.39 3
3 3 4 4 6
6 7 67.82 3 3
3 4 4 6 6
6 66.52 3 3 3
4 4 5 7 7
71.05 3 3 3 4
4 5 6 7 73.69
3 3 3 4 4
5 6 6 67.38 3
3 3 4 4 5
5 7 74.39 3 3
3 4 4 5 5
6 68.28 3 3 3
4 4 5 5 5
65.31 3 3 3 4
4 4 7 7 70.04
3 3 3 4 4
4 6 7 71.04 3
3 3 4 4 4
6 6 70.23 3 3
3 4 4 4 5
7 74.37 3 3 3
4 4 4 5 6
70.85 3 3 3 4
4 4 5 5 62.61
3 3 3 4 4
4 4 7 68.96 3
3 3 4 4 4
4 6 69.01 3 3
3 4 4 4 4
5 65.09 3 3 3
4 4 4 4 4
52.4 3 3 3 3
7 7 7 7 59.32
3 3 3 3 6
7 7 7 57.52 3
3 3 3 6 6
7 7 60.18 3 3
3 3 6 6 6
7 52.51 3 3 3
3 6 6 6 6
59.7 3 3 3 3
5 7 7 7 65.53
3 3 3 3 5
6 7 7 64.16 3
3 3 3 5 6
6 7 67.28 3 3
3 3 5 6 6
6 56.95 3 3 3
3 5 5 7 7
64.48 3 3 3 3
5 5 6 7 61.26
3 3 3 3 5
5 6 6 60.24 3
3 3 3 5 5
5 7 66.75 3 3
3 3 5 5 5
6 52.64 3 3 3
3 5 5 5 5
61.31 3 3 3 3
4 7 7 7 68.52
3 3 3 3 4
6 7 7 65.11 3
3 3 3 4 6
6 7 68.11 3 3
3 3 4 6 6
6 67.82 3 3 3
3 4 5 7 7
73.69 3 3 3 3
4 5 6 7 72.17
3 3 3 3 4
5 6 6 64.13 3
3 3 3 4 5
5 7 72.5 3 3
3 3 4 5 5
6 68.83 3 3 3
3 4 5 5 5
59.56 3 3 3 3
4 4 7 7 66.78
3 3 3 3 4
4 6 7 64.34 3
3 3 3 4 4
6 6 66.02 3 3
3 3 4 4 5
7 72.42 3 3 3
3 4 4 5 6
65.46 3 3 3 3
4 4 5 5 64.06
3 3 3 3 4
4 4 7 70.87 3
3 3 3 4 4
4 6 70.85 3 3
3 3 4 4 4
5 61.04 3 3 3
3 4 4 4 4
54.41 3 3 3 3
3 7 7 7 58.97
3 3 3 3 3
6 7 7 59.75 3
3 3 3 3 6
6 7 54.52 3 3
3 3 3 6 6
6 59.04 3 3 3
3 3 5 7 7
62.78 3 3 3 3
3 5 6 7 63.5
3 3 3 3 3
5 6 6 58.63 3
3 3 3 3 5
5 7 62.76 3 3
3 3 3 5 5
6 54.44 3 3 3
3 3 5 5 5
62.93 3 3 3 3
3 4 7 7 67.19
3 3 3 3 3
4 6 7 67.05 3
3 3 3 3 4
6 6 66.81 3 3
3 3 3 4 5
7 71.94 3 3 3
3 3 4 5 6
67.23 3 3 3 3
3 4 5 5 61.85
3 3 3 3 3
4 4 7 66.58 3
3 3 3 3 4
4 6 65.9 3 3
3 3 3 4 4
5 64.7 3 3 3
3 3 4 4 4
50.53 3 3 3 3
3 3 7 7 57.86
3 3 3 3 3
3 6 7 51.27 3
3 3 3 3 3
6 6 57.38 3 3
3 3 3 3 5
7 64.54 3 3 3
3 3 3 5 6
51.17 3 3 3 3
3 3 5 5 59.54
3 3 3 3 3
3 4 7 66.38 3
3 3 3 3 3
4 6 65.22 3 3
3 3 3 3 4
5 58.46 3 3 3
3 3 3 4 4
52.44 3 3 3 3
3 3 3 7 52.44
3 3 3 3 3
3 3 6 52.32 3
3 3 3 3 3
3 5 60.78 3 3
3 3 3 3 3
4 43.98 3 3 3
3 3 3 3 3
51.79 2 7 7 7
7 7 7 7 57.93
2 6 7 7 7
7 7 7 59.2 2
6 6 7 7 7
7 7 59.92 2 6
6 6 7 7 7
7 60.35 2 6 6
6 6 7 7 7
58.19 2 6 6 6
6 6 7 7 58.89
2 6 6 6 6
6 6 7 52.05 2
6 6 6 6 6
6 6 59.22 2 5
7 7 7 7 7
7 63.86 2 5 6
7 7 7 7 7
65.63 2 5 6 6
7 7 7 7 66.33
2 5 6 6 6
7 7 7 67.44 2
5 6 6 6 6
7 7 66.3 2 5
6 6 6 6 6
7 66.67 2 5 6
6 6 6 6 6
59.75 2 5 5 7
7 7 7 7 64.32
2 5 5 6 7
7 7 7 65.68 2
5 5 6 6 7
7 7 66.09 2 5
5 6 6 6 7
7 68.35 2 5 5
6 6 6 6 7
66.39 2 5 5 6
6 6 6 6 62.37
2 5 5 5 7
7 7 7 67.41 2
5 5 5 6 7
7 7 67.78 2 5
5 5 6 6 7
7 69.86 2 5 5
5 6 6 6 7
70.11 2 5 5 5
6 6 6 6 60.5
2 5 5 5 5
7 7 7 66.45 2
5 5 5 5 6
7 7 68.06 2 5
5 5 5 6 6
7 68.25 2 5 5
5 5 6 6 6
62.87 2 5 5 5
5 5 7 7 67.45
2 5 5 5 5
5 6 7 69.31 2
5 5 5 5 5
6 6 59.07 2 5
5 5 5 5 5
7 65.21 2 5 5
5 5 5 5 6
62.18 2 5 5 5
5 5 5 5 56.49
2 4 7 7 7
7 7 7 61.92 2
4 6 7 7 7
7 7 63.95 2 4
6 6 7 7 7
7 64.27 2 4 6
6 6 7 7 7
66.39 2 4 6 6
6 6 7 7 64.14
2 4 6 6 6
6 6 7 65.88 2
4 6 6 6 6
6 6 63.46 2 4
5 7 7 7 7
7 69.21 2 4 5
6 7 7 7 7
71.13 2 4 5 6
6 7 7 7 71.91
2 4 5 6 6
6 7 7 72.45 2
4 5 6 6 6
6 7 71.5 2 4
5 6 6 6 6
6 65.01 2 4 5
5 7 7 7 7
68.73 2 4 5 5
6 7 7 7 71.88
2 4 5 5 6
6 7 7 72.08 2
4 5 5 6 6
6 7 72.63 2 4
5 5 6 6 6
6 66.63 2 4 5
5 5 7 7 7
70.73 2 4 5 5
5 6 7 7 74.84
2 4 5 5 5
6 6 7 74.53 2
4 5 5 5 6
6 6 65.54 2 4
5 5 5 5 7
7 70.88 2 4 5
5 5 5 6 7
73.02 2 4 5 5
5 5 6 6 68.73
2 4 5 5 5
5 5 7 71.63 2
4 5 5 5 5
5 6 64.46 2 4
5 5 5 5 5
5 59.61 2 4 4
7 7 7 7 7
64.27 2 4 4 6
7 7 7 7 65.98
2 4 4 6 6
7 7 7 67.84 2
4 4 6 6 6
7 7 68.54 2 4
4 6 6 6 6
7 65.97 2 4 4
6 6 6 6 6
64.39 2 4 4 5
7 7 7 7 70.1
2 4 4 5 6
7 7 7 71.22 2
4 4 5 6 6
7 7 72.66 2 4
4 5 6 6 6
7 73.97 2 4 4
5 6 6 6 6
65.91 2 4 4 5
5 7 7 7 71.76
2 4 4 5 5
6 7 7 73.35 2
4 4 5 5 6
6 7 74.06 2 4
4 5 5 6 6
6 68.88 2 4 4
5 5 5 7 7
73.24 2 4 4 5
5 5 6 7 75.68
2 4 4 5 5
5 6 6 67.49 2
4 4 5 5 5
5 7 72.61 2 4
4 5 5 5 5
6 69.43 2 4 4
5 5 5 5 5
59.43 2 4 4 4
7 7 7 7 64.45
2 4 4 4 6
7 7 7 66.27 2
4 4 4 6 6
7 7 67.68 2 4
4 4 6 6 6
7 68.41 2 4 4
4 6 6 6 6
67.25 2 4 4 4
5 7 7 7 71.22
2 4 4 4 5
6 7 7 72.63 2
4 4 4 5 6
6 7 74.37 2 4
4 4 5 6 6
6 67.09 2 4 4
4 5 5 7 7
72.56 2 4 4 4
5 5 6 7 73.77
2 4 4 4 5
5 6 6 69.33 2
4 4 4 5 5
5 7 74.6 2 4
4 4 5 5 5
6 68.49 2 4 4
4 5 5 5 5
60.91 2 4 4 4
4 7 7 7 66.54
2 4 4 4 4
6 7 7 68.05 2
4 4 4 4 6
6 7 69.25 2 4
4 4 4 6 6
6 67.26 2 4 4
4 4 5 7 7
71.71 2 4 4 4
4 5 6 7 73.14
2 4 4 4 4
5 6 6 67.09 2
4 4 4 4 5
5 7 73.3 2 4
4 4 4 5 5
6 69.93 2 4 4
4 4 5 5 5
58.49 2 4 4 4
4 4 7 7 64.52
2 4 4 4 4
4 6 7 65.98 2
4 4 4 4 4
6 6 65.32 2 4
4 4 4 4 5
7 70.04 2 4 4
4 4 4 5 6
67.28 2 4 4 4
4 4 5 5 60.18
2 4 4 4 4
4 4 7 65.35 2
4 4 4 4 4
4 6 66.06 2 4
4 4 4 4 4
5 52.48 2 4 4
4 4 4 4 4
64.31 2 3 7 7
7 7 7 7 63.74
2 3 6 7 7
7 7 7 65.03 2
3 6 6 7 7
7 7 67.86 2 3
6 6 6 7 7
7 65.56 2 3 6
6 6 6 7 7
65.47 2 3 6 6
6 6 6 7 59.28
2 3 6 6 6
6 6 6 68.56 2
3 5 7 7 7
7 7 68.64 2 3
5 6 7 7 7
7 71.64 2 3 5
6 6 7 7 7
71.67 2 3 5 6
6 6 7 7 71.21
2 3 5 6 6
6 6 7 70.2 2
3 5 6 6 6
6 6 69.39 2 3
5 5 7 7 7
7 70.56 2 3 5
5 6 7 7 7
72.31 2 3 5 5
6 6 7 7 72.81
2 3 5 5 6
6 6 7 71.47 2
3 5 5 6 6
6 6 71.5 2 3
5 5 5 7 7
7 72.79 2 3 5
5 5 6 7 7
73.1 2 3 5 5
5 6 6 7 74.14
2 3 5 5 5
6 6 6 72.18 2
3 5 5 5 5
7 7 72.37 2 3
5 5 5 5 6
7 73.71 2 3 5
5 5 5 6 6
70.64 2 3 5 5
5 5 5 7 70.75
2 3 5 5 5
5 5 6 71.73 2
3 5 5 5 5
5 5 67.93 2 3
4 7 7 7 7
7 68.7 2 3 4
6 7 7 7 7
71.34 2 3 4 6
6 7 7 7 71.85
2 3 4 6 6
6 7 7 69.81 2
3 4 6 6 6
6 7 70.9 2 3
4 6 6 6 6
6 72.85 2 3 4
5 7 7 7 7
74.61 2 3 4 5
6 7 7 7 76
2 3 4 5 6
6 7 7 75.65 2
3 4 5 6 6
6 7 76.44 2 3
4 5 6 6 6
6 73.63 2 3 4
5 5 7 7 7
75.5 2 3 4 5
5 6 7 7 78.07
2 3 4 5 5
6 6 7 77.7 2
3 4 5 5 6
6 6 74.78 2 3
4 5 5 5 7
7 77.74 2 3 4
5 5 5 6 7
78.38 2 3 4 5
5 5 6 6 75.86
2 3 4 5 5
5 5 7 76.49 2
3 4 5 5 5
5 6 74.8 2 3
4 5 5 5 5
5 71.07 2 3 4
4 7 7 7 7
70.62 2 3 4 4
6 7 7 7 72.32
2 3 4 4 6
6 7 7 73.09 2
3 4 4 6 6
6 7 71.25 2 3
4 4 6 6 6
6 76.21 2 3 4
4 5 7 7 7
75.64 2 3 4 4
5 6 7 7 77.71
2 3 4 4 5
6 6 7 77.53 2
3 4 4 5 6
6 6 76.73 2 3
4 4 5 5 7
7 77.46 2 3 4
4 5 5 6 7
79.46 2 3 4 4
5 5 6 6 78.14
2 3 4 4 5
5 5 7 78.06 2
3 4 4 5 5
5 6 79.14 2 3
4 4 5 5 5
5 71.43 2 3 4
4 4 7 7 7
72.27 2 3 4 4
4 6 7 7 74.1
2 3 4 4 4
6 6 7 73.24 2
3 4 4 4 6
6 6 73.8 2 3
4 4 4 5 7
7 76.52 2 3 4
4 4 5 6 7
77.88 2 3 4 4
4 5 6 6 78.5
2 3 4 4 4
5 5 7 77.75 2
3 4 4 4 5
5 6 78.11 2 3
4 4 4 5 5
5 72.08 2 3 4
4 4 4 7 7
72.78 2 3 4 4
4 4 6 7 75.25
2 3 4 4 4
4 6 6 75.12 2
3 4 4 4 4
5 7 77.38 2 3
4 4 4 4 5
6 79.62 2 3 4
4 4 4 5 5
70.18 2 3 4 4
4 4 4 7 70.41
2 3 4 4 4
4 4 6 74.89 2
3 4 4 4 4
4 5 72.13 2 3
4 4 4 4 4
4 62.79 2 3 3
7 7 7 7 7
64.15 2 3 3 6
7 7 7 7 67.01
2 3 3 6 6
7 7 7 64.77 2
3 3 6 6 6
7 7 65.58 2 3
3 6 6 6 6
7 60.16 2 3 3
6 6 6 6 6
68.94 2 3 3 5
7 7 7 7 70.27
2 3 3 5 6
7 7 7 72.77 2
3 3 5 6 6
7 7 70.99 2 3
3 5 6 6 6
7 72.94 2 3 3
5 6 6 6 6
69.33 2 3 3 5
5 7 7 7 68.99
2 3 3 5 5
6 7 7 72.78 2
3 3 5 5 6
6 7 70.25 2 3
3 5 5 6 6
6 71.23 2 3 3
5 5 5 7 7
73.28 2 3 3 5
5 5 6 7 75.09
2 3 3 5 5
5 6 6 70.15 2
3 3 5 5 5
5 7 69.73 2 3
3 5 5 5 5
6 71.33 2 3 3
5 5 5 5 5
68.32 2 3 3 4
7 7 7 7 69.98
2 3 3 4 6
7 7 7 71.59 2
3 3 4 6 6
7 7 68.65 2 3
3 4 6 6 6
7 70.78 2 3 3
4 6 6 6 6
73.73 2 3 3 4
5 7 7 7 74.41
2 3 3 4 5
6 7 7 77.02 2
3 3 4 5 6
6 7 76.13 2 3
3 4 5 6 6
6 73.71 2 3 3
4 5 5 7 7
74.88 2 3 3 4
5 5 6 7 78.86
2 3 3 4 5
5 6 6 77.8 2
3 3 4 5 5
5 7 78.2 2 3
3 4 5 5 5
6 75.43 2 3 3
4 5 5 5 5
70.84 2 3 3 4
4 7 7 7 71.81
2 3 3 4 4
6 7 7 73.53 2
3 3 4 4 6
6 7 73.5 2 3
3 4 4 6 6
6 74.94 2 3 3
4 4 5 7 7
78.03 2 3 3 4
4 5 6 7 79.57
2 3 3 4 4
5 6 6 76.79 2
3 3 4 4 5
5 7 77.19 2 3
3 4 4 5 5
6 78.76 2 3 3
4 4 5 5 5
71.72 2 3 3 4
4 4 7 7 73.1
2 3 3 4 4
4 6 7 74.24 2
3 3 4 4 4
6 6 76.52 2 3
3 4 4 4 5
7 79.09 2 3 3
4 4 4 5 6
76.52 2 3 3 4
4 4 5 5 72.61
2 3 3 4 4
4 4 7 72.93 2
3 3 4 4 4
4 6 77.81 2 3
3 4 4 4 4
5 70.5 2 3 3
4 4 4 4 4
66.92 2 3 3 3
7 7 7 7 67.62
2 3 3 3 6
7 7 7 67.04 2
3 3 3 6 6
7 7 67.29 2 3
3 3 6 6 6
7 62.04 2 3 3
3 6 6 6 6
72.3 2 3 3 3
5 7 7 7 71.94
2 3 3 3 5
6 7 7 71.97 2
3 3 3 5 6
6 7 72.14 2 3
3 3 5 6 6
6 73.7 2 3 3
3 5 5 7 7
73.54 2 3 3 3
5 5 6 7 74.28
2 3 3 3 5
5 6 6 72.24 2
3 3 3 5 5
5 7 72.63 2 3
3 3 5 5 5
6 72.48 2 3 3
3 5 5 5 5
72.36 2 3 3 3
4 7 7 7 73.39
2 3 3 3 4
6 7 7 73.09 2
3 3 3 4 6
6 7 72.13 2 3
3 3 4 6 6
6 75.19 2 3 3
3 4 5 7 7
77.8 2 3 3 3
4 5 6 7 78.16
2 3 3 3 4
5 6 6 77.53 2
3 3 3 4 5
5 7 79.69 2 3
3 3 4 5 5
6 77.96 2 3 3
3 4 5 5 5
74.36 2 3 3 3
4 4 7 7 74.16
2 3 3 3 4
4 6 7 74.43 2
3 3 3 4 4
6 6 79.44 2 3
3 3 4 4 5
7 78.88 2 3 3
3 4 4 5 6
78.93 2 3 3 3
4 4 5 5 74.83
2 3 3 3 4
4 4 7 74.39 2
3 3 3 4 4
4 6 77.1 2 3
3 3 4 4 4
5 74.72 2 3 3
3 4 4 4 4
66.08 2 3 3 3
3 7 7 7 65.2
2 3 3 3 3
6 7 7 69.59 2
3 3 3 3 6
6 7 60.87 2 3
3 3 3 6 6
6 72 2 3 3
3 3 5 7 7
72.05 2 3 3 3
3 5 6 7 73.15
2 3 3 3 3
5 6 6 70.39 2
3 3 3 3 5
5 7 69.73 2 3
3 3 3 5 5
6 73.34 2 3 3
3 3 5 5 5
71.37 2 3 3 3
3 4 7 7 71.47
2 3 3 3 3
4 6 7 72.66 2
3 3 3 3 4
6 6 77.87 2 3
3 3 3 4 5
7 78.05 2 3 3
3 3 4 5 6
75.92 2 3 3 3
3 4 5 5 73.29
2 3 3 3 3
4 4 7 72.99 2
3 3 3 3 4
4 6 77.79 2 3
3 3 3 4 4
5 73.05 2 3 3
3 3 4 4 4
66.13 2 3 3 3
3 3 7 7 67.39
2 3 3 3 3
3 6 7 63.66 2
3 3 3 3 3
6 6 71.36 2 3
3 3 3 3 5
7 70.77 2 3 3
3 3 3 5 6
70.32 2 3 3 3
3 3 5 5 71.64
2 3 3 3 3
3 4 7 71.84 2
3 3 3 3 3
4 6 76.92 2 3
3 3 3 3 4
5 73.19 2 3 3
3 3 3 4 4
64.79 2 3 3 3
3 3 3 7 60.6
2 3 3 3 3
3 3 6 70.92 2
3 3 3 3 3
3 5 69.71 2 3
3 3 3 3 3
4 60.11 2 3 3
3 3 3 3 3
51.81 2 2 7 7
7 7 7 7 58.68
2 2 6 7 7
7 7 7 56.76 2
2 6 6 7 7
7 7 60.05 2 2
6 6 6 7 7
7 57.09 2 2 6
6 6 6 7 7
59.27 2 2 6 6
6 6 6 7 51.33
2 2 6 6 6
6 6 6 58.91 2
2 5 7 7 7
7 7 66.04 2 2
5 6 7 7 7
7 66.14 2 2 5
6 6 7 7 7
67.84 2 2 5 6
6 6 7 7 66.18
2 2 5 6 6
6 6 7 67.49 2
2 5 6 6 6
6 6 58.04 2 2
5 5 7 7 7
7 66.44 2 2 5
5 6 7 7 7
63.66 2 2 5 5
6 6 7 7 67.11
2 2 5 5 6
6 6 7 65.46 2
2 5 5 6 6
6 6 61.82 2 2
5 5 5 7 7
7 69.27 2 2 5
5 5 6 7 7
67.35 2 2 5 5
5 6 6 7 71.27
2 2 5 5 5
6 6 6 59.76 2
2 5 5 5 5
7 7 68.39 2 2
5 5 5 5 6
7 65.54 2 2 5
5 5 5 6 6
61.96 2 2 5 5
5 5 5 7 70.18
2 2 5 5 5
5 5 6 57.82 2
2 5 5 5 5
5 5 58.72 2 2
4 7 7 7 7
7 64.99 2 2 4
6 7 7 7 7
64.19 2 2 4 6
6 7 7 7 66.85
2 2 4 6 6
6 7 7 65.24 2
2 4 6 6 6
6 7 66.66 2 2
4 6 6 6 6
6 65.57 2 2 4
5 7 7 7 7
70.51 2 2 4 5
6 7 7 7 71.23
2 2 4 5 6
6 7 7 73.72 2
2 4 5 6 6
6 7 72.1 2 2
4 5 6 6 6
6 65.56 2 2 4
5 5 7 7 7
70.75 2 2 4 5
5 6 7 7 70.78
2 2 4 5 5
6 6 7 73.98 2
2 4 5 5 6
6 6 69.75 2 2
4 5 5 5 7
7 74.1 2 2 4
5 5 5 6 7
74.4 2 2 4 5
5 5 6 6 67.39
2 2 4 5 5
5 5 7 72.43 2
2 4 5 5 5
5 6 69.9 2 2
4 5 5 5 5
5 57.78 2 2 4
4 7 7 7 7
64.96 2 2 4 4
6 7 7 7 63.61
2 2 4 4 6
6 7 7 65.2 2
2 4 4 6 6
6 7 63.47 2 2
4 4 6 6 6
6 64.67 2 2 4
4 5 7 7 7
72.2 2 2 4 4
5 6 7 7 71.81
2 2 4 4 5
6 6 7 74.21 2
2 4 4 5 6
6 6 64.09 2 2
4 4 5 5 7
7 71.51 2 2 4
4 5 5 6 7
70.51 2 2 4 4
5 5 6 6 68.52
2 2 4 4 5
5 5 7 74.52 2
2 4 4 5 5
5 6 66.14 2 2
4 4 5 5 5
5 60.43 2 2 4
4 4 7 7 7
68.27 2 2 4 4
4 6 7 7 66.73
2 2 4 4 4
6 6 7 69.27 2
2 4 4 4 6
6 6 67.86 2 2
4 4 4 5 7
7 73.94 2 2 4
4 4 5 6 7
74.43 2 2 4 4
4 5 6 6 67.59
2 2 4 4 4
5 5 7 75.34 2
2 4 4 4 5
5 6 72.04 2 2
4 4 4 5 5
5 58.06 2 2 4
4 4 4 7 7
65.34 2 2 4 4
4 4 6 7 63.08
2 2 4 4 4
4 6 6 65.64 2
2 4 4 4 4
5 7 72.22 2 2
4 4 4 4 5
6 64.63 2 2 4
4 4 4 5 5
58.83 2 2 4 4
4 4 4 7 66.79
2 2 4 4 4
4 4 6 66.8 2
2 4 4 4 4
4 5 51.9 2 2
4 4 4 4 4
4 63.01 2 2 3
7 7 7 7 7
64.54 2 2 3 6
7 7 7 7 67.06
2 2 3 6 6
7 7 7 65.93 2
2 3 6 6 6
7 7 66.23 2 2
3 6 6 6 6
7 59.76 2 2 3
6 6 6 6 6
69.13 2 2 3 5
7 7 7 7 68.55
2 2 3 5 6
7 7 7 71.22 2
2 3 5 6 6
7 7 69.58 2 2
3 5 6 6 6
7 72.12 2 2 3
5 6 6 6 6
69.17 2 2 3 5
5 7 7 7 72.67
2 2 3 5 5
6 7 7 73.18 2
2 3 5 5 6
6 7 72.25 2 2
3 5 5 6 6
6 71.85 2 2 3
5 5 5 7 7
72.95 2 2 3 5
5 5 6 7 73.71
2 2 3 5 5
5 6 6 72.5 2
2 3 5 5 5
5 7 73.98 2 2
3 5 5 5 5
6 71.41 2 2 3
5 5 5 5 5
69.67 2 2 3 4
7 7 7 7 71.36
2 2 3 4 6
7 7 7 73.47 2
2 3 4 6 6
7 7 71.73 2 2
3 4 6 6 6
7 74.04 2 2 3
4 6 6 6 6
74.8 2 2 3 4
5 7 7 7 74.92
2 2 3 4 5
6 7 7 77.52 2
2 3 4 5 6
6 7 76.28 2 2
3 4 5 6 6
6 76.57 2 2 3
4 5 5 7 7
76.86 2 2 3 4
5 5 6 7 80.79
2 2 3 4 5
5 6 6 76.5 2
2 3 4 5 5
5 7 78.59 2 2
3 4 5 5 5
6 77.72 2 2 3
4 5 5 5 5
68.95 2 2 3 4
4 7 7 7 70.38
2 2 3 4 4
6 7 7 72.55 2
2 3 4 4 6
6 7 71.21 2 2
3 4 4 6 6
6 75.14 2 2 3
4 4 5 7 7
74.92 2 2 3 4
4 5 6 7 76.71
2 2 3 4 4
5 6 6 76.91 2
2 3 4 4 5
5 7 76.99 2 2
3 4 4 5 5
6 77.27 2 2 3
4 4 5 5 5
72.66 2 2 3 4
4 4 7 7 73.41
2 2 3 4 4
4 6 7 75.82 2
2 3 4 4 4
6 6 77.82 2 2
3 4 4 4 5
7 77.88 2 2 3
4 4 4 5 6
78.46 2 2 3 4
4 4 5 5 68.22
2 2 3 4 4
4 4 7 71.11 2
2 3 4 4 4
4 6 73.75 2 2
3 4 4 4 4
5 71.67 2 2 3
4 4 4 4 4
60.92 2 2 3 3
7 7 7 7 66.06
2 2 3 3 6
7 7 7 63.1 2
2 3 3 6 6
7 7 66.65 2 2
3 3 6 6 6
7 58.31 2 2 3
3 6 6 6 6
67.95 2 2 3 3
5 7 7 7 72.69
2 2 3 3 5
6 7 7 71.61 2
2 3 3 5 6
6 7 73.22 2 2
3 3 5 6 6
6 67.12 2 2 3
3 5 5 7 7
71.22 2 2 3 3
5 5 6 7 69.48
2 2 3 3 5
5 6 6 70.64 2
2 3 3 5 5
5 7 75.87 2 2
3 3 5 5 5
6 67.23 2 2 3
3 5 5 5 5
69.99 2 2 3 3
4 7 7 7 72.17
2 2 3 3 4
6 7 7 70.6 2
2 3 3 4 6
6 7 73.25 2 2
3 3 4 6 6
6 75.14 2 2 3
3 4 5 7 7
79.94 2 2 3 3
4 5 6 7 78.53
2 2 3 3 4
5 6 6 75.21 2
2 3 3 4 5
5 7 79.18 2 2
3 3 4 5 5
6 77.59 2 2 3
3 4 5 5 5
67.01 2 2 3 3
4 4 7 7 73.08
2 2 3 3 4
4 6 7 69.48 2
2 3 3 4 4
6 6 74.56 2 2
3 3 4 4 5
7 79.71 2 2 3
3 4 4 5 6
72.96 2 2 3 3
4 4 5 5 70.88
2 2 3 3 4
4 4 7 76.27 2
2 3 3 4 4
4 6 77.51 2 2
3 3 4 4 4
5 68.14 2 2 3
3 4 4 4 4
67.61 2 2 3 3
3 7 7 7 66.79
2 2 3 3 3
6 7 7 67.46 2
2 3 3 3 6
6 7 62.21 2 2
3 3 3 6 6
6 72.07 2 2 3
3 3 5 7 7
72.29 2 2 3 3
3 5 6 7 72.09
2 2 3 3 3
5 6 6 72.02 2
2 3 3 3 5
5 7 72.98 2 2
3 3 3 5 5
6 72.13 2 2 3
3 3 5 5 5
72.97 2 2 3 3
3 4 7 7 72.66
2 2 3 3 3
4 6 7 73.98 2
2 3 3 3 4
6 6 77.78 2 2
3 3 3 4 5
7 79.71 2 2 3
3 3 4 5 6
78.78 2 2 3 3
3 4 5 5 73.3
2 2 3 3 3
4 4 7 72.54 2
2 3 3 3 4
4 6 77.05 2 2
3 3 3 4 4
5 76.1 2 2 3
3 3 4 4 4
63.46 2 2 3 3
3 3 7 7 67.05
2 2 3 3 3
3 6 7 60.14 2
2 3 3 3 3
6 6 70.76 2 2
3 3 3 3 5
7 73.92 2 2 3
3 3 3 5 6
67.75 2 2 3 3
3 3 5 5 70.36
2 2 3 3 3
3 4 7 74.31 2
2 3 3 3 3
4 6 77.18 2 2
3 3 3 3 4
5 69.41 2 2 3
3 3 3 4 4
65.65 2 2 3 3
3 3 3 7 62.22
2 2 3 3 3
3 3 6 70.72 2
2 3 3 3 3
3 5 73.72 2 2
3 3 3 3 3
4 58.74 2 2 3
3 3 3 3 3
54.55 2 2 2 7
7 7 7 7 59.87
2 2 2 6 7
7 7 7 60.1 2
2 2 6 6 7
7 7 59.69 2 2
2 6 6 6 7
7 60.57 2 2 2
6 6 6 6 7
54.92 2 2 2 6
6 6 6 6 61.74
2 2 2 5 7
7 7 7 66.97 2
2 2 5 6 7
7 7 67.48 2 2
2 5 6 6 7
7 67.64 2 2 2
5 6 6 6 7
67.97 2 2 2 5
6 6 6 6 61.83
2 2 2 5 5
7 7 7 67.32 2
2 2 5 5 6
7 7 68.61 2 2
2 5 5 6 6
7 67.81 2 2 2
5 5 6 6 6
65.15 2 2 2 5
5 5 7 7 69.15
2 2 2 5 5
5 6 7 70.43 2
2 2 5 5 5
6 6 63.57 2 2
2 5 5 5 5
7 68.68 2 2 2
5 5 5 5 6
66.09 2 2 2 5
5 5 5 5 59.46
2 2 2 4 7
7 7 7 64.26 2
2 2 4 6 7
7 7 66.38 2 2
2 4 6 6 7
7 66.28 2 2 2
4 6 6 6 7
66.02 2 2 2 4
6 6 6 6 67.7
2 2 2 4 5
7 7 7 71.64 2
2 2 4 5 6
7 7 72.9 2 2
2 4 5 6 6
7 73.81 2 2 2
4 5 6 6 6
68.12 2 2 2 4
5 5 7 7 72.19
2 2 2 4 5
5 6 7 73.82 2
2 2 4 5 5
6 6 70.47 2 2
2 4 5 5 5
7 75.52 2 2 2
4 5 5 5 6
68.99 2 2 2 4
5 5 5 5 61.04
2 2 2 4 4
7 7 7 65.44 2
2 2 4 4 6
7 7 66.61 2 2
2 4 4 6 6
7 66.32 2 2 2
4 4 6 6 6
66.59 2 2 2 4
4 5 7 7 73.37
2 2 2 4 4
5 6 7 74.43 2
2 2 4 4 5
6 6 68.57 2 2
2 4 4 5 5
7 73.24 2 2 2
4 4 5 5 6
71.6 2 2 2 4
4 5 5 5 60.42
2 2 2 4 4
4 7 7 65.76 2
2 2 4 4 4
6 7 66.12 2 2
2 4 4 4 6
6 67.88 2 2 2
4 4 4 5 7
72.68 2 2 2 4
4 4 5 6 67.17
2 2 2 4 4
4 5 5 60.44 2
2 2 4 4 4
4 7 66.53 2 2
2 4 4 4 4
6 68.68 2 2 2
4 4 4 4 5
55.07 2 2 2 4
4 4 4 4 67.44
2 2 2 3 7
7 7 7 67.55 2
2 2 3 6 7
7 7 68.02 2 2
2 3 6 6 7
7 66.77 2 2 2
3 6 6 6 7
63.05 2 2 2 3
6 6 6 6 72.28
2 2 2 3 5
7 7 7 71.97 2
2 2 3 5 6
7 7 73.25 2 2
2 3 5 6 6
7 73.57 2 2 2
3 5 6 6 6
73.25 2 2 2 3
5 5 7 7 74.31
2 2 2 3 5
5 6 7 74.85 2
2 2 3 5 5
6 6 73.88 2 2
2 3 5 5 5
7 74.5 2 2 2
3 5 5 5 6
75.63 2 2 2 3
5 5 5 5 71.9
2 2 2 3 4
7 7 7 72.03 2
2 2 3 4 6
7 7 72.14 2 2
2 3 4 6 6
7 72.25 2 2 2
3 4 6 6 6
76.76 2 2 2 3
4 5 7 7 77.81
2 2 2 3 4
5 6 7 76.26 2
2 2 3 4 5
6 6 78.06 2 2
2 3 4 5 5
7 78.77 2 2 2
3 4 5 5 6
79.76 2 2 2 3
4 5 5 5 73.12
2 2 2 3 4
4 7 7 73.25 2
2 2 3 4 4
6 7 74.03 2 2
2 3 4 4 6
6 77.16 2 2 2
3 4 4 5 7
78.19 2 2 2 3
4 4 5 6 79.75
2 2 2 3 4
4 5 5 73.55 2
2 2 3 4 4
4 7 73.13 2 2
2 3 4 4 4
6 78.34 2 2 2
3 4 4 4 5
73.24 2 2 2 3
4 4 4 4 66.46
2 2 2 3 3
7 7 7 67.3 2
2 2 3 3 6
7 7 68.07 2 2
2 3 3 6 6
7 61.73 2 2 2
3 3 6 6 6
72.24 2 2 2 3
3 5 7 7 72.4
2 2 2 3 3
5 6 7 75.3 2
2 2 3 3 5
6 6 71.19 2 2
2 3 3 5 5
7 73.11 2 2 2
3 3 5 5 6
75.71 2 2 2 3
3 5 5 5 72.26
2 2 2 3 3
4 7 7 71.89 2
2 2 3 3 4
6 7 72.41 2 2
2 3 3 4 6
6 78.32 2 2 2
3 3 4 5 7
78.96 2 2 2 3
3 4 5 6 76.7
2 2 2 3 3
4 5 5 72.57 2
2 2 3 3 4
4 7 72.92 2 2
2 3 3 4 4
6 78.79 2 2 2
3 3 4 4 5
71.67 2 2 2 3
3 4 4 4 69.35
2 2 2 3 3
3 7 7 70.05 2
2 2 3 3 3
6 7 64.88 2 2
2 3 3 3 6
6 75.73 2 2 2
3 3 3 5 7
74.92 2 2 2 3
3 3 5 6 74.99
2 2 2 3 3
3 5 5 75.8 2
2 2 3 3 3
4 7 75.15 2 2
2 3 3 3 4
6 80.19 2 2 2
3 3 3 4 5
76.55 2 2 2 3
3 3 4 4 68.54
2 2 2 3 3
3 3 7 63.96 2
2 2 3 3 3
3 6 75.32 2 2
2 3 3 3 3
5 74 2 2 2
3 3 3 3 4
65.73 2 2 2 3
3 3 3 3 53.19
2 2 2 2 7
7 7 7 60.41 2
2 2 2 6 7
7 7 57.39 2 2
2 2 6 6 7
7 60.61 2 2 2
2 6 6 6 7
51.61 2 2 2 2
6 6 6 6 61.35
2 2 2 2 5
7 7 7 67.82 2
2 2 2 5 6
7 7 65.45 2 2
2 2 5 6 6
7 68.79 2 2 2
2 5 6 6 6
61.04 2 2 2 2
5 5 7 7 67.47
2 2 2 2 5
5 6 7 63.56 2
2 2 2 5 5
6 6 63.86 2 2
2 2 5 5 5
7 70.41 2 2 2
2 5 5 5 6
60.85 2 2 2 2
5 5 5 5 59.79
2 2 2 2 4
7 7 7 65.11 2
2 2 2 4 6
7 7 64.86 2 2
2 2 4 6 6
7 66.84 2 2 2
2 4 6 6 6
68.64 2 2 2 2
4 5 7 7 74.13
2 2 2 2 4
5 6 7 71.89 2
2 2 2 4 5
6 6 66.89 2 2
2 2 4 5 5
7 72.71 2 2 2
2 4 5 5 6
71.01 2 2 2 2
4 5 5 5 57.03
2 2 2 2 4
4 7 7 63.97 2
2 2 2 4 4
6 7 62.32 2 2
2 2 4 4 6
6 64.6 2 2 2
2 4 4 5 7
72.71 2 2 2 2
4 4 5 6 65.81
2 2 2 2 4
4 5 5 60.73 2
2 2 2 4 4
4 7 66.86 2 2
2 2 4 4 4
6 68.74 2 2 2
2 4 4 4 5
52.3 2 2 2 2
4 4 4 4 64.84
2 2 2 2 3
7 7 7 64.57 2
2 2 2 3 6
7 7 67.22 2 2
2 2 3 6 6
7 61.26 2 2 2
2 3 6 6 6
71.48 2 2 2 2
3 5 7 7 70.47
2 2 2 2 3
5 6 7 72.55 2
2 2 2 3 5
6 6 73.93 2 2
2 2 3 5 5
7 72.6 2 2 2
2 3 5 5 6
72.8 2 2 2 2
3 5 5 5 71.89
2 2 2 2 3
4 7 7 72.4 2
2 2 2 3 4
6 7 74.57 2 2
2 2 3 4 6
6 76.92 2 2 2
2 3 4 5 7
77.53 2 2 2 2
3 4 5 6 77.77
2 2 2 2 3
4 5 5 70.6 2
2 2 2 3 4
4 7 70.18 2 2
2 2 3 4 4
6 76.21 2 2 2
2 3 4 4 5
73.07 2 2 2 2
3 4 4 4 63.99
2 2 2 2 3
3 7 7 66.53 2
2 2 2 3 3
6 7 60.39 2 2
2 2 3 3 6
6 69.89 2 2 2
2 3 3 5 7
73 2 2 2 2
3 3 5 6 69.93
2 2 2 2 3
3 5 5 69.56 2
2 2 2 3 3
4 7 75.02 2 2
2 2 3 3 4
6 78.41 2 2 2
2 3 3 4 5
67.4 2 2 2 2
3 3 4 4 68.36
2 2 2 2 3
3 3 7 63.65 2
2 2 2 3 3
3 6 73.58 2 2
2 2 3 3 3
5 76.11 2 2 2
2 3 3 3 4
61.86 2 2 2 2
3 3 3 3 54.81
2 2 2 2 2
7 7 7 58.51 2
2 2 2 2 6
7 7 59.87 2 2
2 2 2 6 6
7 55.07 2 2 2
2 2 6 6 6
62.56 2 2 2 2
2 5 7 7 66.77
2 2 2 2 2
5 6 7 66.52 2
2 2 2 2 5
6 6 63.38 2 2
2 2 2 5 5
7 65.13 2 2 2
2 2 5 5 6
65.38 2 2 2 2
2 5 5 5 58.96
2 2 2 2 2
4 7 7 62.57 2
2 2 2 2 4
6 7 62.44 2 2
2 2 2 4 6
6 65.93 2 2 2
2 2 4 5 7
71.5 2 2 2 2
2 4 5 6 65.89
2 2 2 2 2
4 5 5 58.79 2
2 2 2 2 4
4 7 63.6 2 2
2 2 2 4 4
6 67.57 2 2 2
2 2 4 4 5
54.83 2 2 2 2
2 4 4 4 67.37
2 2 2 2 2
3 7 7 67.11 2
2 2 2 2 3
6 7 63.82 2 2
2 2 2 3 6
6 71.68 2 2 2
2 2 3 5 7
71.31 2 2 2 2
2 3 5 6 74.53
2 2 2 2 2
3 5 5 71.27 2
2 2 2 2 3
4 7 69.93 2 2
2 2 2 3 4
6 75.06 2 2 2
2 2 3 4 5
71.95 2 2 2 2
2 3 4 4 65.78
2 2 2 2 2
3 3 7 62.89 2
2 2 2 2 3
3 6 74.01 2 2
2 2 2 3 3
5 70.63 2 2 2
2 2 3 3 4
66.3 2 2 2 2
2 3 3 3 51.49
2 2 2 2 2
2 7 7 58.6 2
2 2 2 2 2
6 7 51.3 2 2
2 2 2 2 6
6 59.55 2 2 2
2 2 2 5 7
66.72 2 2 2 2
2 2 5 6 59.06
2 2 2 2 2
2 5 5 57.52 2
2 2 2 2 2
4 7 63.94 2 2
2 2 2 2 4
6 66.22 2 2 2
2 2 2 4 5
50.43 2 2 2 2
2 2 4 4 64.86
2 2 2 2 2
2 3 7 59.26 2
2 2 2 2 2
3 6 69.92 2 2
2 2 2 2 3
5 71.68 2 2 2
2 2 2 3 4
58.67 2 2 2 2
2 2 3 3 52.68
2 2 2 2 2
2 2 7 52.36 2
2 2 2 2 2
2 6 61.32 2 2
2 2 2 2 2
5 52.77 2 2 2
2 2 2 2 4
61.49 2 2 2 2
2 2 2 3 43.73
2 2 2 2 2
2 2 2 53.11 1
7 7 7 7 7
7 7 58.67 1 6
7 7 7 7 7
7 59.62 1 6 6
7 7 7 7 7
62.28 1 6 6 6
7 7 7 7 60.57
1 6 6 6 6
7 7 7 62.24 1
6 6 6 6 6
7 7 59.14 1 6
6 6 6 6 6
7 61.45 1 6 6
6 6 6 6 6
57.49 1 5 7 7
7 7 7 7 64.95
1 5 6 7 7
7 7 7 64.94 1
5 6 6 7 7
7 7 67.05 1 5
6 6 6 7 7
7 66.04 1 5 6
6 6 6 7 7
67.69 1 5 6 6
6 6 6 7 65.09
1 5 6 6 6
6 6 6 59.3 1
5 5 7 7 7
7 7 65.19 1 5
5 6 7 7 7
7 66.78 1 5 5
6 6 7 7 7
68.33 1 5 5 6
6 6 7 7 67.85
1 5 5 6 6
6 6 7 69.67 1
5 5 6 6 6
6 6 59.14 1 5
5 5 7 7 7
7 65.75 1 5 5
5 6 7 7 7
66.65 1 5 5 5
6 6 7 7 70.44
1 5 5 5 6
6 6 7 68.85 1
5 5 5 6 6
6 6 61 1 5
5 5 5 7 7
7 67.25 1 5 5
5 5 6 7 7
68.75 1 5 5 5
5 6 6 7 70.92
1 5 5 5 5
6 6 6 58.58 1
5 5 5 5 5
7 7 64.76 1 5
5 5 5 5 6
7 65.71 1 5 5
5 5 5 6 6
59.72 1 5 5 5
5 5 5 7 66.71
1 5 5 5 5
5 5 6 52.01 1
5 5 5 5 5
5 5 57.95 1 4
7 7 7 7 7
7 64.65 1 4 6
7 7 7 7 7
63.77 1 4 6 6
7 7 7 7 67.19
1 4 6 6 6
7 7 7 66.5 1
4 6 6 6 6
7 7 68.11 1 4
6 6 6 6 6
7 65.65 1 4 6
6 6 6 6 6
61.21 1 4 5 7
7 7 7 7 68.8
1 4 5 6 7
7 7 7 69.2 1
4 5 6 6 7
7 7 71.78 1 4
5 6 6 6 7
7 70.14 1 4 5
6 6 6 6 7
71.6 1 4 5 6
6 6 6 6 65.64
1 4 5 5 7
7 7 7 71.67 1
4 5 5 6 7
7 7 69.91 1 4
5 5 6 6 7
7 73.48 1 4 5
5 6 6 6 7
72.16 1 4 5 5
6 6 6 6 64.6
1 4 5 5 5
7 7 7 71.72 1
4 5 5 5 6
7 7 71.34 1 4
5 5 5 6 6
7 74.56 1 4 5
5 5 6 6 6
66.53 1 4 5 5
5 5 7 7 72.99
1 4 5 5 5
5 6 7 73.06 1
4 5 5 5 5
6 6 64.8 1 4
5 5 5 5 5
7 70.5 1 4 5
5 5 5 5 6
64.85 1 4 5 5
5 5 5 5 58.22
1 4 4 7 7
7 7 7 65.49 1
4 4 6 7 7
7 7 66.02 1 4
4 6 6 7 7
7 69.42 1 4 4
6 6 6 7 7
68.26 1 4 4 6
6 6 6 7 68.97
1 4 4 6 6
6 6 6 64.14 1
4 4 5 7 7
7 7 70.95 1 4
4 5 6 7 7
7 71.82 1 4 4
5 6 6 7 7
74.11 1 4 4 5
6 6 6 7 73.92
1 4 4 5 6
6 6 6 66.23 1
4 4 5 5 7
7 7 72.02 1 4
4 5 5 6 7
7 72.3 1 4 4
5 5 6 6 7
76.63 1 4 4 5
5 6 6 6 66.96
1 4 4 5 5
5 7 7 72.52 1
4 4 5 5 5
6 7 72.7 1 4
4 5 5 5 6
6 68.19 1 4 4
5 5 5 5 7
73.75 1 4 4 5
5 5 5 6 66.37
1 4 4 5 5
5 5 5 60.31 1
4 4 4 7 7
7 7 65.12 1 4
4 4 6 7 7
7 66.76 1 4 4
4 6 6 7 7
69.22 1 4 4 4
6 6 6 7 70.09
1 4 4 4 6
6 6 6 65.45 1
4 4 4 5 7
7 7 71.88 1 4
4 4 5 6 7
7 71.72 1 4 4
4 5 6 6 7
75.05 1 4 4 4
5 6 6 6 66.47
1 4 4 4 5
5 7 7 74.09 1
4 4 4 5 5
6 7 73.76 1 4
4 4 5 5 6
6 66.97 1 4 4
4 5 5 5 7
73.53 1 4 4 4
5 5 5 6 68.18
1 4 4 4 5
5 5 5 60.99 1
4 4 4 4 7
7 7 67.49 1 4
4 4 4 6 7
7 67.4 1 4 4
4 4 6 6 7
71.48 1 4 4 4
4 6 6 6 66.81
1 4 4 4 4
5 7 7 71.05 1
4 4 4 4 5
6 7 73.48 1 4
4 4 4 5 6
6 69.05 1 4 4
4 4 5 5 7
73.65 1 4 4 4
4 5 5 6 69.17
1 4 4 4 4
5 5 5 58.81 1
4 4 4 4 4
7 7 65.59 1 4
4 4 4 4 6
7 65.57 1 4 4
4 4 4 6 6
64.9 1 4 4 4
4 4 5 7 71.31
1 4 4 4 4
4 5 6 65.98 1
4 4 4 4 4
5 5 59.91 1 4
4 4 4 4 4
7 66.92 1 4 4
4 4 4 4 6
63.78 1 4 4 4
4 4 4 5 52.46
1 4 4 4 4
4 4 4 63.41 1
3 7 7 7 7
7 7 68.35 1 3
6 7 7 7 7
7 70.76 1 3 6
6 7 7 7 7
71.24 1 3 6 6
6 7 7 7 72.21
1 3 6 6 6
6 7 7 70.5 1
3 6 6 6 6
6 7 71.76 1 3
6 6 6 6 6
6 64.19 1 3 5
7 7 7 7 7
70.46 1 3 5 6
7 7 7 7 70.15
1 3 5 6 6
7 7 7 72.51 1
3 5 6 6 6
7 7 72.25 1 3
5 6 6 6 6
7 70.79 1 3 5
6 6 6 6 6
66.23 1 3 5 5
7 7 7 7 70.86
1 3 5 5 6
7 7 7 73.48 1
3 5 5 6 6
7 7 73.84 1 3
5 5 6 6 6
7 74.69 1 3 5
5 6 6 6 6
66.97 1 3 5 5
5 7 7 7 71.77
1 3 5 5 5
6 7 7 73.13 1
3 5 5 5 6
6 7 74.04 1 3
5 5 5 6 6
6 65.15 1 3 5
5 5 5 7 7
71.12 1 3 5 5
5 5 6 7 71.48
1 3 5 5 5
5 6 6 65.71 1
3 5 5 5 5
5 7 71.46 1 3
5 5 5 5 5
6 59.72 1 3 5
5 5 5 5 5
67.95 1 3 4 7
7 7 7 7 71.79
1 3 4 6 7
7 7 7 74.84 1
3 4 6 6 7
7 7 75.62 1 3
4 6 6 6 7
7 76.37 1 3 4
6 6 6 6 7
74.51 1 3 4 6
6 6 6 6 69.66
1 3 4 5 7
7 7 7 74.9 1
3 4 5 6 7
7 7 75.41 1 3
4 5 6 6 7
7 77.14 1 3 4
5 6 6 6 7
77.4 1 3 4 5
6 6 6 6 70.21
1 3 4 5 5
7 7 7 74.94 1
3 4 5 5 6
7 7 77 1 3
4 5 5 6 6
7 78.3 1 3 4
5 5 6 6 6
70.8 1 3 4 5
5 5 7 7 77.08
1 3 4 5 5
5 6 7 76.55 1
3 4 5 5 5
6 6 70.77 1 3
4 5 5 5 5
7 75.92 1 3 4
5 5 5 5 6
71.02 1 3 4 5
5 5 5 5 71.2
1 3 4 4 7
7 7 7 74.41 1
3 4 4 6 7
7 7 77.53 1 3
4 4 6 6 7
7 77.16 1 3 4
4 6 6 6 7
77.63 1 3 4 4
6 6 6 6 71.04
1 3 4 4 5
7 7 7 75.27 1
3 4 4 5 6
7 7 76.15 1 3
4 4 5 6 6
7 78.88 1 3 4
4 5 6 6 6
72.62 1 3 4 4
5 5 7 7 76.54
1 3 4 4 5
5 6 7 79.12 1
3 4 4 5 5
6 6 73.48 1 3
4 4 5 5 5
7 79.66 1 3 4
4 5 5 5 6
71.61 1 3 4 4
5 5 5 5 71.03
1 3 4 4 4
7 7 7 75.94 1
3 4 4 4 6
7 7 78.3 1 3
4 4 4 6 6
7 77.91 1 3 4
4 4 6 6 6
71.26 1 3 4 4
4 5 7 7 77.02
1 3 4 4 4
5 6 7 78.61 1
3 4 4 4 5
6 6 73.42 1 3
4 4 4 5 5
7 78.5 1 3 4
4 4 5 5 6
72.84 1 3 4 4
4 5 5 5 72.54
1 3 4 4 4
4 7 7 77.35 1
3 4 4 4 4
6 7 78.8 1 3
4 4 4 4 6
6 72.95 1 3 4
4 4 4 5 7
76.75 1 3 4 4
4 4 5 6 73.61
1 3 4 4 4
4 5 5 69.72 1
3 4 4 4 4
4 7 75.02 1 3
4 4 4 4 4
6 71.27 1 3 4
4 4 4 4 5
70.47 1 3 4 4
4 4 4 4 62.53
1 3 3 7 7
7 7 7 68.67 1
3 3 6 7 7
7 7 68.17 1 3
3 6 6 7 7
7 72.7 1 3 3
6 6 6 7 7
69.83 1 3 3 6
6 6 6 7 71.53
1 3 3 6 6
6 6 6 64.24 1
3 3 5 7 7
7 7 70.05 1 3
3 5 6 7 7
7 69.17 1 3 3
5 6 6 7 7
73.93 1 3 3 5
6 6 6 7 70.53
1 3 3 5 6
6 6 6 67.2 1
3 3 5 5 7
7 7 73.59 1 3
3 5 5 6 7
7 72.71 1 3 3
5 5 6 6 7
74.91 1 3 3 5
5 6 6 6 65.51
1 3 3 5 5
5 7 7 72.28 1
3 3 5 5 5
6 7 71.71 1 3
3 5 5 5 6
6 65.41 1 3 3
5 5 5 5 7
73.67 1 3 3 5
5 5 5 6 58.8
1 3 3 5 5
5 5 5 68.62 1
3 3 4 7 7
7 7 74.17 1 3
3 4 6 7 7
7 73.91 1 3 3
4 6 6 7 7
75.77 1 3 3 4
6 6 6 7 74.53
1 3 3 4 6
6 6 6 70.1 1
3 3 4 5 7
7 7 75.13 1 3
3 4 5 6 7
7 75.06 1 3 3
4 5 6 6 7
78.55 1 3 3 4
5 6 6 6 71.64
1 3 3 4 5
5 7 7 77.36 1
3 3 4 5 5
6 7 78.68 1 3
3 4 5 5 6
6 70.31 1 3 3
4 5 5 5 7
76.45 1 3 3 4
5 5 5 6 71.98
1 3 3 4 5
5 5 5 70.73 1
3 3 4 4 7
7 7 76.85 1 3
3 4 4 6 7
7 76.91 1 3 3
4 4 6 6 7
78.2 1 3 3 4
4 6 6 6 71.13
1 3 3 4 4
5 7 7 77.8 1
3 3 4 4 5
6 7 76.6 1 3
3 4 4 5 6
6 73.44 1 3 3
4 4 5 5 7
78.66 1 3 3 4
4 5 5 6 72.65
1 3 3 4 4
5 5 5 71.2 1
3 3 4 4 4
7 7 77.33 1 3
3 4 4 4 6
7 76.56 1 3 3
4 4 4 6 6
72.81 1 3 3 4
4 4 5 7 78.83
1 3 3 4 4
4 5 6 74.56 1
3 3 4 4 4
5 5 73.16 1 3
3 4 4 4 4
7 78.44 1 3 3
4 4 4 4 6
73.25 1 3 3 4
4 4 4 5 69.02
1 3 3 4 4
4 4 4 67.4 1
3 3 3 7 7
7 7 70.31 1 3
3 3 6 7 7
7 73.44 1 3 3
3 6 6 7 7
72.76 1 3 3 3
6 6 6 7 73.33
1 3 3 3 6
6 6 6 68.78 1
3 3 3 5 7
7 7 72.27 1 3
3 3 5 6 7
7 74.24 1 3 3
3 5 6 6 7
72.88 1 3 3 3
5 6 6 6 67.42
1 3 3 3 5
5 7 7 72.64 1
3 3 3 5 5
6 7 73.29 1 3
3 3 5 5 6
6 68.2 1 3 3
3 5 5 5 7
72.92 1 3 3 3
5 5 5 6 61.17
1 3 3 3 5
5 5 5 72.34 1
3 3 3 4 7
7 7 77.25 1 3
3 3 4 6 7
7 78.08 1 3 3
3 4 6 6 7
77.09 1 3 3 3
4 6 6 6 74.32
1 3 3 3 4
5 7 7 78.22 1
3 3 3 4 5
6 7 76.9 1 3
3 3 4 5 6
6 73.07 1 3 3
3 4 5 5 7
77.98 1 3 3 3
4 5 5 6 73.73
1 3 3 3 4
5 5 5 73.51 1
3 3 3 4 4
7 7 77.89 1 3
3 3 4 4 6
7 79.82 1 3 3
3 4 4 6 6
73.91 1 3 3 3
4 4 5 7 79.09
1 3 3 3 4
4 5 6 74.94 1
3 3 3 4 4
5 5 74.7 1 3
3 3 4 4 4
7 78.04 1 3 3
3 4 4 4 6
74.82 1 3 3 3
4 4 4 5 76.17
1 3 3 3 4
4 4 4 65.79 1
3 3 3 3 7
7 7 71.52 1 3
3 3 3 6 7
7 70.77 1 3 3
3 3 6 6 7
73.46 1 3 3 3
3 6 6 6 64.76
1 3 3 3 3
5 7 7 71.8 1
3 3 3 3 5
6 7 70.57 1 3
3 3 3 5 6
6 67.56 1 3 3
3 3 5 5 7
74.61 1 3 3 3
3 5 5 6 60.78
1 3 3 3 3
5 5 5 71.9 1
3 3 3 3 4
7 7 77.38 1 3
3 3 3 4 6
7 76.03 1 3 3
3 3 4 6 6
70.99 1 3 3 3
3 4 5 7 77.74
1 3 3 3 3
4 5 6 73.25 1
3 3 3 3 4
5 5 73.78 1 3
3 3 3 4 4
7 78.31 1 3 3
3 3 4 4 6
71.85 1 3 3 3
3 4 4 5 74.15
1 3 3 3 3
4 4 4 66.52 1
3 3 3 3 3
7 7 71.71 1 3
3 3 3 3 6
7 71.66 1 3 3
3 3 3 6 6
66.45 1 3 3 3
3 3 5 7 70.28
1 3 3 3 3
3 5 6 62.03 1
3 3 3 3 3
5 5 71.95 1 3
3 3 3 3 4
7 75.87 1 3 3
3 3 3 4 6
72.45 1 3 3 3
3 3 4 5 74.14
1 3 3 3 3
3 4 4 64.98 1
3 3 3 3 3
3 7 70.63 1 3
3 3 3 3 3
6 59.78 1 3 3
3 3 3 3 5
70.81 1 3 3 3
3 3 3 4 61
1 3 3 3 3
3 3 3 64.52 1
2 7 7 7 7
7 7 68.17 1 2
6 7 7 7 7
7 70.69 1 2 6
6 7 7 7 7
70.78 1 2 6 6
6 7 7 7 72.77
1 2 6 6 6
6 7 7 70.07 1
2 6 6 6 6
6 7 71.42 1 2
6 6 6 6 6
6 68.86 1 2 5
7 7 7 7 7
72.43 1 2 5 6
7 7 7 7 74.97
1 2 5 6 6
7 7 7 75.03 1
2 5 6 6 6
7 7 76.84 1 2
5 6 6 6 6
7 74.6 1 2 5
6 6 6 6 6
70.07 1 2 5 5
7 7 7 7 74.42
1 2 5 5 6
7 7 7 77.82 1
2 5 5 6 6
7 7 77.59 1 2
5 5 6 6 6
7 80.23 1 2 5
5 6 6 6 6
71.14 1 2 5 5
5 7 7 7 76.99
1 2 5 5 5
6 7 7 76.52 1
2 5 5 5 6
6 7 78.09 1 2
5 5 5 6 6
6 73.03 1 2 5
5 5 5 7 7
76.3 1 2 5 5
5 5 6 7 77.51
1 2 5 5 5
5 6 6 71.36 1
2 5 5 5 5
5 7 74.36 1 2
5 5 5 5 5
6 71.36 1 2 5
5 5 5 5 5
64.47 1 2 4 7
7 7 7 7 69.59
1 2 4 6 7
7 7 7 70.17 1
2 4 6 6 7
7 7 71.37 1 2
4 6 6 6 7
7 72.73 1 2 4
6 6 6 6 7
70.86 1 2 4 6
6 6 6 6 69.63
1 2 4 5 7
7 7 7 73.94 1
2 4 5 6 7
7 7 75.47 1 2
4 5 6 6 7
7 77.47 1 2 4
5 6 6 6 7
77.59 1 2 4 5
6 6 6 6 69.97
1 2 4 5 5
7 7 7 75.76 1
2 4 5 5 6
7 7 76.83 1 2
4 5 5 6 6
7 77.14 1 2 4
5 5 6 6 6
70.76 1 2 4 5
5 5 7 7 76.1
1 2 4 5 5
5 6 7 76.27 1
2 4 5 5 5
6 6 72.59 1 2
4 5 5 5 5
7 78.11 1 2 4
5 5 5 5 6
71.83 1 2 4 5
5 5 5 5 65.66
1 2 4 4 7
7 7 7 70.25 1
2 4 4 6 7
7 7 72.11 1 2
4 4 6 6 7
7 72.94 1 2 4
4 6 6 6 7
74.81 1 2 4 4
6 6 6 6 71.71
1 2 4 4 5
7 7 7 74.95 1
2 4 4 5 6
7 7 77.56 1 2
4 4 5 6 6
7 78.47 1 2 4
4 5 6 6 6
72.55 1 2 4 4
5 5 7 7 76.88
1 2 4 4 5
5 6 7 80.06 1
2 4 4 5 5
6 6 74.2 1 2
4 4 5 5 5
7 78.28 1 2 4
4 5 5 5 6
73.88 1 2 4 4
5 5 5 5 66.13
1 2 4 4 4
7 7 7 71.19 1
2 4 4 4 6
7 7 72.1 1 2
4 4 4 6 6
7 73.45 1 2 4
4 4 6 6 6
72.19 1 2 4 4
4 5 7 7 77.44
1 2 4 4 4
5 6 7 77.8 1
2 4 4 4 5
6 6 72.38 1 2
4 4 4 5 5
7 78 1 2 4
4 4 5 5 6
73.55 1 2 4 4
4 5 5 5 64.89
1 2 4 4 4
4 7 7 70.53 1
2 4 4 4 4
6 7 72.59 1 2
4 4 4 4 6
6 70.53 1 2 4
4 4 4 5 7
76.1 1 2 4 4
4 4 5 6 71.78
1 2 4 4 4
4 5 5 65.08 1
2 4 4 4 4
4 7 70.95 1 2
4 4 4 4 4
6 71.51 1 2 4
4 4 4 4 5
59.39 1 2 4 4
4 4 4 4 77.53
1 2 3 7 7
7 7 7 77.47 1
2 3 6 7 7
7 7 80.69 1 2
3 6 6 7 7
7 81.55 1 2 3
6 6 6 7 7
79.7 1 2 3 6
6 6 6 7 79.6
1 2 3 6 6
6 6 6 78.1 1
2 3 5 7 7
7 7 78.84 1 2
3 5 6 7 7
7 79.72 1 2 3
5 6 6 7 7
81.9 1 2 3 5
6 6 6 7 80.15
1 2 3 5 6
6 6 6 81.11 1
2 3 5 5 7
7 7 81.3 1 2
3 5 5 6 7
7 83.05 1 2 3
5 5 6 6 7
83.22 1 2 3 5
5 6 6 6 80.05
1 2 3 5 5
5 7 7 81.39 1
2 3 5 5 5
6 7 83.35 1 2
3 5 5 5 6
6 79.81 1 2 3
5 5 5 5 7
80.97 1 2 3 5
5 5 5 6 78.41
1 2 3 5 5
5 5 5 78.48 1
2 3 4 7 7
7 7 78.57 1 2
3 4 6 7 7
7 80.51 1 2 3
4 6 6 7 7
80.86 1 2 3 4
6 6 6 7 81.54
1 2 3 4 6
6 6 6 76.8 1
2 3 4 5 7
7 7 78.67 1 2
3 4 5 6 7
7 80.35 1 2 3
4 5 6 6 7
82.3 1 2 3 4
5 6 6 6 80.82
1 2 3 4 5
5 7 7 82.11 1
2 3 4 5 5
6 7 83.42 1 2
3 4 5 5 6
6 82.12 1 2 3
4 5 5 5 7
80.67 1 2 3 4
5 5 5 6 81.32
1 2 3 4 5
5 5 5 79.8 1
2 3 4 4 7
7 7 80.15 1 2
3 4 4 6 7
7 81.29 1 2 3
4 4 6 6 7
83.5 1 2 3 4
4 6 6 6 80.17
1 2 3 4 4
5 7 7 81.04 1
2 3 4 4 5
6 7 82.29 1 2
3 4 4 5 6
6 83.46 1 2 3
4 4 5 5 7
82.76 1 2 3 4
4 5 5 6 83.21
1 2 3 4 4
5 5 5 80.39 1
2 3 4 4 4
7 7 81.63 1 2
3 4 4 4 6
7 83.61 1 2 3
4 4 4 6 6
81.53 1 2 3 4
4 4 5 7 80.37
1 2 3 4 4
4 5 6 82.1 1
2 3 4 4 4
5 5 79.07 1 2
3 4 4 4 4
7 80.59 1 2 3
4 4 4 4 6
80.51 1 2 3 4
4 4 4 5 79.36
1 2 3 4 4
4 4 4 77.32 1
2 3 3 7 7
7 7 78.71 1 2
3 3 6 7 7
7 80.65 1 2 3
3 6 6 7 7
80.58 1 2 3 3
6 6 6 7 81.5
1 2 3 3 6
6 6 6 79.15 1
2 3 3 5 7
7 7 80.28 1 2
3 3 5 6 7
7 81.34 1 2 3
3 5 6 6 7
81.43 1 2 3 3
5 6 6 6 81.09
1 2 3 3 5
5 7 7 83.4 1
2 3 3 5 5
6 7 84.57 1 2
3 3 5 5 6
6 80.47 1 2 3
3 5 5 5 7
80.72 1 2 3 3
5 5 5 6 83.08
1 2 3 3 5
5 5 5 77.81 1
2 3 3 4 7
7 7 79.55 1 2
3 3 4 6 7
7 82.15 1 2 3
3 4 6 6 7
79.46 1 2 3 3
4 6 6 6 79.71
1 2 3 3 4
5 7 7 81.57 1
2 3 3 4 5
6 7 83.85 1 2
3 3 4 5 6
6 80.05 1 2 3
3 4 5 5 7
83.07 1 2 3 3
4 5 5 6 80.53
1 2 3 3 4
5 5 5 80.58 1
2 3 3 4 4
7 7 82.45 1 2
3 3 4 4 6
7 83.44 1 2 3
3 4 4 6 6
82.3 1 2 3 3
4 4 5 7 82.42
1 2 3 3 4
4 5 6 83.3 1
2 3 3 4 4
5 5 80.21 1 2
3 3 4 4 4
7 81.94 1 2 3
3 4 4 4 6
82.99 1 2 3 3
4 4 4 5 79.49
1 2 3 3 4
4 4 4 82.68 1
2 3 3 3 7
7 7 82.5 1 2
3 3 3 6 7
7 82.98 1 2 3
3 3 6 6 7
83.92 1 2 3 3
3 6 6 6 81.79
1 2 3 3 3
5 7 7 83.37 1
2 3 3 3 5
6 7 85.1 1 2
3 3 3 5 6
6 83.32 1 2 3
3 3 5 5 7
82.11 1 2 3 3
3 5 5 6 84.33
1 2 3 3 3
5 5 5 82.02 1
2 3 3 3 4
7 7 81.35 1 2
3 3 3 4 6
7 83.45 1 2 3
3 3 4 6 6
83.29 1 2 3 3
3 4 5 7 84.08
1 2 3 3 3
4 5 6 85.02 1
2 3 3 3 4
5 5 83.45 1 2
3 3 3 4 4
7 84.98 1 2 3
3 3 4 4 6
84.56 1 2 3 3
3 4 4 5 83.68
1 2 3 3 3
4 4 4 81.95 1
2 3 3 3 3
7 7 82.16 1 2
3 3 3 3 6
7 84.38 1 2 3
3 3 3 6 6
82.15 1 2 3 3
3 3 5 7 80.26
1 2 3 3 3
3 5 6 83.85 1
2 3 3 3 3
5 5 80.19 1 2
3 3 3 3 4
7 82.45 1 2 3
3 3 3 4 6
81.14 1 2 3 3
3 3 4 5 84.83
1 2 3 3 3
3 4 4 81.35 1
2 3 3 3 3
3 7 82.12 1 2
3 3 3 3 3
6 81.89 1 2 3
3 3 3 3 5
81.39 1 2 3 3
3 3 3 4 82.61
1 2 3 3 3
3 3 3 63.68 1
2 2 7 7 7
7 7 69.38 1 2
2 6 7 7 7
7 68.63 1 2 2
6 6 7 7 7
71.26 1 2 2 6
6 6 7 7 69.85
1 2 2 6 6
6 6 7 72.27 1
2 2 6 6 6
6 6 68.86 1 2
2 5 7 7 7
7 75.15 1 2 2
5 6 7 7 7
74.42 1 2 2 5
6 6 7 7 77.82
1 2 2 5 6
6 6 7 75.69 1
2 2 5 6 6
6 6 69.68 1 2
2 5 5 7 7
7 75.84 1 2 2
5 5 6 7 7
76.18 1 2 2 5
5 6 6 7 78.44
1 2 2 5 5
6 6 6 70.98 1
2 2 5 5 5
7 7 76.36 1 2
2 5 5 5 6
7 76.23 1 2 2
5 5 5 6 6
72.77 1 2 2 5
5 5 5 7 77.6
1 2 2 5 5
5 5 6 70.65 1
2 2 5 5 5
5 5 65.09 1 2
2 4 7 7 7
7 71.54 1 2 2
4 6 7 7 7
70.2 1 2 2 4
6 6 7 7 73.52
1 2 2 4 6
6 6 7 70.01 1
2 2 4 6 6
6 6 68.91 1 2
2 4 5 7 7
7 76.12 1 2 2
4 5 6 7 7
75.08 1 2 2 4
5 6 6 7 79.11
1 2 2 4 5
6 6 6 71.78 1
2 2 4 5 5
7 7 77.85 1 2
2 4 5 5 6
7 78.15 1 2 2
4 5 5 6 6
73.52 1 2 2 4
5 5 5 7 77.24
1 2 2 4 5
5 5 6 73.11 1
2 2 4 5 5
5 5 66.29 1 2
2 4 4 7 7
7 74.55 1 2 2
4 4 6 7 7
72.02 1 2 2 4
4 6 6 7 76.04
1 2 2 4 4
6 6 6 72.65 1
2 2 4 4 5
7 7 78.76 1 2
2 4 4 5 6
7 77.9 1 2 2
4 4 5 6 6
74.08 1 2 2 4
4 5 5 7 80.59
1 2 2 4 4
5 5 6 74.81 1
2 2 4 4 5
5 5 65.5 1 2
2 4 4 4 7
7 71.23 1 2 2
4 4 4 6 7
71.14 1 2 2 4
4 4 6 6 69.7
1 2 2 4 4
4 5 7 76.6 1
2 2 4 4 4
5 6 72.24 1 2
2 4 4 4 5
5 66.32 1 2 2
4 4 4 4 7
73.53 1 2 2 4
4 4 4 6 70.48
1 2 2 4 4
4 4 5 59.73 1
2 2 4 4 4
4 4 78.52 1 2
2 3 7 7 7
7 79.36 1 2 2
3 6 7 7 7
81.81 1 2 2 3
6 6 7 7 80.35
1 2 2 3 6
6 6 7 81.2 1
2 2 3 6 6
6 6 77.38 1 2
2 3 5 7 7
7 80.34 1 2 2
3 5 6 7 7
83.23 1 2 2 3
5 6 6 7 82.06
1 2 2 3 5
6 6 6 78.94 1
2 2 3 5 5
7 7 82.21 1 2
2 3 5 5 6
7 84.73 1 2 2
3 5 5 6 6
80.43 1 2 2 3
5 5 5 7 83.83
1 2 2 3 5
5 5 6 79.9 1
2 2 3 5 5
5 5 78.82 1 2
2 3 4 7 7
7 80.21 1 2 2
3 4 6 7 7
83.03 1 2 2 3
4 6 6 7 81.22
1 2 2 3 4
6 6 6 79.89 1
2 2 3 4 5
7 7 81.57 1 2
2 3 4 5 6
7 83.03 1 2 2
3 4 5 6 6
82.47 1 2 2 3
4 5 5 7 82.65
1 2 2 3 4
5 5 6 81.05 1
2 2 3 4 5
5 5 81.2 1 2
2 3 4 4 7
7 83.49 1 2 2
3 4 4 6 7
86.42 1 2 2 3
4 4 6 6 80.83
1 2 2 3 4
4 5 7 82.09 1
2 2 3 4 4
5 6 84.47 1 2
2 3 4 4 5
5 80.89 1 2 2
3 4 4 4 7
80.98 1 2 2 3
4 4 4 6 80.07
1 2 2 3 4
4 4 5 82.3 1
2 2 3 4 4
4 4 76.91 1 2
2 3 3 7 7
7 81.83 1 2 2
3 3 6 7 7
79.66 1 2 2 3
3 6 6 7 81.07
1 2 2 3 3
6 6 6 77.03 1
2 2 3 3 5
7 7 81.9 1 2
2 3 3 5 6
7 81.27 1 2 2
3 3 5 6 6
80.47 1 2 2 3
3 5 5 7 84.84
1 2 2 3 3
5 5 6 79.27 1
2 2 3 3 5
5 5 78.81 1 2
2 3 3 4 7
7 81.93 1 2 2
3 3 4 6 7
80.69 1 2 2 3
3 4 6 6 79.63
1 2 2 3 3
4 5 7 84.16 1
2 2 3 3 4
5 6 81.94 1 2
2 3 3 4 5
5 81.74 1 2 2
3 3 4 4 7
85.33 1 2 2 3
3 4 4 6 82.1
1 2 2 3 3
4 4 5 78.93 1
2 2 3 3 4
4 4 83.6 1 2
2 3 3 3 7
7 82.3 1 2 2
3 3 3 6 7
84.59 1 2 2 3
3 3 6 6 83.23
1 2 2 3 3
3 5 7 82.6 1
2 2 3 3 3
5 6 82.8 1 2
2 3 3 3 5
5 83.43 1 2 2
3 3 3 4 7
85.19 1 2 2 3
3 3 4 6 84.17
1 2 2 3 3
3 4 5 86.14 1
2 2 3 3 3
4 4 80.44 1 2
2 3 3 3 3
7 83.93 1 2 2
3 3 3 3 6
79.07 1 2 2 3
3 3 3 5 81.34
1 2 2 3 3
3 3 4 81.46 1
2 2 3 3 3
3 3 68.42 1 2
2 2 7 7 7
7 72.4 1 2 2
2 6 7 7 7
72.57 1 2 2 2
6 6 7 7 72.44
1 2 2 2 6
6 6 7 73.46 1
2 2 2 6 6
6 6 71.84 1 2
2 2 5 7 7
7 76.37 1 2 2
2 5 6 7 7
77.86 1 2 2 2
5 6 6 7 77.2
1 2 2 2 5
6 6 6 75.22 1
2 2 2 5 5
7 7 78.83 1 2
2 2 5 5 6
7 79.77 1 2 2
2 5 5 6 6
74.81 1 2 2 2
5 5 5 7 79.79
1 2 2 2 5
5 5 6 75.99 1
2 2 2 5 5
5 5 67.36 1 2
2 2 4 7 7
7 72.82 1 2 2
2 4 6 7 7
73.21 1 2 2 2
4 6 6 7 72.46
1 2 2 2 4
6 6 6 72.67 1
2 2 2 4 5
7 7 77.13 1 2
2 2 4 5 6
7 78.92 1 2 2
2 4 5 6 6
74.01 1 2 2 2
4 5 5 7 79.21
1 2 2 2 4
5 5 6 74.86 1
2 2 2 4 5
5 5 67.9 1 2
2 2 4 4 7
7 72.92 1 2 2
2 4 4 6 7
73.33 1 2 2 2
4 4 6 6 72.83
1 2 2 2 4
4 5 7 77.8 1
2 2 2 4 4
5 6 73.37 1 2
2 2 4 4 5
5 67.32 1 2 2
2 4 4 4 7
72.25 1 2 2 2
4 4 4 6 74.83
1 2 2 2 4
4 4 5 61.59 1
2 2 2 4 4
4 4 80.41 1 2
2 2 3 7 7
7 81.05 1 2 2
2 3 6 7 7
82.1 1 2 2 2
3 6 6 7 84.09
1 2 2 2 3
6 6 6 81.7 1
2 2 2 3 5
7 7 82.21 1 2
2 2 3 5 6
7 83.58 1 2 2
2 3 5 6 6
84.38 1 2 2 2
3 5 5 7 85.61
1 2 2 2 3
5 5 6 84.77 1
2 2 2 3 5
5 5 82.31 1 2
2 2 3 4 7
7 82.91 1 2 2
2 3 4 6 7
83.74 1 2 2 2
3 4 6 6 81.92
1 2 2 2 3
4 5 7 83.41 1
2 2 2 3 4
5 6 83.8 1 2
2 2 3 4 5
5 82.38 1 2 2
2 3 4 4 7
82.87 1 2 2 2
3 4 4 6 83.03
1 2 2 2 3
4 4 5 83.52 1
2 2 2 3 4
4 4 81.44 1 2
2 2 3 3 7
7 82.79 1 2 2
2 3 3 6 7
83.03 1 2 2 2
3 3 6 6 84.56
1 2 2 2 3
3 5 7 84.7 1
2 2 2 3 3
5 6 87.11 1 2
2 2 3 3 5
5 81.56 1 2 2
2 3 3 4 7
83.13 1 2 2 2
3 3 4 6 84.51
1 2 2 2 3
3 4 5 81.94 1
2 2 2 3 3
4 4 86.38 1 2
2 2 3 3 3
7 86.53 1 2 2
2 3 3 3 6
86.06 1 2 2 2
3 3 3 5 86.51
1 2 2 2 3
3 3 4 87.59 1
2 2 2 3 3
3 3 66.36 1 2
2 2 2 7 7
7 72.55 1 2 2
2 2 6 7 7
71.79 1 2 2 2
2 6 6 7 74.19
1 2 2 2 2
6 6 6 71.46 1
2 2 2 2 5
7 7 77 1 2
2 2 2 5 6
7 76.4 1 2 2
2 2 5 6 6
73.27 1 2 2 2
2 5 5 7 78.88
1 2 2 2 2
5 5 6 73.98 1
2 2 2 2 5
5 5 65.09 1 2
2 2 2 4 7
7 71.17 1 2 2
2 2 4 6 7
70.24 1 2 2 2
2 4 6 6 69.81
1 2 2 2 2
4 5 7 78.18 1
2 2 2 2 4
5 6 72.26 1 2
2 2 2 4 5
5 67.2 1 2 2
2 2 4 4 7
73.64 1 2 2 2
2 4 4 6 73.23
1 2 2 2 2
4 4 5 61.31 1
2 2 2 2 4
4 4 80.95 1 2
2 2 2 3 7
7 81.46 1 2 2
2 2 3 6 7
83.03 1 2 2 2
2 3 6 6 81.91
1 2 2 2 2
3 5 7 81.62 1
2 2 2 2 3
5 6 83.4 1 2
2 2 2 3 5
5 81.26 1 2 2
2 2 3 4 7
80.02 1 2 2 2
2 3 4 6 82.12
1 2 2 2 2
3 4 5 83.34 1
2 2 2 2 3
4 4 80.07 1 2
2 2 2 3 3
7 82.44 1 2 2
2 2 3 3 6
82.29 1 2 2 2
2 3 3 5 78.82
1 2 2 2 2
3 3 4 85.05 1
2 2 2 2 3
3 3 66.17 1 2
2 2 2 2 7
7 70.96 1 2 2
2 2 2 6 7
71.25 1 2 2 2
2 2 6 6 72.13
1 2 2 2 2
2 5 7 77.37 1
2 2 2 2 2
5 6 72.94 1 2
2 2 2 2 5
5 66.99 1 2 2
2 2 2 4 7
70.37 1 2 2 2
2 2 4 6 71.9
1 2 2 2 2
2 4 5 62.79 1
2 2 2 2 2
4 4 82.21 1 2
2 2 2 2 3
7 82.39 1 2 2
2 2 2 3 6
82.43 1 2 2 2
2 2 3 5 81.67
1 2 2 2 2
2 3 4 83.54 1
2 2 2 2 2
3 3 64.83 1 2
2 2 2 2 2
7 71.89 1 2 2
2 2 2 2 6
69.66 1 2 2 2
2 2 2 5 59.97
1 2 2 2 2
2 2 4 83.12 1
2 2 2 2 2
2 3 60.35 1 2
2 2 2 2 2
2 50.5 1 1 7
7 7 7 7 7
59.29 1 1 6 7
7 7 7 7 58.04
1 1 6 6 7
7 7 7 62.86 1
1 6 6 6 7
7 7 59.81 1 1
6 6 6 6 7
7 61.88 1 1 6
6 6 6 6 7
58.82 1 1 6 6
6 6 6 6 58.19
1 1 5 7 7
7 7 7 65.6 1
1 5 6 7 7
7 7 64.45 1 1
5 6 6 7 7
7 68.04 1 1 5
6 6 6 7 7
67.95 1 1 5 6
6 6 6 7 69.33
1 1 5 6 6
6 6 6 56.82 1
1 5 5 7 7
7 7 65.38 1 1
5 5 6 7 7
7 64.43 1 1 5
5 6 6 7 7
66.79 1 1 5 5
6 6 6 7 66.27
1 1 5 5 6
6 6 6 61.43 1
1 5 5 5 7
7 7 67.86 1 1
5 5 5 6 7
7 68.26 1 1 5
5 5 6 6 7
70.83 1 1 5 5
5 6 6 6 57.22
1 1 5 5 5
5 7 7 65.84 1
1 5 5 5 5
6 7 64.37 1 1
5 5 5 5 6
6 58.86 1 1 5
5 5 5 5 7
68.06 1 1 5 5
5 5 5 6 50.57
1 1 5 5 5
5 5 5 58.15 1
1 4 7 7 7
7 7 65.84 1 1
4 6 7 7 7
7 65.34 1 1 4
6 6 7 7 7
69.25 1 1 4 6
6 6 7 7 67.86
1 1 4 6 6
6 6 7 69.7 1
1 4 6 6 6
6 6 64.16 1 1
4 5 7 7 7
7 70.97 1 1 4
5 6 7 7 7
70.97 1 1 4 5
6 6 7 7 73.78
1 1 4 5 6
6 6 7 73.36 1
1 4 5 6 6
6 6 65.27 1 1
4 5 5 7 7
7 73.05 1 1 4
5 5 6 7 7
71.84 1 1 4 5
5 6 6 7 74.69
1 1 4 5 5
6 6 6 67.33 1
1 4 5 5 5
7 7 73.88 1 1
4 5 5 5 6
7 74.57 1 1 4
5 5 5 6 6
64.81 1 1 4 5
5 5 5 7 73.13
1 1 4 5 5
5 5 6 66.95 1
1 4 5 5 5
5 5 57.18 1 1
4 4 7 7 7
7 64.68 1 1 4
4 6 7 7 7
64.29 1 1 4 4
6 6 7 7 66.61
1 1 4 4 6
6 6 7 66.51 1
1 4 4 6 6
6 6 64.67 1 1
4 4 5 7 7
7 71.6 1 1 4
4 5 6 7 7
71.15 1 1 4 4
5 6 6 7 74.73
1 1 4 4 5
6 6 6 62.82 1
1 4 4 5 5
7 7 70.88 1 1
4 4 5 5 6
7 69.94 1 1 4
4 5 5 6 6
66.01 1 1 4 4
5 5 5 7 73.67
1 1 4 4 5
5 5 6 63.01 1
1 4 4 5 5
5 5 59.89 1 1
4 4 4 7 7
7 68.25 1 1 4
4 4 6 7 7
67.79 1 1 4 4
4 6 6 7 72.73
1 1 4 4 4
6 6 6 66.72 1
1 4 4 4 5
7 7 73.49 1 1
4 4 4 5 6
7 74.18 1 1 4
4 4 5 6 6
65.85 1 1 4 4
4 5 5 7 73.36
1 1 4 4 4
5 5 6 70 1
1 4 4 4 5
5 5 57.58 1 1
4 4 4 4 7
7 65.31 1 1 4
4 4 4 6 7
64.14 1 1 4 4
4 4 6 6 64.22
1 1 4 4 4
4 5 7 72.45 1
1 4 4 4 4
5 6 63.45 1 1
4 4 4 4 5
5 59.13 1 1 4
4 4 4 4 7
67.17 1 1 4 4
4 4 4 6 67.49
1 1 4 4 4
4 4 5 50.99 1
1 4 4 4 4
4 4 63.53 1 1
3 7 7 7 7
7 68.83 1 1 3
6 7 7 7 7
69.91 1 1 3 6
6 7 7 7 71.97
1 1 3 6 6
6 7 7 72.37 1
1 3 6 6 6
6 7 70.23 1 1
3 6 6 6 6
6 63.94 1 1 3
5 7 7 7 7
69.35 1 1 3 5
6 7 7 7 70.9
1 1 3 5 6
6 7 7 72.64 1
1 3 5 6 6
6 7 72.65 1 1
3 5 6 6 6
6 67.74 1 1 3
5 5 7 7 7
72.18 1 1 3 5
5 6 7 7 74.21
1 1 3 5 5
6 6 7 74.61 1
1 3 5 5 6
6 6 64.87 1 1
3 5 5 5 7
7 70.29 1 1 3
5 5 5 6 7
71.97 1 1 3 5
5 5 6 6 66.72
1 1 3 5 5
5 5 7 72.2 1
1 3 5 5 5
5 6 59.09 1 1
3 5 5 5 5
5 70.02 1 1 3
4 7 7 7 7
73.99 1 1 3 4
6 7 7 7 75.98
1 1 3 4 6
6 7 7 76.98 1
1 3 4 6 6
6 7 78.61 1 1
3 4 6 6 6
6 71.15 1 1 3
4 5 7 7 7
76.55 1 1 3 4
5 6 7 7 78.56
1 1 3 4 5
6 6 7 79.68 1
1 3 4 5 6
6 6 73.03 1 1
3 4 5 5 7
7 77.92 1 1 3
4 5 5 6 7
80.9 1 1 3 4
5 5 6 6 72.09
1 1 3 4 5
5 5 7 77.21 1
1 3 4 5 5
5 6 72.69 1 1
3 4 5 5 5
5 68.94 1 1 3
4 4 7 7 7
74.39 1 1 3 4
4 6 7 7 75.64
1 1 3 4 4
6 6 7 76.63 1
1 3 4 4 6
6 6 70.47 1 1
3 4 4 5 7
7 75.68 1 1 3
4 4 5 6 7
76.61 1 1 3 4
4 5 6 6 73.14
1 1 3 4 4
5 5 7 77.57 1
1 3 4 4 5
5 6 69.8 1 1
3 4 4 5 5
5 71.45 1 1 3
4 4 4 7 7
76.96 1 1 3 4
4 4 6 7 78.4
1 1 3 4 4
4 6 6 72.93 1
1 3 4 4 4
5 7 78.86 1 1
3 4 4 4 5
6 75.74 1 1 3
4 4 4 5 5
68 1 1 3 4
4 4 4 7 75.29
1 1 3 4 4
4 4 6 69.91 1
1 3 4 4 4
4 5 71.39 1 1
3 4 4 4 4
4 61.73 1 1 3
3 7 7 7 7
68.76 1 1 3 3
6 7 7 7 68.3
1 1 3 3 6
6 7 7 71.33 1
1 3 3 6 6
6 7 69.12 1 1
3 3 6 6 6
6 66.09 1 1 3
3 5 7 7 7
72.83 1 1 3 3
5 6 7 7 72.06
1 1 3 3 5
6 6 7 75.92 1
1 3 3 5 6
6 6 63.45 1 1
3 3 5 5 7
7 70.44 1 1 3
3 5 5 6 7
68.83 1 1 3 3
5 5 6 6 66.41
1 1 3 3 5
5 5 7 73.35 1
1 3 3 5 5
5 6 58.6 1 1
3 3 5 5 5
5 68.43 1 1 3
3 4 7 7 7
76.64 1 1 3 3
4 6 7 7 74.94
1 1 3 3 4
6 6 7 78.88 1
1 3 3 4 6
6 6 72.46 1 1
3 3 4 5 7
7 80.22 1 1 3
3 4 5 6 7
78.62 1 1 3 3
4 5 6 6 70.58
1 1 3 3 4
5 5 7 76.96 1
1 3 3 4 5
5 6 72.88 1 1
3 3 4 5 5
5 66.83 1 1 3
3 4 4 7 7
74.54 1 1 3 3
4 4 6 7 73.29
1 1 3 3 4
4 6 6 71.99 1
1 3 3 4 4
5 7 79.18 1 1
3 3 4 4 5
6 69.43 1 1 3
3 4 4 5 5
70.58 1 1 3 3
4 4 4 7 76.84
1 1 3 3 4
4 4 6 75.96 1
1 3 3 4 4
4 5 68.56 1 1
3 3 4 4 4
4 67.07 1 1 3
3 3 7 7 7
71.79 1 1 3 3
3 6 7 7 71.53
1 1 3 3 3
6 6 7 72.47 1
1 3 3 3 6
6 6 66.36 1 1
3 3 3 5 7
7 71.44 1 1 3
3 3 5 6 7
72.67 1 1 3 3
3 5 6 6 68.07
1 1 3 3 3
5 5 7 74.25 1
1 3 3 3 5
5 6 61.29 1 1
3 3 3 5 5
5 74.22 1 1 3
3 3 4 7 7
78.39 1 1 3 3
3 4 6 7 79.76
1 1 3 3 3
4 6 6 73.18 1
1 3 3 3 4
5 7 79.14 1 1
3 3 3 4 5
6 74.3 1 1 3
3 3 4 5 5
72.35 1 1 3 3
3 4 4 7 77.91
1 1 3 3 3
4 4 6 72.57 1
1 3 3 3 4
4 5 75.76 1 1
3 3 3 4 4
4 64.18 1 1 3
3 3 3 7 7
70.07 1 1 3 3
3 3 6 7 67.47
1 1 3 3 3
3 6 6 66.38 1
1 3 3 3 3
5 7 73.69 1 1
3 3 3 3 5
6 60.6 1 1 3
3 3 3 5 5
70.35 1 1 3 3
3 3 4 7 77.96
1 1 3 3 3
3 4 6 74.33 1
1 3 3 3 3
4 5 68.96 1 1
3 3 3 3 4
4 66.07 1 1 3
3 3 3 3 7
70.14 1 1 3 3
3 3 3 6 61.46
1 1 3 3 3
3 3 5 73.96 1
1 3 3 3 3
3 4 57.64 1 1
3 3 3 3 3
3 62.54 1 1 2
7 7 7 7 7
68.89 1 1 2 6
7 7 7 7 70.87
1 1 2 6 6
7 7 7 70.08 1
1 2 6 6 6
7 7 72.78 1 1
2 6 6 6 6
7 70.6 1 1 2
6 6 6 6 6
68.2 1 1 2 5
7 7 7 7 74.86
1 1 2 5 6
7 7 7 76.35 1
1 2 5 6 6
7 7 76.52 1 1
2 5 6 6 6
7 77.06 1 1 2
5 6 6 6 6
67.89 1 1 2 5
5 7 7 7 75.55
1 1 2 5 5
6 7 7 75.76 1
1 2 5 5 6
6 7 76.3 1 1
2 5 5 6 6
6 71.61 1 1 2
5 5 5 7 7
77.18 1 1 2 5
5 5 6 7 78.75
1 1 2 5 5
5 6 6 70.35 1
1 2 5 5 5
5 7 75.58 1 1
2 5 5 5 5
6 71.19 1 1 2
5 5 5 5 5
64.33 1 1 2 4
7 7 7 7 69.69
1 1 2 4 6
7 7 7 72.5 1
1 2 4 6 6
7 7 72.06 1 1
2 4 6 6 6
7 73.25 1 1 2
4 6 6 6 6
71.48 1 1 2 4
5 7 7 7 74.87
1 1 2 4 5
6 7 7 79.21 1
1 2 4 5 6
6 7 79.35 1 1
2 4 5 6 6
6 69.65 1 1 2
4 5 5 7 7
74.41 1 1 2 4
5 5 6 7 76.43
1 1 2 4 5
5 6 6 73.23 1
1 2 4 5 5
5 7 78.1 1 1
2 4 5 5 5
6 70.36 1 1 2
4 5 5 5 5
66.29 1 1 2 4
4 7 7 7 72.78
1 1 2 4 4
6 7 7 74.59 1
1 2 4 4 6
6 7 74.55 1 1
2 4 4 6 6
6 73.73 1 1 2
4 4 5 7 7
78.42 1 1 2 4
4 5 6 7 79.77
1 1 2 4 4
5 6 6 72.46 1
1 2 4 4 5
5 7 77.59 1 1
2 4 4 5 5
6 76.02 1 1 2
4 4 5 5 5
65.01 1 1 2 4
4 4 7 7 70.39
1 1 2 4 4
4 6 7 71.61 1
1 2 4 4 4
6 6 71.41 1 1
2 4 4 4 5
7 77.09 1 1 2
4 4 4 5 6
71.55 1 1 2 4
4 4 5 5 66.39
1 1 2 4 4
4 4 7 71.61 1
1 2 4 4 4
4 6 72.96 1 1
2 4 4 4 4
5 58.5 1 1 2
4 4 4 4 4
76.23 1 1 2 3
7 7 7 7 78.47
1 1 2 3 6
7 7 7 80.8 1
1 2 3 6 6
7 7 79.99 1 1
2 3 6 6 6
7 79.79 1 1 2
3 6 6 6 6
79.51 1 1 2 3
5 7 7 7 78.63
1 1 2 3 5
6 7 7 82.03 1
1 2 3 5 6
6 7 81.38 1 1
2 3 5 6 6
6 81.23 1 1 2
3 5 5 7 7
81.38 1 1 2 3
5 5 6 7 84.16
1 1 2 3 5
5 6 6 80.06 1
1 2 3 5 5
5 7 80.66 1 1
2 3 5 5 5
6 83.24 1 1 2
3 5 5 5 5
79.43 1 1 2 3
4 7 7 7 79.89
1 1 2 3 4
6 7 7 81.75 1
1 2 3 4 6
6 7 81.79 1 1
2 3 4 6 6
6 79.65 1 1 2
3 4 5 7 7
81.01 1 1 2 3
4 5 6 7 82.14
1 1 2 3 4
5 6 6 82.75 1
1 2 3 4 5
5 7 82.99 1 1
2 3 4 5 5
6 80.76 1 1 2
3 4 5 5 5
81.97 1 1 2 3
4 4 7 7 81.06
1 1 2 3 4
4 6 7 82.99 1
1 2 3 4 4
6 6 84.01 1 1
2 3 4 4 5
7 83.85 1 1 2
3 4 4 5 6
85.33 1 1 2 3
4 4 5 5 79.29
1 1 2 3 4
4 4 7 79.82 1
1 2 3 4 4
4 6 81.62 1 1
2 3 4 4 4
5 82.03 1 1 2
3 4 4 4 4
77.18 1 1 2 3
3 7 7 7 78.85
1 1 2 3 3
6 7 7 79.59 1
1 2 3 3 6
6 7 78.54 1 1
2 3 3 6 6
6 79.74 1 1 2
3 3 5 7 7
82.69 1 1 2 3
3 5 6 7 85.68
1 1 2 3 3
5 6 6 80.76 1
1 2 3 3 5
5 7 79.46 1 1
2 3 3 5 5
6 83 1 1 2
3 3 5 5 5
76.75 1 1 2 3
3 4 7 7 78.91
1 1 2 3 3
4 6 7 82.36 1
1 2 3 3 4
6 6 82.25 1 1
2 3 3 4 5
7 83.71 1 1 2
3 3 4 5 6
80.01 1 1 2 3
3 4 5 5 79.98
1 1 2 3 3
4 4 7 82.71 1
1 2 3 3 4
4 6 85.63 1 1
2 3 3 4 4
5 78.96 1 1 2
3 3 4 4 4
81.62 1 1 2 3
3 3 7 7 82.26
1 1 2 3 3
3 6 7 83.23 1
1 2 3 3 3
6 6 82.44 1 1
2 3 3 3 5
7 82.92 1 1 2
3 3 3 5 6
84.3 1 1 2 3
3 3 5 5 83.23
1 1 2 3 3
3 4 7 81.94 1
1 2 3 3 3
4 6 82.51 1 1
2 3 3 3 4
5 86.33 1 1 2
3 3 3 4 4
79.34 1 1 2 3
3 3 3 7 80.85
1 1 2 3 3
3 3 6 84.16 1
1 2 3 3 3
3 5 81.98 1 1
2 3 3 3 3
4 82.26 1 1 2
3 3 3 3 3
61 1 1 2 2
7 7 7 7 68.72
1 1 2 2 6
7 7 7 67.95 1
1 2 2 6 6
7 7 70.75 1 1
2 2 6 6 6
7 67.63 1 1 2
2 6 6 6 6
69.68 1 1 2 2
5 7 7 7 76.56
1 1 2 2 5
6 7 7 75.56 1
1 2 2 5 6
6 7 79.56 1 1
2 2 5 6 6
6 67.87 1 1 2
2 5 5 7 7
75.42 1 1 2 2
5 5 6 7 74.16
1 1 2 2 5
5 6 6 70.48 1
1 2 2 5 5
5 7 77.84 1 1
2 2 5 5 5
6 67.97 1 1 2
2 5 5 5 5
65.65 1 1 2 2
4 7 7 7 72.76
1 1 2 2 4
6 7 7 73.07 1
1 2 2 4 6
6 7 75.27 1 1
2 2 4 6 6
6 72.85 1 1 2
2 4 5 7 7
78.77 1 1 2 2
4 5 6 7 79.31
1 1 2 2 4
5 6 6 72.42 1
1 2 2 4 5
5 7 79.35 1 1
2 2 4 5 5
6 76.32 1 1 2
2 4 5 5 5
64.13 1 1 2 2
4 4 7 7 71.53
1 1 2 2 4
4 6 7 68.57 1
1 2 2 4 4
6 6 71.61 1 1
2 2 4 4 5
7 79.17 1 1 2
2 4 4 5 6
69.76 1 1 2 2
4 4 5 5 65.67
1 1 2 2 4
4 4 7 73.75 1
1 2 2 4 4
4 6 72.9 1 1
2 2 4 4 4
5 58.17 1 1 2
2 4 4 4 4
76.91 1 1 2 2
3 7 7 7 78.22
1 1 2 2 3
6 7 7 79.78 1
1 2 2 3 6
6 7 78.65 1 1
2 2 3 6 6
6 78.72 1 1 2
2 3 5 7 7
78.69 1 1 2 2
3 5 6 7 82.23
1 1 2 2 3
5 6 6 80.7 1
1 2 2 3 5
5 7 81.37 1 1
2 2 3 5 5
6 79.4 1 1 2
2 3 5 5 5
82.04 1 1 2 2
3 4 7 7 82.51
1 1 2 2 3
4 6 7 83.75 1
1 2 2 3 4
6 6 81.2 1 1
2 2 3 4 5
7 83.44 1 1 2
2 3 4 5 6
85.08 1 1 2 2
3 4 5 5 79.51
1 1 2 2 3
4 4 7 80.22 1
1 2 2 3 4
4 6 80.14 1 1
2 2 3 4 4
5 81.44 1 1 2
2 3 4 4 4
74.07 1 1 2 2
3 3 7 7 80.28
1 1 2 2 3
3 6 7 77.97 1
1 2 2 3 3
6 6 81.37 1 1
2 2 3 3 5
7 83.99 1 1 2
2 3 3 5 6
77.11 1 1 2 2
3 3 5 5 79.77
1 1 2 2 3
3 4 7 84.93 1
1 2 2 3 3
4 6 84.83 1 1
2 2 3 3 4
5 77.21 1 1 2
2 3 3 4 4
81.82 1 1 2 2
3 3 3 7 82.06
1 1 2 2 3
3 3 6 80.71 1
1 2 2 3 3
3 5 87.48 1 1
2 2 3 3 3
4 77.09 1 1 2
2 3 3 3 3
67.03 1 1 2 2
2 7 7 7 70.79
1 1 2 2 2
6 7 7 72.65 1
1 2 2 2 6
6 7 73.33 1 1
2 2 2 6 6
6 73.47 1 1 2
2 2 5 7 7
78.51 1 1 2 2
2 5 6 7 78.91
1 1 2 2 2
5 6 6 71.73 1
1 2 2 2 5
5 7 77.05 1 1
2 2 2 5 5
6 76.49 1 1 2
2 2 5 5 5
66.8 1 1 2 2
2 4 7 7 71.36
1 1 2 2 2
4 6 7 73.7 1
1 2 2 2 4
6 6 74.71 1 1
2 2 2 4 5
7 79.01 1 1 2
2 2 4 5 6
73.08 1 1 2 2
2 4 5 5 66.61
1 1 2 2 2
4 4 7 71.7 1
1 2 2 2 4
4 6 73.76 1 1
2 2 2 4 4
5 62.54 1 1 2
2 2 4 4 4
81.74 1 1 2 2
2 3 7 7 81.54
1 1 2 2 2
3 6 7 83.37 1
1 2 2 2 3
6 6 83.06 1 1
2 2 2 3 5
7 83.87 1 1 2
2 2 3 5 6
85.32 1 1 2 2
2 3 5 5 82.85
1 1 2 2 2
3 4 7 81.9 1
1 2 2 2 3
4 6 83.3 1 1
2 2 2 3 4
5 83.66 1 1 2
2 2 3 4 4
81.44 1 1 2 2
2 3 3 7 81.66
1 1 2 2 2
3 3 6 85.71 1
1 2 2 2 3
3 5 79.92 1 1
2 2 2 3 3
4 85.83 1 1 2
2 2 3 3 3
62.88 1 1 2 2
2 2 7 7 70.77
1 1 2 2 2
2 6 7 67.2 1
1 2 2 2 2
6 6 70.48 1 1
2 2 2 2 5
7 78.26 1 1 2
2 2 2 5 6
69.36 1 1 2 2
2 2 5 5 67.37
1 1 2 2 2
2 4 7 73.16 1
1 2 2 2 2
4 6 74.64 1 1
2 2 2 2 4
5 60.09 1 1 2
2 2 2 4 4
80.4 1 1 2 2
2 2 3 7 79.74
1 1 2 2 2
2 3 6 81.72 1
1 2 2 2 2
3 5 84.03 1 1
2 2 2 2 3
4 77.03 1 1 2
2 2 2 3 3
66.64 1 1 2 2
2 2 2 7 69.48
1 1 2 2 2
2 2 6 74.66 1
1 2 2 2 2
2 5 61.66 1 1
2 2 2 2 2
4 82.01 1 1 2
2 2 2 2 3
58.14 1 1 2 2
2 2 2 2 54.45
1 1 1 7 7
7 7 7 62.3 1
1 1 6 7 7
7 7 61.72 1 1
1 6 6 7 7
7 65.55 1 1 1
6 6 6 7 7
63.79 1 1 1 6
6 6 6 7 66.27
1 1 1 6 6
6 6 6 60.43 1
1 1 5 7 7
7 7 67.56 1 1
1 5 6 7 7
7 66.33 1 1 1
5 6 6 7 7
69.83 1 1 1 5
6 6 6 7 69.24
1 1 1 5 6
6 6 6 60.92 1
1 1 5 5 7
7 7 68.23 1 1
1 5 5 6 7
7 67.21 1 1 1
5 5 6 6 7
71.05 1 1 1 5
5 6 6 6 60.72
1 1 1 5 5
5 7 7 67.61 1
1 1 5 5 5
6 7 67.56 1 1
1 5 5 5 6
6 61.24 1 1 1
5 5 5 5 7
68.68 1 1 1 5
5 5 5 6 55.29
1 1 1 5 5
5 5 5 59.66 1
1 1 4 7 7
7 7 68.65 1 1
1 4 6 7 7
7 66.34 1 1 1
4 6 6 7 7
70.06 1 1 1 4
6 6 6 7 69.49
1 1 1 4 6
6 6 6 63.89 1
1 1 4 5 7
7 7 71.79 1 1
1 4 5 6 7
7 71.31 1 1 1
4 5 6 6 7
73.1 1 1 1 4
5 6 6 6 66.38
1 1 1 4 5
5 7 7 73.3 1
1 1 4 5 5
6 7 72.72 1 1
1 4 5 5 6
6 65.94 1 1 1
4 5 5 5 7
73.66 1 1 1 4
5 5 5 6 66.3
1 1 1 4 5
5 5 5 60.59 1
1 1 4 4 7
7 7 68.02 1 1
1 4 4 6 7
7 69.38 1 1 1
4 4 6 6 7
71.91 1 1 1 4
4 6 6 6 65.74
1 1 1 4 4
5 7 7 73.07 1
1 1 4 4 5
6 7 73.97 1 1
1 4 4 5 6
6 67.24 1 1 1
4 4 5 5 7
74.24 1 1 1 4
4 5 5 6 66.9
1 1 1 4 4
5 5 5 60.82 1
1 1 4 4 4
7 7 67.74 1 1
1 4 4 4 6
7 68.01 1 1 1
4 4 4 6 6
65.13 1 1 1 4
4 4 5 7 73.7
1 1 1 4 4
4 5 6 65.52 1
1 1 4 4 4
5 5 61.11 1 1
1 4 4 4 4
7 68.54 1 1 1
4 4 4 4 6
66.83 1 1 1 4
4 4 4 5 54.63
1 1 1 4 4
4 4 4 68.29 1
1 1 3 7 7
7 7 72.31 1 1
1 3 6 7 7
7 75.49 1 1 1
3 6 6 7 7
75.41 1 1 1 3
6 6 6 7 75.5
1 1 1 3 6
6 6 6 66.46 1
1 1 3 5 7
7 7 72.07 1 1
1 3 5 6 7
7 72.85 1 1 1
3 5 6 6 7
74.4 1 1 1 3
5 6 6 6 67.53
1 1 1 3 5
5 7 7 72.78 1
1 1 3 5 5
6 7 75.02 1 1
1 3 5 5 6
6 67.87 1 1 1
3 5 5 5 7
74.1 1 1 1 3
5 5 5 6 62.39
1 1 1 3 5
5 5 5 71.37 1
1 1 3 4 7
7 7 75.5 1 1
1 3 4 6 7
7 78.18 1 1 1
3 4 6 6 7
79.31 1 1 1 3
4 6 6 6 72.45
1 1 1 3 4
5 7 7 76.66 1
1 1 3 4 5
6 7 80.41 1 1
1 3 4 5 6
6 72.44 1 1 1
3 4 5 5 7
78.02 1 1 1 3
4 5 5 6 72.83
1 1 1 3 4
5 5 5 73.25 1
1 1 3 4 4
7 7 78.05 1 1
1 3 4 4 6
7 80.7 1 1 1
3 4 4 6 6
72.22 1 1 1 3
4 4 5 7 78.26
1 1 1 3 4
4 5 6 73.8 1
1 1 3 4 4
5 5 74 1 1
1 3 4 4 4
7 77.43 1 1 1
3 4 4 4 6
71.4 1 1 1 3
4 4 4 5 73.33
1 1 1 3 4
4 4 4 66.15 1
1 1 3 3 7
7 7 73.93 1 1
1 3 3 6 7
7 72.83 1 1 1
3 3 6 6 7
76.48 1 1 1 3
3 6 6 6 65.97
1 1 1 3 3
5 7 7 73.52 1
1 1 3 3 5
6 7 72.29 1 1
1 3 3 5 6
6 67.91 1 1 1
3 3 5 5 7
74.96 1 1 1 3
3 5 5 6 61.18
1 1 1 3 3
5 5 5 71.79 1
1 1 3 3 4
7 7 78.46 1 1
1 3 3 4 6
7 78.63 1 1 1
3 3 4 6 6
72.84 1 1 1 3
3 4 5 7 79.56
1 1 1 3 3
4 5 6 73.14 1
1 1 3 3 4
5 5 72.01 1 1
1 3 3 4 4
7 80.36 1 1 1
3 3 4 4 6
72.86 1 1 1 3
3 4 4 5 72.37
1 1 1 3 3
4 4 4 69.17 1
1 1 3 3 3
7 7 74.54 1 1
1 3 3 3 6
7 76.19 1 1 1
3 3 3 6 6
70.36 1 1 1 3
3 3 5 7 75.06
1 1 1 3 3
3 5 6 65.47 1
1 1 3 3 3
5 5 75.73 1 1
1 3 3 3 4
7 79.6 1 1 1
3 3 3 4 6
74.38 1 1 1 3
3 3 4 5 75.9
1 1 1 3 3
3 4 4 68.39 1
1 1 3 3 3
3 7 75.86 1 1
1 3 3 3 3
6 63.48 1 1 1
3 3 3 3 5
74.35 1 1 1 3
3 3 3 4 65.83
1 1 1 3 3
3 3 3 67.92 1
1 1 2 7 7
7 7 72.32 1 1
1 2 6 7 7
7 73.93 1 1 1
2 6 6 7 7
75.06 1 1 1 2
6 6 6 7 75.77
1 1 1 2 6
6 6 6 71.51 1
1 1 2 5 7
7 7 76.16 1 1
1 2 5 6 7
7 77.85 1 1 1
2 5 6 6 7
78.55 1 1 1 2
5 6 6 6 73.06
1 1 1 2 5
5 7 7 78.3 1
1 1 2 5 5
6 7 80.18 1 1
1 2 5 5 6
6 72.89 1 1 1
2 5 5 5 7
76.49 1 1 1 2
5 5 5 6 73.84
1 1 1 2 5
5 5 5 67.21 1
1 1 2 4 7
7 7 71.9 1 1
1 2 4 6 7
7 74.42 1 1 1
2 4 6 6 7
73.48 1 1 1 2
4 6 6 6 72.35
1 1 1 2 4
5 7 7 76.66 1
1 1 2 4 5
6 7 77.99 1 1
1 2 4 5 6
6 73.62 1 1 1
2 4 5 5 7
77.85 1 1 1 2
4 5 5 6 71.82
1 1 1 2 4
5 5 5 66.65 1
1 1 2 4 4
7 7 72.15 1 1
1 2 4 4 6
7 74.6 1 1 1
2 4 4 6 6
72.41 1 1 1 2
4 4 5 7 78.52
1 1 1 2 4
4 5 6 73.55 1
1 1 2 4 4
5 5 67.54 1 1
1 2 4 4 4
7 73.25 1 1 1
2 4 4 4 6
73.71 1 1 1 2
4 4 4 5 61.9
1 1 1 2 4
4 4 4 81.63 1
1 1 2 3 7
7 7 82.84 1 1
1 2 3 6 7
7 84.13 1 1 1
2 3 6 6 7
85.19 1 1 1 2
3 6 6 6 81.48
1 1 1 2 3
5 7 7 84.08 1
1 1 2 3 5
6 7 86.2 1 1
1 2 3 5 6
6 83.35 1 1 1
2 3 5 5 7
83.07 1 1 1 2
3 5 5 6 83.31
1 1 1 2 3
5 5 5 82.44 1
1 1 2 3 4
7 7 83.93 1 1
1 2 3 4 6
7 83.86 1 1 1
2 3 4 6 6
83.63 1 1 1 2
3 4 5 7 84.17
1 1 1 2 3
4 5 6 83.3 1
1 1 2 3 4
5 5 82.47 1 1
1 2 3 4 4
7 82.83 1 1 1
2 3 4 4 6
83.15 1 1 1 2
3 4 4 5 83.99
1 1 1 2 3
4 4 4 81.88 1
1 1 2 3 3
7 7 83.85 1 1
1 2 3 3 6
7 86.94 1 1 1
2 3 3 6 6
84.08 1 1 1 2
3 3 5 7 83.74
1 1 1 2 3
3 5 6 84.6 1
1 1 2 3 3
5 5 82.27 1 1
1 2 3 3 4
7 83.23 1 1 1
2 3 3 4 6
82.61 1 1 1 2
3 3 4 5 82.89
1 1 1 2 3
3 4 4 85.91 1
1 1 2 3 3
3 7 85.36 1 1
1 2 3 3 3
6 86.21 1 1 1
2 3 3 3 5
86.81 1 1 1 2
3 3 3 4 86.12
1 1 1 2 3
3 3 3 67.35 1
1 1 2 2 7
7 7 73.8 1 1
1 2 2 6 7
7 73.66 1 1 1
2 2 6 6 7
76.4 1 1 1 2
2 6 6 6 71.83
1 1 1 2 2
5 7 7 79.18 1
1 1 2 2 5
6 7 76.78 1 1
1 2 2 5 6
6 72.5 1 1 1
2 2 5 5 7
79.63 1 1 1 2
2 5 5 6 72.03
1 1 1 2 2
5 5 5 66.76 1
1 1 2 2 4
7 7 74.59 1 1
1 2 2 4 6
7 72.89 1 1 1
2 2 4 6 6
73.4 1 1 1 2
2 4 5 7 78.15
1 1 1 2 2
4 5 6 72.68 1
1 1 2 2 4
5 5 67.7 1 1
1 2 2 4 4
7 76.02 1 1 1
2 2 4 4 6
73.91 1 1 1 2
2 4 4 5 61.64
1 1 1 2 2
4 4 4 83.21 1
1 1 2 2 3
7 7 82.99 1 1
1 2 2 3 6
7 85.29 1 1 1
2 2 3 6 6
82.59 1 1 1 2
2 3 5 7 83.82
1 1 1 2 2
3 5 6 84.55 1
1 1 2 2 3
5 5 82.28 1 1
1 2 2 3 4
7 83.26 1 1 1
2 2 3 4 6
82.48 1 1 1 2
2 3 4 5 82.99
1 1 1 2 2
3 4 4 81.23 1
1 1 2 2 3
3 7 87.07 1 1
1 2 2 3 3
6 82.19 1 1 1
2 2 3 3 5
80.97 1 1 1 2
2 3 3 4 87.32
1 1 1 2 2
3 3 3 69.99 1
1 1 2 2 2
7 7 75.45 1 1
1 2 2 2 6
7 75.81 1 1 1
2 2 2 6 6
75.75 1 1 1 2
2 2 5 7 80.17
1 1 1 2 2
2 5 6 76.27 1
1 1 2 2 2
5 5 70 1 1
1 2 2 2 4
7 75.23 1 1 1
2 2 2 4 6
74.86 1 1 1 2
2 2 4 5 65.42
1 1 1 2 2
2 4 4 86.05 1
1 1 2 2 2
3 7 87.11 1 1
1 2 2 2 3
6 85.65 1 1 1
2 2 2 3 5
84.84 1 1 1 2
2 2 3 4 85.18
1 1 1 2 2
2 3 3 68.84 1
1 1 2 2 2
2 7 74.44 1 1
1 2 2 2 2
6 72.44 1 1 1
2 2 2 2 5
63.58 1 1 1 2
2 2 2 4 86.57
1 1 1 2 2
2 2 3 65.66 1
1 1 2 2 2
2 2 52.09 1 1
1 1 7 7 7
7 60.71 1 1 1
1 6 7 7 7
60.47 1 1 1 1
6 6 7 7 63.83
1 1 1 1 6
6 6 7 61.48 1
1 1 1 6 6
6 6 59.45 1 1
1 1 5 7 7
7 68.06 1 1 1
1 5 6 7 7
67.33 1 1 1 1
5 6 6 7 70.75
1 1 1 1 5
6 6 6 57.13 1
1 1 1 5 5
7 7 65.57 1 1
1 1 5 5 6
7 64.47 1 1 1
1 5 5 6 6
61.36 1 1 1 1
5 5 5 7 68.4
1 1 1 1 5
5 5 6 52.41 1
1 1 1 5 5
5 5 60.61 1 1
1 1 4 7 7
7 66.79 1 1 1
1 4 6 7 7
66.89 1 1 1 1
4 6 6 7 70.42
1 1 1 1 4
6 6 6 65.1 1
1 1 1 4 5
7 7 73.84 1 1
1 1 4 5 6
7 72.62 1 1 1
1 4 5 6 6
64.31 1 1 1 1
4 5 5 7 70.82
1 1 1 1 4
5 5 6 67.09 1
1 1 1 4 5
5 5 57.61 1 1
1 1 4 4 7
7 66.09 1 1 1
1 4 4 6 7
64.16 1 1 1 1
4 4 6 6 64.45
1 1 1 1 4
4 5 7 71.63 1
1 1 1 4 4
5 6 60.47 1 1
1 1 4 4 5
5 60.54 1 1 1
1 4 4 4 7
68.27 1 1 1 1
4 4 4 6 67.3
1 1 1 1 4
4 4 5 52.93 1
1 1 1 4 4
4 4 66.51 1 1
1 1 3 7 7
7 71.78 1 1 1
1 3 6 7 7
73.46 1 1 1 1
3 6 6 7 74.08
1 1 1 1 3
6 6 6 65.3 1
1 1 1 3 5
7 7 70.25 1 1
1 1 3 5 6
7 72.28 1 1 1
1 3 5 6 6
67.47 1 1 1 1
3 5 5 7 72.69
1 1 1 1 3
5 5 6 60.94 1
1 1 1 3 5
5 5 72.08 1 1
1 1 3 4 7
7 77.36 1 1 1
1 3 4 6 7
78.85 1 1 1 1
3 4 6 6 72.7
1 1 1 1 3
4 5 7 76.02 1
1 1 1 3 4
5 6 74.79 1 1
1 1 3 4 5
5 69.62 1 1 1
1 3 4 4 7
75.91 1 1 1 1
3 4 4 6 69.13
1 1 1 1 3
4 4 5 73.61 1
1 1 1 3 4
4 4 64.11 1 1
1 1 3 3 7
7 71.37 1 1 1
1 3 3 6 7
69.71 1 1 1 1
3 3 6 6 66.32
1 1 1 1 3
3 5 7 73.73 1
1 1 1 3 3
5 6 59.52 1 1
1 1 3 3 5
5 71.57 1 1 1
1 3 3 4 7
78.49 1 1 1 1
3 3 4 6 73.77
1 1 1 1 3
3 4 5 68.23 1
1 1 1 3 3
4 4 68.41 1 1
1 1 3 3 3
7 73.9 1 1 1
1 3 3 3 6
63.07 1 1 1 1
3 3 3 5 75.38
1 1 1 1 3
3 3 4 60.97 1
1 1 1 3 3
3 3 66.36 1 1
1 1 2 7 7
7 71.46 1 1 1
1 2 6 7 7
73.01 1 1 1 1
2 6 6 7 74.04
1 1 1 1 2
6 6 6 71.88 1
1 1 1 2 5
7 7 77.59 1 1
1 1 2 5 6
7 77.65 1 1 1
1 2 5 6 6
70.89 1 1 1 1
2 5 5 7 75.73
1 1 1 1 2
5 5 6 74.25 1
1 1 1 2 5
5 5 65.51 1 1
1 1 2 4 7
7 70.18 1 1 1
1 2 4 6 7
71.57 1 1 1 1
2 4 6 6 72.65
1 1 1 1 2
4 5 7 76.54 1
1 1 1 2 4
5 6 69.54 1 1
1 1 2 4 5
5 67.3 1 1 1
1 2 4 4 7
73.35 1 1 1 1
2 4 4 6 73.66
1 1 1 1 2
4 4 5 61.86 1
1 1 1 2 4
4 4 83.31 1 1
1 1 2 3 7
7 81 1 1 1
1 2 3 6 7
83.58 1 1 1 1
2 3 6 6 82.14
1 1 1 1 2
3 5 7 81.09 1
1 1 1 2 3
5 6 84.8 1 1
1 1 2 3 5
5 82.23 1 1 1
1 2 3 4 7
80.95 1 1 1 1
2 3 4 6 81.46
1 1 1 1 2
3 4 5 84.24 1
1 1 1 2 3
4 4 79.1 1 1
1 1 2 3 3
7 81.46 1 1 1
1 2 3 3 6
84.03 1 1 1 1
2 3 3 5 79.16
1 1 1 1 2
3 3 4 86.44 1
1 1 1 2 3
3 3 62.31 1 1
1 1 2 2 7
7 71.13 1 1 1
1 2 2 6 7
68.77 1 1 1 1
2 2 6 6 69.82
1 1 1 1 2
2 5 7 77.44 1
1 1 1 2 2
5 6 67.87 1 1
1 1 2 2 5
5 67.18 1 1 1
1 2 2 4 7
74.26 1 1 1 1
2 2 4 6 74.27
1 1 1 1 2
2 4 5 59.74 1
1 1 1 2 2
4 4 80.59 1 1
1 1 2 2 3
7 82.3 1 1 1
1 2 2 3 6
78.71 1 1 1 1
2 2 3 5 84.5
1 1 1 1 2
2 3 4 76.61 1
1 1 1 2 2
3 3 68.68 1 1
1 1 2 2 2
7 74.33 1 1 1
1 2 2 2 6
75.86 1 1 1 1
2 2 2 5 63.6
1 1 1 1 2
2 2 4 86.31 1
1 1 1 2 2
2 3 61.91 1 1
1 1 2 2 2
2 54.75 1 1 1
1 1 7 7 7
63.04 1 1 1 1
1 6 7 7 62.21
1 1 1 1 1
6 6 7 66.22 1
1 1 1 1 6
6 6 58.91 1 1
1 1 1 5 7
7 66.04 1 1 1
1 1 5 6 7
66.22 1 1 1 1
1 5 6 6 59.5
1 1 1 1 1
5 5 7 66.76 1
1 1 1 1 5
5 6 54.84 1 1
1 1 1 5 5
5 58.54 1 1 1
1 1 4 7 7
65.93 1 1 1 1
1 4 6 7 66.16
1 1 1 1 1
4 6 6 62.82 1
1 1 1 1 4
5 7 69.62 1 1
1 1 1 4 5
6 63.93 1 1 1
1 1 4 5 5
59.26 1 1 1 1
1 4 4 7 67.27
1 1 1 1 1
4 4 6 63.57 1
1 1 1 1 4
4 5 54.62 1 1
1 1 1 4 4
4 66.58 1 1 1
1 1 3 7 7
71.54 1 1 1 1
1 3 6 7 73.94
1 1 1 1 1
3 6 6 66.55 1
1 1 1 1 3
5 7 72.65 1 1
1 1 1 3 5
6 62.45 1 1 1
1 1 3 5 5
71.87 1 1 1 1
1 3 4 7 76.03
1 1 1 1 1
3 4 6 70.68 1
1 1 1 1 3
4 5 71.29 1 1
1 1 1 3 4
4 65.16 1 1 1
1 1 3 3 7
74.1 1 1 1 1
1 3 3 6 61.96
1 1 1 1 1
3 3 5 70.21 1
1 1 1 1 3
3 4 65.35 1 1
1 1 1 3 3
3 66.72 1 1 1
1 1 2 7 7
72.91 1 1 1 1
1 2 6 7 73.94
1 1 1 1 1
2 6 6 70.46 1
1 1 1 1 2
5 7 76.28 1 1
1 1 1 2 5
6 72.58 1 1 1
1 1 2 5 5
67.44 1 1 1 1
1 2 4 7 72.28
1 1 1 1 1
2 4 6 70.75 1
1 1 1 1 2
4 5 63.01 1 1
1 1 1 2 4
4 81.24 1 1 1
1 1 2 3 7
83.39 1 1 1 1
1 2 3 6 81.76
1 1 1 1 1
2 3 5 81.06 1
1 1 1 1 2
3 4 81.31 1 1
1 1 1 2 3
3 66.21 1 1 1
1 1 2 2 7
73.31 1 1 1 1
1 2 2 6 70.73
1 1 1 1 1
2 2 5 61.81 1
1 1 1 1 2
2 4 81.86 1 1
1 1 1 2 2
3 65.65 1 1 1
1 1 2 2 2
51.72 1 1 1 1
1 1 7 7 58.73
1 1 1 1 1
1 6 7 58.75 1
1 1 1 1 1
6 6 57.99 1 1
1 1 1 1 5
7 67.04 1 1 1
1 1 1 5 6
50.96 1 1 1 1
1 1 5 5 57.02
1 1 1 1 1
1 4 7 65.42 1
1 1 1 1 1
4 6 64.52 1 1
1 1 1 1 4
5 51.01 1 1 1
1 1 1 4 4
65.13 1 1 1 1
1 1 3 7 70.06
1 1 1 1 1
1 3 6 60.39 1
1 1 1 1 1
3 5 71.64 1 1
1 1 1 1 3
4 58.64 1 1 1
1 1 1 3 3
64.06 1 1 1 1
1 1 2 7 69.97
1 1 1 1 1
1 2 6 71.49 1
1 1 1 1 1
2 5 58.76 1 1
1 1 1 1 2
4 81.85 1 1 1
1 1 1 2 3
59.17 1 1 1 1
1 1 2 2 51.93
1 1 1 1 1
1 1 7 60.97 1
1 1 1 1 1
1 6 52.58 1 1
1 1 1 1 1
5 52.23 1 1 1
1 1 1 1 4
61.15 1 1 1 1
1 1 1 3 61.07
1 1 1 1 1
1 1 2 43.9 1
1 1 1 1 1
1 1
