47.14 7 7 7 7
7 59.1 6 7 7
7 7 59.71 6 6
7 7 7 59.3 6
6 6 7 7 59.42
6 6 6 6 7
46.73 6 6 6 6
6 59.18 5 7 7
7 7 70.45 5 6
7 7 7 71.72 5
6 6 7 7 70.97
5 6 6 6 7
70.77 5 6 6 6
6 59.64 5 5 7
7 7 71.45 5 5
6 7 7 71.92 5
5 6 6 7 71.9
5 5 6 6 6
59.1 5 5 5 7
7 71.64 5 5 5
6 7 71.75 5 5
5 6 6 59.19 5
5 5 5 7 71.68
5 5 5 5 6
47.05 5 5 5 5
5 59.42 4 7 7
7 7 70.57 4 6
7 7 7 72.32 4
6 6 7 7 71.98
4 6 6 6 7
72.15 4 6 6 6
6 70.64 4 5 7
7 7 79.8 4 5
6 7 7 83.25 4
5 6 6 7 81.66
4 5 6 6 6
72.12 4 5 5 7
7 82.9 4 5 5
6 7 84.24 4 5
5 6 6 71.81 4
5 5 5 7 82.85
4 5 5 5 6
71.39 4 5 5 5
5 59.7 4 4 7
7 7 72.41 4 4
6 7 7 70.75 4
4 6 6 7 71.66
4 4 6 6 6
71.18 4 4 5 7
7 82.82 4 4 5
6 7 83.73 4 4
5 6 6 71.1 4
4 5 5 7 83.76
4 4 5 5 6
71.89 4 4 5 5
5 59.82 4 4 4
7 7 71.24 4 4
4 6 7 71.78 4
4 4 6 6 72.15
4 4 4 5 7
82.55 4 4 4 5
6 71.8 4 4 4
5 5 59.5 4 4
4 4 7 71.64 4
4 4 4 6 72.04
4 4 4 4 5
47.12 4 4 4 4
4 59.6 3 7 7
7 7 70.21 3 6
7 7 7 69.15 3
6 6 7 7 71.67
3 6 6 6 7
58.95 3 6 6 6
6 69.42 3 5 7
7 7 79.01 3 5
6 7 7 80.02 3
5 6 6 7 83.1
3 5 6 6 6
69.11 3 5 5 7
7 80.57 3 5 5
6 7 78.08 3 5
5 6 6 71.83 3
5 5 5 7 82.59
3 5 5 5 6
59.08 3 5 5 5
5 70.65 3 4 7
7 7 80.73 3 4
6 7 7 79.76 3
4 6 6 7 82.05
3 4 6 6 6
80.76 3 4 5 7
7 89.68 3 4 5
6 7 91.19 3 4
5 6 6 78.58 3
4 5 5 7 89.52
3 4 5 5 6
83.45 3 4 5 5
5 71.65 3 4 4
7 7 82.02 3 4
4 6 7 80.8 3
4 4 6 6 82.7
3 4 4 5 7
92.76 3 4 4 5
6 80.59 3 4 4
5 5 71.5 3 4
4 4 7 82.81 3
4 4 4 6 82.17
3 4 4 4 5
71.6 3 4 4 4
4 59.65 3 3 7
7 7 68.35 3 3
6 7 7 68.43 3
3 6 6 7 59.46
3 3 6 6 6
68.71 3 3 5 7
7 77.77 3 3 5
6 7 78.25 3 3
5 6 6 68.34 3
3 5 5 7 77.79
3 3 5 5 6
59.68 3 3 5 5
5 72.93 3 3 4
7 7 80.88 3 3
4 6 7 80.49 3
3 4 6 6 81.25
3 3 4 5 7
90.51 3 3 4 5
6 80.77 3 3 4
5 5 71.13 3 3
4 4 7 80.31 3
3 4 4 6 81.52
3 3 4 4 5
72.09 3 3 4 4
4 59.28 3 3 3
7 7 70.65 3 3
3 6 7 59.37 3
3 3 6 6 70.21
3 3 3 5 7
79.68 3 3 3 5
6 59.27 3 3 3
5 5 71.9 3 3
3 4 7 82.25 3
3 3 4 6 82.7
3 3 3 4 5
72.06 3 3 3 4
4 59.14 3 3 3
3 7 59.27 3 3
3 3 6 59.67 3
3 3 3 5 72.39
3 3 3 3 4
47.32 3 3 3 3
3 59.27 2 7 7
7 7 70 2 6
7 7 7 68.67 2
6 6 7 7 72.35
2 6 6 6 7
59.56 2 6 6 6
6 70.35 2 5 7
7 7 80.56 2 5
6 7 7 80.35 2
5 6 6 7 83.4
2 5 6 6 6
71.23 2 5 5 7
7 82.23 2 5 5
6 7 80.97 2 5
5 6 6 71.99 2
5 5 5 7 82.88
2 5 5 5 6
71.45 2 5 5 5
5 69.97 2 4 7
7 7 79.05 2 4
6 7 7 78.74 2
4 6 6 7 82.85
2 4 6 6 6
79.98 2 4 5 7
7 90.54 2 4 5
6 7 91.23 2 4
5 6 6 82.03 2
4 5 5 7 92.04
2 4 5 5 6
82.44 2 4 5 5
5 68.17 2 4 4
7 7 79.9 2 4
4 6 7 77.84 2
4 4 6 6 79.11
2 4 4 5 7
89.29 2 4 4 5
6 81.29 2 4 4
5 5 71.59 2 4
4 4 7 82.12 2
4 4 4 6 82.23
2 4 4 4 5
59.36 2 4 4 4
4 81.54 2 3 7
7 7 78.31 2 3
6 7 7 82.42 2
3 6 6 7 70.85
2 3 6 6 6
89.96 2 3 5 7
7 88.65 2 3 5
6 7 92.57 2 3
5 6 6 89.93 2
3 5 5 7 86.18
2 3 5 5 6
92.88 2 3 5 5
5 90.2 2 3 4
7 7 89.35 2 3
4 6 7 92.79 2
3 4 6 6 98.47
2 3 4 5 7
99.39 2 3 4 5
6 99.05 2 3 4
5 5 89.24 2 3
4 4 7 86.97 2
3 4 4 6 98.33
2 3 4 4 5
94.33 2 3 4 4
4 76.26 2 3 3
7 7 81.74 2 3
3 6 7 71.39 2
3 3 6 6 85.97
2 3 3 5 7
90.55 2 3 3 5
6 87.38 2 3 3
5 5 88.83 2 3
3 4 7 91 2
3 3 4 6 98.03
2 3 3 4 5
86.98 2 3 3 4
4 83 2 3 3
3 7 71.23 2 3
3 3 6 92.65 2
3 3 3 5 93.08
2 3 3 3 4
71.7 2 3 3 3
3 60.01 2 2 7
7 7 67.98 2 2
6 7 7 68.07 2
2 6 6 7 59.13
2 2 6 6 6
72.03 2 2 5 7
7 80.58 2 2 5
6 7 81.43 2 2
5 6 6 71.83 2
2 5 5 7 81.6
2 2 5 5 6
71.79 2 2 5 5
5 68.4 2 2 4
7 7 75.78 2 2
4 6 7 78.28 2
2 4 6 6 81.19
2 2 4 5 7
90.6 2 2 4 5
6 80.86 2 2 4
5 5 68.34 2 2
4 4 7 78.82 2
2 4 4 6 80.68
2 2 4 4 5
59.88 2 2 4 4
4 78.37 2 2 3
7 7 80.16 2 2
3 6 7 71.39 2
2 3 6 6 89.05
2 2 3 5 7
91.74 2 2 3 5
6 85.64 2 2 3
5 5 86.52 2 2
3 4 7 90.27 2
2 3 4 6 97.34
2 2 3 4 5
86.73 2 2 3 4
4 78.25 2 2 3
3 7 71.63 2 2
3 3 6 87 2
2 3 3 5 86.74
2 2 3 3 4
71.25 2 2 3 3
3 59.5 2 2 2
7 7 70.28 2 2
2 6 7 59.67 2
2 2 6 6 71.26
2 2 2 5 7
82.52 2 2 2 5
6 71.23 2 2 2
5 5 69.75 2 2
2 4 7 81.37 2
2 2 4 6 81.94
2 2 2 4 5
59.37 2 2 2 4
4 81.46 2 2 2
3 7 71.27 2 2
2 3 6 93.5 2
2 2 3 5 93.13
2 2 2 3 4
72.01 2 2 2 3
3 58.91 2 2 2
2 7 59.26 2 2
2 2 6 71.31 2
2 2 2 5 60.04
2 2 2 2 4
70.96 2 2 2 2
3 46.86 2 2 2
2 2 59.57 1 7
7 7 7 70.42 1
6 7 7 7 71.66
1 6 6 7 7
71.91 1 6 6 6
7 71.56 1 6 6
6 6 70.33 1 5
7 7 7 81.14 1
5 6 7 7 81.92
1 5 6 6 7
83.31 1 5 6 6
6 68.52 1 5 5
7 7 78.87 1 5
5 6 7 81.36 1
5 5 6 6 71.58
1 5 5 5 7
82.67 1 5 5 5
6 59.35 1 5 5
5 5 70.15 1 4
7 7 7 80.47 1
4 6 7 7 82.82
1 4 6 6 7
82.73 1 4 6 6
6 78.83 1 4 5
7 7 90.77 1 4
5 6 7 92.21 1
4 5 6 6 78.39
1 4 5 5 7
90.35 1 4 5 5
6 83.53 1 4 5
5 5 68.84 1 4
4 7 7 80.1 1
4 4 6 7 80.43
1 4 4 6 6
79.79 1 4 4 5
7 90.65 1 4 4
5 6 77.23 1 4
4 5 5 71.77 1
4 4 4 7 82.14
1 4 4 4 6
82.57 1 4 4 4
5 59.3 1 4 4
4 4 81.86 1 3
7 7 7 89.45 1
3 6 7 7 89.75
1 3 6 6 7
93.55 1 3 6 6
6 77.68 1 3 5
7 7 87.63 1 3
5 6 7 86.35 1
3 5 6 6 82.14
1 3 5 5 7
93.45 1 3 5 5
6 69.52 1 3 5
5 5 90.71 1 3
4 7 7 98.74 1
3 4 6 7 98.56
1 3 4 6 6
88.38 1 3 4 5
7 98.72 1 3 4
5 6 92.75 1 3
4 5 5 89.83 1
3 4 4 7 98.83
1 3 4 4 6
86.76 1 3 4 4
5 93.45 1 3 4
4 4 77.69 1 3
3 7 7 86.88 1
3 3 6 7 86.07
1 3 3 6 6
81.07 1 3 3 5
7 89.92 1 3 3
5 6 71.07 1 3
3 5 5 88 1
3 3 4 7 97.78
1 3 3 4 6
92.29 1 3 3 4
5 87.19 1 3 3
4 4 81.13 1 3
3 3 7 92.82 1
3 3 3 6 70.5
1 3 3 3 5
93.7 1 3 3 3
4 71.78 1 3 3
3 3 81.18 1 2
7 7 7 90.67 1
2 6 7 7 89.74
1 2 6 6 7
94.88 1 2 6 6
6 89.65 1 2 5
7 7 98.74 1 2
5 6 7 99.76 1
2 5 6 6 90.63
1 2 5 5 7
98.52 1 2 5 5
6 93.48 1 2 5
5 5 78.41 1 2
4 7 7 88.52 1
2 4 6 7 87.6
1 2 4 6 6
89.26 1 2 4 5
7 100.02 1 2 4
5 6 86.65 1 2
4 5 5 82.76 1
2 4 4 7 93.94
1 2 4 4 6
93.29 1 2 4 4
5 69.19 1 2 4
4 4 109.16 1 2
3 7 7 107.28 1
2 3 6 7 111.78
1 2 3 6 6
107.9 1 2 3 5
7 105.87 1 2 3
5 6 112.49 1 2
3 5 5 107.03 1
2 3 4 7 104.35
1 2 3 4 6
104.51 1 2 3 4
5 111.63 1 2 3
4 4 105.29 1 2
3 3 7 108.7 1
2 3 3 6 107.59
1 2 3 3 5
102.55 1 2 3 3
4 114.73 1 2 3
3 3 77.12 1 2
2 7 7 87.73 1
2 2 6 7 87.23
1 2 2 6 6
88.99 1 2 2 5
7 97.31 1 2 2
5 6 86.6 1 2
2 5 5 80.62 1
2 2 4 7 89.65
1 2 2 4 6
92.51 1 2 2 4
5 72 1 2 2
4 4 105.85 1 2
2 3 7 108.36 1
2 2 3 6 103.05
1 2 2 3 5
108.15 1 2 2 3
4 101.76 1 2 2
3 3 83.01 1 2
2 2 7 93.46 1
2 2 2 6 93.66
1 2 2 2 5
72.15 1 2 2 2
4 115.22 1 2 2
2 3 71.83 1 2
2 2 2 59.06 1
1 7 7 7 71.88
1 1 6 7 7
71.73 1 1 6 6
7 71.6 1 1 6
6 6 68.78 1 1
5 7 7 81.53 1
1 5 6 7 81.09
1 1 5 6 6
68.42 1 1 5 5
7 81.07 1 1 5
5 6 59.17 1 1
5 5 5 68.96 1
1 4 7 7 80.93
1 1 4 6 7
81.61 1 1 4 6
6 77.32 1 1 4
5 7 90.47 1 1
4 5 6 77.87 1
1 4 5 5 68.68
1 1 4 4 7
80.65 1 1 4 4
6 77.89 1 1 4
4 5 58.94 1 1
4 4 4 76.91 1
1 3 7 7 89.18
1 1 3 6 7
86.07 1 1 3 6
6 82.18 1 1 3
5 7 92.19 1 1
3 5 6 71.58 1
1 3 5 5 87.57
1 1 3 4 7
97.37 1 1 3 4
6 90.29 1 1 3
4 5 87.31 1 1
3 4 4 77.94 1
1 3 3 7 86.64
1 1 3 3 6
71.58 1 1 3 3
5 86.68 1 1 3
3 4 71.61 1 1
3 3 3 77.39 1
1 2 7 7 88
1 1 2 6 7
88 1 1 2 6
6 87.98 1 1 2
5 7 96.99 1 1
2 5 6 86.84 1
1 2 5 5 80.86
1 1 2 4 7
92.96 1 1 2 4
6 90.25 1 1 2
4 5 71.75 1 1
2 4 4 105.9 1
1 2 3 7 102.1
1 1 2 3 6
107.73 1 1 2 3
5 109.33 1 1 2
3 4 102.23 1 1
2 3 3 77.77 1
1 2 2 7 87.65
1 1 2 2 6
87.5 1 1 2 2
5 71.62 1 1 2
2 4 102.24 1 1
2 2 3 72.1 1
1 2 2 2 59.64
1 1 1 7 7
71.48 1 1 1 6
7 71.98 1 1 1
6 6 69.58 1 1
1 5 7 81.36 1
1 1 5 6 59.49
1 1 1 5 5
69.48 1 1 1 4
7 83.31 1 1 1
4 6 81.01 1 1
1 4 5 59.16 1
1 1 4 4 83.04
1 1 1 3 7
92.76 1 1 1 3
6 72.02 1 1 1
3 5 92.81 1 1
1 3 4 71.29 1
1 1 3 3 81.57
1 1 1 2 7
93.02 1 1 1 2
6 93.43 1 1 1
2 5 71.87 1 1
1 2 4 115.25 1
1 1 2 3 71.31
1 1 1 2 2
59.24 1 1 1 1
7 72.05 1 1 1
1 6 59.22 1 1
1 1 5 59.72 1
1 1 1 4 71.17
1 1 1 1 3
71.63 1 1 1 1
2 47.11 1 1 1
1 1
