49.53 7 7 7 7
72.02 6 7 7 7
69.73 6 6 7 7
72.06 6 6 6 7
49.64 6 6 6 6
72.19 5 7 7 7
93.45 5 6 7 7
92.12 5 6 6 7
94.02 5 6 6 6
69.96 5 5 7 7
92.15 5 5 6 7
90.72 5 5 6 6
71.76 5 5 5 7
94.18 5 5 5 6
49.65 5 5 5 5
72.05 4 7 7 7
93.2 4 6 7 7
92.29 4 6 6 7
94.39 4 6 6 6
93.46 4 5 7 7
114.19 4 5 6 7
113.33 4 5 6 6
91.77 4 5 5 7
113.71 4 5 5 6
94.35 4 5 5 5
69.83 4 4 7 7
92.37 4 4 6 7
90.43 4 4 6 6
92.09 4 4 5 7
113.57 4 4 5 6
90.16 4 4 5 5
71.93 4 4 4 7
94.24 4 4 4 6
94.43 4 4 4 5
49.53 4 4 4 4
72.22 3 7 7 7
90.95 3 6 7 7
92.63 3 6 6 7
71.65 3 6 6 6
90.99 3 5 7 7
110.98 3 5 6 7
111.2 3 5 6 6
92.4 3 5 5 7
111.94 3 5 5 6
71.98 3 5 5 5
93.21 3 4 7 7
112.27 3 4 6 7
113.79 3 4 6 6
112.65 3 4 5 7
131.77 3 4 5 6
113.19 3 4 5 5
92.55 3 4 4 7
111.75 3 4 4 6
111.69 3 4 4 5
94.25 3 4 4 4
70 3 3 7 7
91.14 3 3 6 7
70.3 3 3 6 6
91.67 3 3 5 7
112.43 3 3 5 6
69.62 3 3 5 5
92.25 3 3 4 7
113.22 3 3 4 6
113.46 3 3 4 5
90.19 3 3 4 4
72.14 3 3 3 7
72.13 3 3 3 6
71.93 3 3 3 5
93.74 3 3 3 4
49.71 3 3 3 3
72.13 2 7 7 7
91.04 2 6 7 7
92.09 2 6 6 7
72.19 2 6 6 6
93.28 2 5 7 7
113.09 2 5 6 7
113.4 2 5 6 6
92.29 2 5 5 7
111.49 2 5 5 6
94.63 2 5 5 5
91.05 2 4 7 7
110.36 2 4 6 7
112.13 2 4 6 6
112.72 2 4 5 7
132.44 2 4 5 6
112.01 2 4 5 5
91.77 2 4 4 7
111.67 2 4 4 6
114.15 2 4 4 5
71.61 2 4 4 4
112.53 2 3 7 7
113.04 2 3 6 7
93.28 2 3 6 6
131.49 2 3 5 7
131.88 2 3 5 6
132.75 2 3 5 5
131.99 2 3 4 7
132.08 2 3 4 6
150.6 2 3 4 5
133.77 2 3 4 4
111.06 2 3 3 7
91.86 2 3 3 6
133 2 3 3 5
131.08 2 3 3 4
94.42 2 3 3 3
70.02 2 2 7 7
91.37 2 2 6 7
69.72 2 2 6 6
92.11 2 2 5 7
113.79 2 2 5 6
90.41 2 2 5 5
91.3 2 2 4 7
113 2 2 4 6
113.11 2 2 4 5
69.42 2 2 4 4
111.77 2 2 3 7
92.28 2 2 3 6
130.93 2 2 3 5
132.81 2 2 3 4
90.54 2 2 3 3
71.77 2 2 2 7
72.31 2 2 2 6
94.4 2 2 2 5
71.78 2 2 2 4
93.91 2 2 2 3
49.63 2 2 2 2
71.98 1 7 7 7
92.92 1 6 7 7
92.3 1 6 6 7
94.18 1 6 6 6
91.31 1 5 7 7
112.21 1 5 6 7
110.9 1 5 6 6
91.99 1 5 5 7
113.77 1 5 5 6
71.79 1 5 5 5
91.11 1 4 7 7
112.6 1 4 6 7
112.02 1 4 6 6
110.4 1 4 5 7
132.04 1 4 5 6
111.68 1 4 5 5
92.2 1 4 4 7
113.52 1 4 4 6
111.33 1 4 4 5
72.26 1 4 4 4
112.4 1 3 7 7
132.06 1 3 6 7
132.42 1 3 6 6
111.83 1 3 5 7
132.13 1 3 5 6
93.08 1 3 5 5
132.13 1 3 4 7
150.64 1 3 4 6
131.8 1 3 4 5
133.26 1 3 4 4
111.04 1 3 3 7
133.58 1 3 3 6
91.97 1 3 3 5
131.03 1 3 3 4
94.2 1 3 3 3
112.92 1 2 7 7
132.28 1 2 6 7
132.33 1 2 6 6
132.93 1 2 5 7
150.95 1 2 5 6
132.92 1 2 5 5
112.51 1 2 4 7
131.93 1 2 4 6
131.97 1 2 4 5
93.58 1 2 4 4
171.23 1 2 3 7
170.57 1 2 3 6
171.88 1 2 3 5
171.67 1 2 3 4
172.72 1 2 3 3
111.85 1 2 2 7
132.73 1 2 2 6
130.78 1 2 2 5
92.09 1 2 2 4
171.55 1 2 2 3
94.17 1 2 2 2
70.06 1 1 7 7
91.95 1 1 6 7
90.31 1 1 6 6
91.52 1 1 5 7
114 1 1 5 6
69.51 1 1 5 5
91.26 1 1 4 7
113.39 1 1 4 6
112.99 1 1 4 5
69.99 1 1 4 4
111.59 1 1 3 7
130.43 1 1 3 6
92.24 1 1 3 5
133.18 1 1 3 4
89.96 1 1 3 3
111.7 1 1 2 7
130.64 1 1 2 6
132.96 1 1 2 5
92.46 1 1 2 4
172.35 1 1 2 3
90.42 1 1 2 2
71.97 1 1 1 7
94.4 1 1 1 6
72.1 1 1 1 5
72.04 1 1 1 4
94.6 1 1 1 3
93.87 1 1 1 2
49.56 1 1 1 1
