47.11 7 7 7 7
7 7 60.91 6 7
7 7 7 7 59.44
6 6 7 7 7
7 63.98 6 6 6
7 7 7 58.43 6
6 6 6 7 7
61.72 6 6 6 6
6 7 47.12 6 6
6 6 6 6 61.27
5 7 7 7 7
7 72.69 5 6 7
7 7 7 72.92 5
6 6 7 7 7
76.99 5 6 6 6
7 7 73.03 5 6
6 6 6 7 75.03
5 6 6 6 6
6 59.48 5 5 7
7 7 7 72.64 5
5 6 7 7 7
72.69 5 5 6 6
7 7 75.7 5 5
6 6 6 7 71.61
5 5 6 6 6
6 63.59 5 5 5
7 7 7 76.61 5
5 5 6 7 7
75.87 5 5 5 6
6 7 80.14 5 5
5 6 6 6 60.02
5 5 5 5 7
7 73.4 5 5 5
5 6 7 71.58 5
5 5 5 6 6
61.08 5 5 5 5
5 7 75.34 5 5
5 5 5 6 46.92
5 5 5 5 5
5 60.51 4 7 7
7 7 7 72.69 4
6 7 7 7 7
73.43 4 6 6 7
7 7 76.93 4 6
6 6 7 7 73.6
4 6 6 6 6
7 75.14 4 6 6
6 6 6 72.12 4
5 7 7 7 7
82.23 4 5 6 7
7 7 84.54 4 5
6 6 7 7 87.37
4 5 6 6 6
7 86.69 4 5 6
6 6 6 71.67 4
5 5 7 7 7
83.93 4 5 5 6
7 7 84.42 4 5
5 6 6 7 88.76
4 5 5 6 6
6 76.95 4 5 5
5 7 7 87.71 4
5 5 5 6 7
88.78 4 5 5 5
6 6 73.62 4 5
5 5 5 7 85.92
4 5 5 5 5
6 74.89 4 5 5
5 5 5 59.77 4
4 7 7 7 7
72.75 4 4 6 7
7 7 71.53 4 4
6 6 7 7 75.8
4 4 6 6 6
7 71.46 4 4 6
6 6 6 72.74 4
4 5 7 7 7
85.67 4 4 5 6
7 7 85.85 4 4
5 6 6 7 89.08
4 4 5 6 6
6 72.03 4 4 5
5 7 7 85.6 4
4 5 5 6 7
84.75 4 4 5 5
6 6 75.85 4 4
5 5 5 7 88.87
4 4 5 5 5
6 71.48 4 4 5
5 5 5 63.48 4
4 4 7 7 7
77.15 4 4 4 6
7 7 76.09 4 4
4 6 6 7 80.58
4 4 4 6 6
6 77.06 4 4 4
5 7 7 88.51 4
4 4 5 6 7
88.76 4 4 4 5
6 6 75.77 4 4
4 5 5 7 89.58
4 4 4 5 5
6 80.38 4 4 4
5 5 5 59.14 4
4 4 4 7 7
73.55 4 4 4 4
6 7 71.81 4 4
4 4 6 6 73.91
4 4 4 4 5
7 85.07 4 4 4
4 5 6 72.91 4
4 4 4 5 5
61.67 4 4 4 4
4 7 75.57 4 4
4 4 4 6 75.09
4 4 4 4 4
5 47.21 4 4 4
4 4 4 61.47 3
7 7 7 7 7
71.04 3 6 7 7
7 7 73.31 3 6
6 7 7 7 72.47
3 6 6 6 7
7 73.65 3 6 6
6 6 7 61.23 3
6 6 6 6 6
70.76 3 5 7 7
7 7 78.96 3 5
6 7 7 7 82.4
3 5 6 6 7
7 82.21 3 5 6
6 6 7 83.01 3
5 6 6 6 6
73.57 3 5 5 7
7 7 83.16 3 5
5 6 7 7 85.77
3 5 5 6 6
7 85.28 3 5 5
6 6 6 73.49 3
5 5 5 7 7
82.35 3 5 5 5
6 7 83.91 3 5
5 5 6 6 73.75
3 5 5 5 5
7 82.89 3 5 5
5 5 6 60.72 3
5 5 5 5 5
73.15 3 4 7 7
7 7 82.68 3 4
6 7 7 7 84.77
3 4 6 6 7
7 84.97 3 4 6
6 6 7 86.1 3
4 6 6 6 6
82.22 3 4 5 7
7 7 90.92 3 4
5 6 7 7 93.5
3 4 5 6 6
7 94.36 3 4 5
6 6 6 85.25 3
4 5 5 7 7
95.23 3 4 5 5
6 7 96.55 3 4
5 5 6 6 83.92
3 4 5 5 5
7 93.73 3 4 5
5 5 6 84.67 3
4 5 5 5 5
73.62 3 4 4 7
7 7 82.31 3 4
4 6 7 7 84.59
3 4 4 6 6
7 84.55 3 4 4
6 6 6 83.02 3
4 4 5 7 7
92.38 3 4 4 5
6 7 94.79 3 4
4 5 6 6 84.99
3 4 4 5 5
7 95.02 3 4 4
5 5 6 86.12 3
4 4 5 5 5
76.32 3 4 4 4
7 7 86.77 3 4
4 4 6 7 89.44
3 4 4 4 6
6 86.17 3 4 4
4 5 7 94.83 3
4 4 4 5 6
89.1 3 4 4 4
5 5 73.34 3 4
4 4 4 7 83.15
3 4 4 4 4
6 82.8 3 4 4
4 4 5 75.18 3
4 4 4 4 4
58.94 3 3 7 7
7 7 73.02 3 3
6 7 7 7 69.1
3 3 6 6 7
7 72.49 3 3 6
6 6 7 59.38 3
3 6 6 6 6
72.58 3 3 5 7
7 7 83.8 3 3
5 6 7 7 82.51
3 3 5 6 6
7 84.95 3 3 5
6 6 6 68.54 3
3 5 5 7 7
81.7 3 3 5 5
6 7 78.28 3 3
5 5 6 6 72.07
3 3 5 5 5
7 85.08 3 3 5
5 5 6 59.22 3
3 5 5 5 5
73.33 3 3 4 7
7 7 85.77 3 3
4 6 7 7 82.3
3 3 4 6 6
7 87.15 3 3 4
6 6 6 85.3 3
3 4 5 7 7
96.09 3 3 4 5
6 7 95.54 3 3
4 5 6 6 82.54
3 3 4 5 5
7 95.77 3 3 4
5 5 6 86.82 3
3 4 5 5 5
71.85 3 3 4 4
7 7 84.95 3 3
4 4 6 7 80.73
3 3 4 4 6
6 85 3 3 4
4 5 7 96.61 3
3 4 4 5 6
80.21 3 3 4 4
5 5 76.14 3 3
4 4 4 7 88.02
3 3 4 4 4
6 89.96 3 3 4
4 4 5 70.97 3
3 4 4 4 4
63.22 3 3 3 7
7 7 72.82 3 3
3 6 7 7 73.01
3 3 3 6 6
7 63.16 3 3 3
6 6 6 72.29 3
3 3 5 7 7
80.37 3 3 3 5
6 7 81.89 3 3
3 5 6 6 72.3
3 3 3 5 5
7 81.3 3 3 3
5 5 6 63.94 3
3 3 5 5 5
76.31 3 3 3 4
7 7 85.38 3 3
3 4 6 7 86.65
3 3 3 4 6
6 85.45 3 3 3
4 5 7 94.94 3
3 3 4 5 6
86.72 3 3 3 4
5 5 75.77 3 3
3 4 4 7 84.5
3 3 3 4 4
6 84.92 3 3 3
4 4 5 80.49 3
3 3 4 4 4
59.35 3 3 3 3
7 7 71.15 3 3
3 3 6 7 59.03
3 3 3 3 6
6 71.48 3 3 3
3 5 7 82.58 3
3 3 3 5 6
58.88 3 3 3 3
5 5 73.66 3 3
3 3 4 7 84.99
3 3 3 3 4
6 85.35 3 3 3
3 4 5 72.05 3
3 3 3 4 4
61.23 3 3 3 3
3 7 60.8 3 3
3 3 3 6 61.72
3 3 3 3 3
5 74.43 3 3 3
3 3 4 47.21 3
3 3 3 3 3
61.76 2 7 7 7
7 7 71.4 2 6
7 7 7 7 73.1
2 6 6 7 7
7 72.73 2 6 6
6 7 7 73.65 2
6 6 6 6 7
61.32 2 6 6 6
6 6 73.56 2 5
7 7 7 7 82.34
2 5 6 7 7
7 84.24 2 5 6
6 7 7 84.42 2
5 6 6 6 7
84.85 2 5 6 6
6 6 73.71 2 5
5 7 7 7 83.84
2 5 5 6 7
7 85.68 2 5 5
6 6 7 85.97 2
5 5 6 6 6
77.29 2 5 5 5
7 7 86.59 2 5
5 5 6 7 88.66
2 5 5 5 6
6 73.88 2 5 5
5 5 7 84.19 2
5 5 5 5 6
75.7 2 5 5 5
5 5 70.96 2 4
7 7 7 7 80.39
2 4 6 7 7
7 83.21 2 4 6
6 7 7 82.28 2
4 6 6 6 7
83.61 2 4 6 6
6 6 82.34 2 4
5 7 7 7 90.93
2 4 5 6 7
7 94.32 2 4 5
6 6 7 94.04 2
4 5 6 6 6
83.29 2 4 5 5
7 7 91.48 2 4
5 5 6 7 94.59
2 4 5 5 6
6 86.73 2 4 5
5 5 7 95.18 2
4 5 5 5 6
83.46 2 4 5 5
5 5 73.15 2 4
4 7 7 7 84.09
2 4 4 6 7
7 85.78 2 4 4
6 6 7 84.56 2
4 4 6 6 6
84.57 2 4 4 5
7 7 94.57 2 4
4 5 6 7 97.29
2 4 4 5 6
6 85.35 2 4 4
5 5 7 95.34 2
4 4 5 5 6
88.43 2 4 4 5
5 5 72.77 2 4
4 4 7 7 82.29
2 4 4 4 6
7 84.86 2 4 4
4 6 6 84.39 2
4 4 4 5 7
94.01 2 4 4 4
5 6 85.6 2 4
4 4 5 5 73.22
2 4 4 4 4
7 83.42 2 4 4
4 4 6 86.26 2
4 4 4 4 5
61.17 2 4 4 4
4 4 82.26 2 3
7 7 7 7 81.97
2 3 6 7 7
7 84.15 2 3 6
6 7 7 84.51 2
3 6 6 6 7
72.86 2 3 6 6
6 6 91.87 2 3
5 7 7 7 93.01
2 3 5 6 7
7 93.29 2 3 5
6 6 7 94.13 2
3 5 6 6 6
94.25 2 3 5 5
7 7 94.15 2 3
5 5 6 7 95.74
2 3 5 5 6
6 92.78 2 3 5
5 5 7 94.45 2
3 5 5 5 6
95.06 2 3 5 5
5 5 91.83 2 3
4 7 7 7 93.13
2 3 4 6 7
7 93.58 2 3 4
6 6 7 95.01 2
3 4 6 6 6
99.75 2 3 4 5
7 7 103.37 2 3
4 5 6 7 102.2
2 3 4 5 6
6 103.54 2 3 4
5 5 7 103.58 2
3 4 5 5 6
101.99 2 3 4 5
5 5 94.02 2 3
4 4 7 7 93.33
2 3 4 4 6
7 95.39 2 3 4
4 6 6 102.68 2
3 4 4 5 7
103.84 2 3 4 4
5 6 105.93 2 3
4 4 5 5 93.3
2 3 4 4 4
7 94.9 2 3 4
4 4 6 104.1 2
3 4 4 4 5
95.64 2 3 4 4
4 4 82.24 2 3
3 7 7 7 81.5
2 3 3 6 7
7 84.27 2 3 3
6 6 7 73.08 2
3 3 6 6 6
93.81 2 3 3 5
7 7 95.24 2 3
3 5 6 7 96.63
2 3 3 5 6
6 91.52 2 3 3
5 5 7 91.04 2
3 3 5 5 6
95.48 2 3 3 5
5 5 91.78 2 3
3 4 7 7 92.18
2 3 3 4 6
7 93.98 2 3 3
4 6 6 102.28 2
3 3 4 5 7
104.27 2 3 3 4
5 6 101.24 2 3
3 4 5 5 93.67
2 3 3 4 4
7 93.53 2 3 3
4 4 6 104.56 2
3 3 4 4 5
94.09 2 3 3 4
4 4 84.81 2 3
3 3 7 7 86.46
2 3 3 3 6
7 76.46 2 3 3
3 6 6 95.8 2
3 3 3 5 7
93.86 2 3 3 3
5 6 95.28 2 3
3 3 5 5 95.96
2 3 3 3 4
7 95.65 2 3 3
3 4 6 104.77 2
3 3 3 4 5
97.03 2 3 3 3
4 4 83.02 2 3
3 3 3 7 73.26
2 3 3 3 3
6 95.14 2 3 3
3 3 5 92.84 2
3 3 3 3 4
75.27 2 3 3 3
3 3 58.85 2 2
7 7 7 7 72.41
2 2 6 7 7
7 68.62 2 2 6
6 7 7 72.58 2
2 6 6 6 7
59.28 2 2 6 6
6 6 73.09 2 2
5 7 7 7 85.45
2 2 5 6 7
7 82.97 2 2 5
6 6 7 86.01 2
2 5 6 6 6
71.81 2 2 5 5
7 7 84.01 2 2
5 5 6 7 81.38
2 2 5 5 6
6 76.45 2 2 5
5 5 7 89.22 2
2 5 5 5 6
71.55 2 2 5 5
5 5 72.47 2 2
4 7 7 7 83.97
2 2 4 6 7
7 82.38 2 2 4
6 6 7 85.72 2
2 4 6 6 6
85.58 2 2 4 5
7 7 95.9 2 2
4 5 6 7 95.79
2 2 4 5 6
6 85.72 2 2 4
5 5 7 96.86 2
2 4 5 5 6
88.75 2 2 4 5
5 5 68.27 2 2
4 4 7 7 81.22
2 2 4 4 6
7 77.65 2 2 4
4 6 6 82.49 2
2 4 4 5 7
94.39 2 2 4 4
5 6 80.9 2 2
4 4 5 5 72.22
2 2 4 4 4
7 84.77 2 2 4
4 4 6 87.04 2
2 4 4 4 5
59.37 2 2 4 4
4 4 81.22 2 2
3 7 7 7 81.7
2 2 3 6 7
7 84.95 2 2 3
6 6 7 72.96 2
2 3 6 6 6
91.77 2 2 3 5
7 7 92.13 2 2
3 5 6 7 95.53
2 2 3 5 6
6 94.23 2 2 3
5 5 7 93.65 2
2 3 5 5 6
92.98 2 2 3 5
5 5 93.09 2 2
3 4 7 7 94.49
2 2 3 4 6
7 97.06 2 2 3
4 6 6 103.09 2
2 3 4 5 7
103.86 2 2 3 4
5 6 104.87 2 2
3 4 5 5 91.47
2 2 3 4 4
7 91.17 2 2 3
4 4 6 101.49 2
2 3 4 4 5
93.88 2 2 3 4
4 4 77.62 2 2
3 3 7 7 83.59
2 2 3 3 6
7 72.42 2 2 3
3 6 6 91.02 2
2 3 3 5 7
96.63 2 2 3 3
5 6 87.54 2 2
3 3 5 5 90.71
2 2 3 3 4
7 97.92 2 2 3
3 4 6 104.15 2
2 3 3 4 5
86.7 2 2 3 3
4 4 84.72 2 2
3 3 3 7 75.36
2 2 3 3 3
6 92.71 2 2 3
3 3 5 99.06 2
2 3 3 3 4
71.93 2 2 3 3
3 3 63.31 2 2
2 7 7 7 72.08
2 2 2 6 7
7 73 2 2 2
6 6 7 63.64 2
2 2 6 6 6
76.66 2 2 2 5
7 7 85.66 2 2
2 5 6 7 86.71
2 2 2 5 6
6 76.21 2 2 2
5 5 7 83.15 2
2 2 5 5 6
80.39 2 2 2 5
5 5 72.47 2 2
2 4 7 7 81.41
2 2 2 4 6
7 81.75 2 2 2
4 6 6 85.65 2
2 2 4 5 7
93.21 2 2 2 4
5 6 84.57 2 2
2 4 5 5 73.52
2 2 2 4 4
7 81.55 2 2 2
4 4 6 86.82 2
2 2 4 4 5
64.19 2 2 2 4
4 4 85.93 2 2
2 3 7 7 84.86
2 2 2 3 6
7 76.79 2 2 2
3 6 6 94.42 2
2 2 3 5 7
96.26 2 2 2 3
5 6 97.06 2 2
2 3 5 5 94.53
2 2 2 3 4
7 92.76 2 2 2
3 4 6 104.78 2
2 2 3 4 5
94.39 2 2 2 3
4 4 85.14 2 2
2 3 3 7 76.13
2 2 2 3 3
6 98.31 2 2 2
3 3 5 92.67 2
2 2 3 3 4
80.61 2 2 2 3
3 3 59.56 2 2
2 2 7 7 71.29
2 2 2 2 6
7 59.47 2 2 2
2 6 6 73.63 2
2 2 2 5 7
85.42 2 2 2 2
5 6 71.84 2 2
2 2 5 5 71.22
2 2 2 2 4
7 83.2 2 2 2
2 4 6 84.88 2
2 2 2 4 5
59.91 2 2 2 2
4 4 83.59 2 2
2 2 3 7 73.19
2 2 2 2 3
6 92.05 2 2 2
2 3 5 94.31 2
2 2 2 3 4
70.35 2 2 2 2
3 3 61.43 2 2
2 2 2 7 60.59
2 2 2 2 2
6 75.79 2 2 2
2 2 5 61.34 2
2 2 2 2 4
74.87 2 2 2 2
2 3 47.15 2 2
2 2 2 2 61.4
1 7 7 7 7
7 72.96 1 6 7
7 7 7 73.36 1
6 6 7 7 7
77.14 1 6 6 6
7 7 72.8 1 6
6 6 6 7 75.3
1 6 6 6 6
6 70.53 1 5 7
7 7 7 83.15 1
5 6 7 7 7
83.31 1 5 6 6
7 7 86.49 1 5
6 6 6 7 83.64
1 5 6 6 6
6 72.85 1 5 5
7 7 7 84.97 1
5 5 6 7 7
85.98 1 5 5 6
6 7 89.05 1 5
5 6 6 6 72.56
1 5 5 5 7
7 84.25 1 5 5
5 6 7 84.13 1
5 5 5 6 6
73.21 1 5 5 5
5 7 84.1 1 5
5 5 5 6 61.86
1 5 5 5 5
5 70.36 1 4 7
7 7 7 81.94 1
4 6 7 7 7
82.97 1 4 6 6
7 7 86.89 1 4
6 6 6 7 83.72
1 4 6 6 6
6 79.64 1 4 5
7 7 7 91.77 1
4 5 6 7 7
91.85 1 4 5 6
6 7 96.4 1 4
5 6 6 6 83.22
1 4 5 5 7
7 94.84 1 4 5
5 6 7 94.9 1
4 5 5 6 6
82.57 1 4 5 5
5 7 93.73 1 4
5 5 5 6 83.09
1 4 5 5 5
5 73.55 1 4 4
7 7 7 84.79 1
4 4 6 7 7
85.17 1 4 4 6
6 7 89.29 1 4
4 6 6 6 83.57
1 4 4 5 7
7 94.02 1 4 4
5 6 7 94.43 1
4 4 5 6 6
85.24 1 4 4 5
5 7 97.42 1 4
4 5 5 6 84.37
1 4 4 5 5
5 72.22 1 4 4
4 7 7 83.9 1
4 4 4 6 7
85.14 1 4 4 4
6 6 81.83 1 4
4 4 5 7 95.21
1 4 4 4 5
6 83.55 1 4 4
4 5 5 72.82 1
4 4 4 4 7
85.87 1 4 4 4
4 6 83.48 1 4
4 4 4 5 61.06
1 4 4 4 4
4 82.96 1 3 7
7 7 7 92.65 1
3 6 7 7 7
94.01 1 3 6 6
7 7 94.33 1 3
6 6 6 7 94.87
1 3 6 6 6
6 83.08 1 3 5
7 7 7 91.91 1
3 5 6 7 7
93.2 1 3 5 6
6 7 93.27 1 3
5 6 6 6 84.97
1 3 5 5 7
7 93.96 1 3 5
5 6 7 94.91 1
3 5 5 6 6
83.94 1 3 5 5
5 7 95.63 1 3
5 5 5 6 72.45
1 3 5 5 5
5 91.44 1 3 4
7 7 7 100.07 1
3 4 6 7 7
101.42 1 3 4 6
6 7 103.06 1 3
4 6 6 6 91.96
1 3 4 5 7
7 102.13 1 3 4
5 6 7 104.81 1
3 4 5 6 6
93.51 1 3 4 5
5 7 103.5 1 3
4 5 5 6 93.92
1 3 4 5 5
5 94.42 1 3 4
4 7 7 102.4 1
3 4 4 6 7
106.48 1 3 4 4
6 6 95.5 1 3
4 4 5 7 104.02
1 3 4 4 5
6 96.09 1 3 4
4 5 5 93.86 1
3 4 4 4 7
102.16 1 3 4 4
4 6 92.72 1 3
4 4 4 5 93.43
1 3 4 4 4
4 82.39 1 3 3
7 7 7 92.44 1
3 3 6 7 7
90.85 1 3 3 6
6 7 94.95 1 3
3 6 6 6 82.38
1 3 3 5 7
7 93 1 3 3
5 6 7 91.29 1
3 3 5 6 6
84.85 1 3 3 5
5 7 97.02 1 3
3 5 5 6 73.32
1 3 3 5 5
5 91.14 1 3 3
4 7 7 102.41 1
3 3 4 6 7
100.05 1 3 3 4
6 6 91.64 1 3
3 4 5 7 104.18
1 3 3 4 5
6 94.71 1 3 3
4 5 5 93.88 1
3 3 4 4 7
104.6 1 3 3 4
4 6 94.18 1 3
3 4 4 5 92.42
1 3 3 4 4
4 85.08 1 3 3
3 7 7 94.26 1
3 3 3 6 7
95.26 1 3 3 3
6 6 84.77 1 3
3 3 5 7 93.77
1 3 3 3 5
6 76.8 1 3 3
3 5 5 94.66 1
3 3 3 4 7
103.9 1 3 3 3
4 6 96.58 1 3
3 3 4 5 98.16
1 3 3 3 4
4 82.57 1 3 3
3 3 7 95.52 1
3 3 3 3 6
73.05 1 3 3 3
3 5 93.24 1 3
3 3 3 4 75.11
1 3 3 3 3
3 82.47 1 2 7
7 7 7 92.07 1
2 6 7 7 7
94.11 1 2 6 6
7 7 93.08 1 2
6 6 6 7 94.99
1 2 6 6 6
6 91.24 1 2 5
7 7 7 99.18 1
2 5 6 7 7
102.65 1 2 5 6
6 7 102.73 1 2
5 6 6 6 94.02
1 2 5 5 7
7 103.14 1 2 5
5 6 7 104.93 1
2 5 5 6 6
95.26 1 2 5 5
5 7 102.36 1 2
5 5 5 6 95.25
1 2 5 5 5
5 82.87 1 2 4
7 7 7 92.48 1
2 4 6 7 7
95.62 1 2 4 6
6 7 94.56 1 2
4 6 6 6 92.86
1 2 4 5 7
7 103.39 1 2 4
5 6 7 103.93 1
2 4 5 6 6
94.71 1 2 4 5
5 7 103.55 1 2
4 5 5 6 94.62
1 2 4 5 5
5 83.54 1 2 4
4 7 7 93.95 1
2 4 4 6 7
94.97 1 2 4 4
6 6 94.07 1 2
4 4 5 7 103.4
1 2 4 4 5
6 94.87 1 2 4
4 5 5 85.25 1
2 4 4 4 7
94.11 1 2 4 4
4 6 93.21 1 2
4 4 4 5 72.41
1 2 4 4 4
4 108.29 1 2 3
7 7 7 110.65 1
2 3 6 7 7
112.2 1 2 3 6
6 7 113.53 1 2
3 6 6 6 110.69
1 2 3 5 7
7 111.46 1 2 3
5 6 7 112.32 1
2 3 5 6 6
111.76 1 2 3 5
5 7 113.45 1 2
3 5 5 6 112.78
1 2 3 5 5
5 109.8 1 2 3
4 7 7 112.1 1
2 3 4 6 7
113.38 1 2 3 4
6 6 112.11 1 2
3 4 5 7 112.59
1 2 3 4 5
6 112.93 1 2 3
4 5 5 111.42 1
2 3 4 4 7
113.01 1 2 3 4
4 6 112.26 1 2
3 4 4 5 113.04
1 2 3 4 4
4 110.17 1 2 3
3 7 7 110.99 1
2 3 3 6 7
113.32 1 2 3 3
6 6 111.41 1 2
3 3 5 7 109.6
1 2 3 3 5
6 114.11 1 2 3
3 5 5 111.57 1
2 3 3 4 7
112.19 1 2 3 3
4 6 111.04 1 2
3 3 4 5 110.96
1 2 3 3 4
4 114.66 1 2 3
3 3 7 114.08 1
2 3 3 3 6
114.22 1 2 3 3
3 5 114.54 1 2
3 3 3 4 114.59
1 2 3 3 3
3 81.89 1 2 2
7 7 7 93.48 1
2 2 6 7 7
92.06 1 2 2 6
6 7 94.91 1 2
2 6 6 6 91.28
1 2 2 5 7
7 102.29 1 2 2
5 6 7 100.09 1
2 2 5 6 6
94.6 1 2 2 5
5 7 105.8 1 2
2 5 5 6 92.56
1 2 2 5 5
5 82.55 1 2 2
4 7 7 93.97 1
2 2 4 6 7
91.18 1 2 2 4
6 6 90.55 1 2
2 4 5 7 103.62
1 2 2 4 5
6 94.23 1 2 2
4 5 5 84.68 1
2 2 4 4 7
96.66 1 2 2 4
4 6 94.89 1 2
2 4 4 5 72.62
1 2 2 4 4
4 111.33 1 2 2
3 7 7 111.22 1
2 2 3 6 7
114.09 1 2 2 3
6 6 111.35 1 2
2 3 5 7 111.53
1 2 2 3 5
6 111.79 1 2 2
3 5 5 110.54 1
2 2 3 4 7
111.19 1 2 2 3
4 6 112.15 1 2
2 3 4 5 114.47
1 2 2 3 4
4 107.73 1 2 2
3 3 7 114.82 1
2 2 3 3 6
109.66 1 2 2 3
3 5 108.52 1 2
2 3 3 4 114.26
1 2 2 3 3
3 85.6 1 2 2
2 7 7 94 1
2 2 2 6 7
95.51 1 2 2 2
6 6 95.45 1 2
2 2 5 7 104.2
1 2 2 2 5
6 97.07 1 2 2
2 5 5 85.64 1
2 2 2 4 7
92.96 1 2 2 2
4 6 95.82 1 2
2 2 4 5 77.03
1 2 2 2 4
4 115.18 1 2 2
2 3 7 114.24 1
2 2 2 3 6
114.79 1 2 2 2
3 5 115.37 1 2
2 2 3 4 114.59
1 2 2 2 3
3 83.34 1 2 2
2 2 7 94.55 1
2 2 2 2 6
93.4 1 2 2 2
2 5 72.79 1 2
2 2 2 4 115.39
1 2 2 2 2
3 75.68 1 2 2
2 2 2 59.7 1
1 7 7 7 7
73 1 1 6 7
7 7 72.28 1 1
6 6 7 7 75.86
1 1 6 6 6
7 72.23 1 1 6
6 6 6 71.86 1
1 5 7 7 7
85.05 1 1 5 6
7 7 85.53 1 1
5 6 6 7 89.26
1 1 5 6 6
6 68.56 1 1 5
5 7 7 82.09 1
1 5 5 6 7
81.31 1 1 5 5
6 6 72.55 1 1
5 5 5 7 85.65
1 1 5 5 5
6 58.88 1 1 5
5 5 5 73.09 1
1 4 7 7 7
85.4 1 1 4 6
7 7 85.17 1 1
4 6 6 7 88.94
1 1 4 6 6
6 83.15 1 1 4
5 7 7 95.42 1
1 4 5 6 7
95.07 1 1 4 5
6 6 80.6 1 1
4 5 5 7 94.14
1 1 4 5 5
6 85.16 1 1 4
5 5 5 68.54 1
1 4 4 7 7
81.87 1 1 4 4
6 7 80.5 1 1
4 4 6 6 80.94
1 1 4 4 5
7 95.17 1 1 4
4 5 6 78.15 1
1 4 4 5 5
72.74 1 1 4 4
4 7 87.25 1 1
4 4 4 6 85.59
1 1 4 4 4
5 59.59 1 1 4
4 4 4 81.17 1
1 3 7 7 7
91.94 1 1 3 6
7 7 94.07 1 1
3 6 6 7 94.53
1 1 3 6 6
6 82.58 1 1 3
5 7 7 91.82 1
1 3 5 6 7
93.4 1 1 3 5
6 6 84.31 1 1
3 5 5 7 95.22
1 1 3 5 5
6 73.38 1 1 3
5 5 5 93.08 1
1 3 4 7 7
103.15 1 1 3 4
6 7 104.08 1 1
3 4 6 6 93.47
1 1 3 4 5
7 104.04 1 1 3
4 5 6 96.92 1
1 3 4 5 5
91.5 1 1 3 4
4 7 101.6 1 1
3 4 4 6 91.13
1 1 3 4 4
5 95.51 1 1 3
4 4 4 77.37 1
1 3 3 7 7
91.91 1 1 3 3
6 7 88.15 1 1
3 3 6 6 82.89
1 1 3 3 5
7 97.34 1 1 3
3 5 6 71.12 1
1 3 3 5 5
90.04 1 1 3 3
4 7 102.94 1 1
3 3 4 6 97.06
1 1 3 3 4
5 87.7 1 1 3
3 4 4 84.73 1
1 3 3 3 7
93.02 1 1 3 3
3 6 76.77 1 1
3 3 3 5 98.33
1 1 3 3 3
4 72.17 1 1 3
3 3 3 80.72 1
1 2 7 7 7
91.94 1 1 2 6
7 7 93.44 1 1
2 6 6 7 92.82
1 1 2 6 6
6 93.06 1 1 2
5 7 7 102.36 1
1 2 5 6 7
104.77 1 1 2 5
6 6 90.02 1 1
2 5 5 7 100.82
1 1 2 5 5
6 94.88 1 1 2
5 5 5 82.13 1
1 2 4 7 7
91.24 1 1 2 4
6 7 93.91 1 1
2 4 6 6 93.22
1 1 2 4 5
7 103.96 1 1 2
4 5 6 90.27 1
1 2 4 5 5
85.24 1 1 2 4
4 7 95.23 1 1
2 4 4 6 97.53
1 1 2 4 4
5 72.44 1 1 2
4 4 4 110.89 1
1 2 3 7 7
110.71 1 1 2 3
6 7 112.14 1 1
2 3 6 6 112.01
1 1 2 3 5
7 111.22 1 1 2
3 5 6 114.93 1
1 2 3 5 5
111.13 1 1 2 3
4 7 111.03 1 1
2 3 4 6 112.16
1 1 2 3 4
5 115.31 1 1 2
3 4 4 109.92 1
1 2 3 3 7
109.42 1 1 2 3
3 6 114.8 1 1
2 3 3 5 108.12
1 1 2 3 3
4 114.71 1 1 2
3 3 3 78.25 1
1 2 2 7 7
91.08 1 1 2 2
6 7 87.64 1 1
2 2 6 6 89.79
1 1 2 2 5
7 103.19 1 1 2
2 5 6 88.3 1
1 2 2 5 5
84 1 1 2 2
4 7 97.29 1 1
2 2 4 6 97.42
1 1 2 2 4
5 72.28 1 1 2
2 4 4 109.61 1
1 2 2 3 7
109.08 1 1 2 2
3 6 108.33 1 1
2 2 3 5 114.71
1 1 2 2 3
4 102.2 1 1 2
2 3 3 84.96 1
1 2 2 2 7
93.48 1 1 2 2
2 6 96.97 1 1
2 2 2 5 76.19
1 1 2 2 2
4 113.43 1 1 2
2 2 3 71.4 1
1 2 2 2 2
63.61 1 1 1 7
7 7 77.04 1 1
1 6 7 7 76.09
1 1 1 6 6
7 80.61 1 1 1
6 6 6 71.51 1
1 1 5 7 7
86.06 1 1 1 5
6 7 85.58 1 1
1 5 6 6 73.71
1 1 1 5 5
7 86.53 1 1 1
5 5 6 63.98 1
1 1 5 5 5
72.49 1 1 1 4
7 7 84.24 1 1
1 4 6 7 84.38
1 1 1 4 6
6 81 1 1 1
4 5 7 94.17 1
1 1 4 5 6
81.93 1 1 1 4
5 5 72.98 1 1
1 4 4 7 85.84
1 1 1 4 4
6 82.06 1 1 1
4 4 5 63.98 1
1 1 4 4 4
86.04 1 1 1 3
7 7 95.41 1 1
1 3 6 7 97.65
1 1 1 3 6
6 86.37 1 1 1
3 5 7 94.81 1
1 1 3 5 6
76.97 1 1 1 3
5 5 93.95 1 1
1 3 4 7 103.3
1 1 1 3 4
6 93.42 1 1 1
3 4 5 95.12 1
1 1 3 4 4
84.31 1 1 1 3
3 7 97.39 1 1
1 3 3 6 75.64
1 1 1 3 3
5 93.65 1 1 1
3 3 4 80.08 1
1 1 3 3 3
87.12 1 1 1 2
7 7 95.14 1 1
1 2 6 7 96.98
1 1 1 2 6
6 93.41 1 1 1
2 5 7 103.34 1
1 1 2 5 6
94.69 1 1 1 2
5 5 85.63 1 1
1 2 4 7 95.54
1 1 1 2 4
6 94.52 1 1 1
2 4 5 76.87 1
1 1 2 4 4
114.85 1 1 1 2
3 7 114.08 1 1
1 2 3 6 113.49
1 1 1 2 3
5 114.76 1 1 1
2 3 4 115.8 1
1 1 2 3 3
84.7 1 1 1 2
2 7 98.25 1 1
1 2 2 6 93.71
1 1 1 2 2
5 75.96 1 1 1
2 2 4 114.54 1
1 1 2 2 3
79.72 1 1 1 2
2 2 58.73 1 1
1 1 7 7 74.22
1 1 1 1 6
7 71.36 1 1 1
1 6 6 71.6 1
1 1 1 5 7
85.54 1 1 1 1
5 6 59.28 1 1
1 1 5 5 71.12
1 1 1 1 4
7 84.46 1 1 1
1 4 6 82.77 1
1 1 1 4 5
59.32 1 1 1 1
4 4 83.58 1 1
1 1 3 7 93.23
1 1 1 1 3
6 74.71 1 1 1
1 3 5 95.59 1
1 1 1 3 4
72.39 1 1 1 1
3 3 82.79 1 1
1 1 2 7 92.31
1 1 1 1 2
6 94.99 1 1 1
1 2 5 73.51 1
1 1 1 2 4
115.04 1 1 1 1
2 3 71.66 1 1
1 1 2 2 61.34
1 1 1 1 1
7 75.29 1 1 1
1 1 6 60.91 1
1 1 1 1 5
61.26 1 1 1 1
1 4 76.3 1 1
1 1 1 3 75.28
1 1 1 1 1
2 47.11 1 1 1
1 1 1
