49.94 7 7 7 7
7 71.76 6 7 7
7 7 72.33 6 6
7 7 7 72.05 6
6 6 7 7 72.07
6 6 6 6 7
49.88 6 6 6 6
6 71.99 5 7 7
7 7 93.59 5 6
7 7 7 94.4 5
6 6 7 7 94.4
5 6 6 6 7
94.15 5 6 6 6
6 72.42 5 5 7
7 7 94.59 5 5
6 7 7 93.97 5
5 6 6 7 94.47
5 5 6 6 6
71.84 5 5 5 7
7 94.64 5 5 5
6 7 94.1 5 5
5 6 6 72.13 5
5 5 5 7 94.35
5 5 5 5 6
49.95 5 5 5 5
5 71.79 4 7 7
7 7 93.83 4 6
7 7 7 94.45 4
6 6 7 7 94.27
4 6 6 6 7
94.24 4 6 6 6
6 93.63 4 5 7
7 7 113.16 4 5
6 7 7 116.08 4
5 6 6 7 115.47
4 5 6 6 6
93.58 4 5 5 7
7 115.75 4 5 5
6 7 116.77 4 5
5 6 6 94.04 4
5 5 5 7 115.89
4 5 5 5 6
93.99 4 5 5 5
5 72.13 4 4 7
7 7 94.17 4 4
6 7 7 94.36 4
4 6 6 7 94
4 4 6 6 6
94.47 4 4 5 7
7 115.51 4 4 5
6 7 116.86 4 4
5 6 6 94.44 4
4 5 5 7 116.3
4 4 5 5 6
94.25 4 4 5 5
5 72.32 4 4 4
7 7 94 4 4
4 6 7 94.4 4
4 4 6 6 93.93
4 4 4 5 7
115.58 4 4 4 5
6 93.93 4 4 4
5 5 71.97 4 4
4 4 7 94.67 4
4 4 4 6 93.94
4 4 4 4 5
49.96 4 4 4 4
4 72.04 3 7 7
7 7 93.7 3 6
7 7 7 92.4 3
6 6 7 7 94.25
3 6 6 6 7
72.11 3 6 6 6
6 93.28 3 5 7
7 7 113.84 3 5
6 7 7 113.63 3
5 6 6 7 115.61
3 5 6 6 6
92.38 3 5 5 7
7 113.71 3 5 5
6 7 112.71 3 5
5 6 6 94.18 3
5 5 5 7 115.36
3 5 5 5 6
72.1 3 5 5 5
5 93.52 3 4 7
7 7 115.22 3 4
6 7 7 113.7 3
4 6 6 7 115.38
3 4 6 6 6
114.7 3 4 5 7
7 134.98 3 4 5
6 7 135.49 3 4
5 6 6 113.16 3
4 5 5 7 134.86
3 4 5 5 6
115.52 3 4 5 5
5 94.6 3 4 4
7 7 115.76 3 4
4 6 7 114.38 3
4 4 6 6 115.61
3 4 4 5 7
136.26 3 4 4 5
6 114.11 3 4 4
5 5 93.8 3 4
4 4 7 115.95 3
4 4 4 6 115.43
3 4 4 4 5
94.9 3 4 4 4
4 72.07 3 3 7
7 7 92.59 3 3
6 7 7 92.17 3
3 6 6 7 72.04
3 3 6 6 6
92.17 3 3 5 7
7 112.41 3 3 5
6 7 112.81 3 3
5 6 6 92.27 3
3 5 5 7 112.5
3 3 5 5 6
72 3 3 5 5
5 94.42 3 3 4
7 7 113.79 3 3
4 6 7 114.39 3
3 4 6 6 114.2
3 3 4 5 7
135.22 3 3 4 5
6 113.91 3 3 4
5 5 94.35 3 3
4 4 7 114.3 3
3 4 4 6 114.51
3 3 4 4 5
94.12 3 3 4 4
4 71.97 3 3 3
7 7 92.91 3 3
3 6 7 72.16 3
3 3 6 6 93.27
3 3 3 5 7
114.68 3 3 3 5
6 72.33 3 3 3
5 5 94.13 3 3
3 4 7 115.55 3
3 3 4 6 115.39
3 3 3 4 5
94.06 3 3 3 4
4 71.85 3 3 3
3 7 71.91 3 3
3 3 6 72.18 3
3 3 3 5 94.35
3 3 3 3 4
49.91 3 3 3 3
3 72.23 2 7 7
7 7 93.81 2 6
7 7 7 92.07 2
6 6 7 7 94.12
2 6 6 6 7
72.17 2 6 6 6
6 93.57 2 5 7
7 7 114.29 2 5
6 7 7 113.58 2
5 6 6 7 115.56
2 5 6 6 6
94.26 2 5 5 7
7 115.99 2 5 5
6 7 114.66 2 5
5 6 6 94.14 2
5 5 5 7 115.55
2 5 5 5 6
94.58 2 5 5 5
5 93.07 2 4 7
7 7 113.5 2 4
6 7 7 113.87 2
4 6 6 7 115.08
2 4 6 6 6
114.59 2 4 5 7
7 134.78 2 4 5
6 7 134.84 2 4
5 6 6 115.34 2
4 5 5 7 135.76
2 4 5 5 6
115.6 2 4 5 5
5 92.32 2 4 4
7 7 113.75 2 4
4 6 7 111.7 2
4 4 6 6 114.14
2 4 4 5 7
134.59 2 4 4 5
6 114.49 2 4 4
5 5 94.14 2 4
4 4 7 115.34 2
4 4 4 6 115.67
2 4 4 4 5
72.07 2 4 4 4
4 114.25 2 3 7
7 7 112.58 2 3
6 7 7 115.15 2
3 6 6 7 93.38
2 3 6 6 6
134.92 2 3 5 7
7 134.24 2 3 5
6 7 136.9 2 3
5 6 6 135.28 2
3 5 5 7 133.33
2 3 5 5 6
136.17 2 3 5 5
5 135.29 2 3 4
7 7 133.66 2 3
4 6 7 137.25 2
3 4 6 6 154.31
2 3 4 5 7
155.29 2 3 4 5
6 155.42 2 3 4
5 5 135.1 2 3
4 4 7 133.31 2
3 4 4 6 155.61
2 3 4 4 5
137.29 2 3 4 4
4 112.71 2 3 3
7 7 114.41 2 3
3 6 7 94.09 2
3 3 6 6 132.53
2 3 3 5 7
134.96 2 3 3 5
6 133.75 2 3 3
5 5 134.56 2 3
3 4 7 135.63 2
3 3 4 6 153.82
2 3 3 4 5
133.09 2 3 3 4
4 115.25 2 3 3
3 7 94.53 2 3
3 3 6 136.7 2
3 3 3 5 136.88
2 3 3 3 4
94.33 2 3 3 3
3 71.99 2 2 7
7 7 92.58 2 2
6 7 7 92.28 2
2 6 6 7 72
2 2 6 6 6
94.36 2 2 5 7
7 114.03 2 2 5
6 7 114.91 2 2
5 6 6 94.07 2
2 5 5 7 113.99
2 2 5 5 6
94.3 2 2 5 5
5 92.97 2 2 4
7 7 112.41 2 2
4 6 7 112.56 2
2 4 6 6 114.31
2 2 4 5 7
134.79 2 2 4 5
6 115.12 2 2 4
5 5 92.58 2 2
4 4 7 112.98 2
2 4 4 6 114.77
2 2 4 4 5
72.21 2 2 4 4
4 112.21 2 2 3
7 7 114.14 2 2
3 6 7 94.57 2
2 3 6 6 134.21
2 2 3 5 7
135.59 2 2 3 5
6 132.55 2 2 3
5 5 132.77 2 2
3 4 7 134.4 2
2 3 4 6 154.01
2 2 3 4 5
132.35 2 2 3 4
4 112.61 2 2 3
3 7 93.98 2 2
3 3 6 132.4 2
2 3 3 5 133.43
2 2 3 3 4
94.01 2 2 3 3
3 72.28 2 2 2
7 7 93.11 2 2
2 6 7 72.25 2
2 2 6 6 93.78
2 2 2 5 7
115.18 2 2 2 5
6 94.44 2 2 2
5 5 93.34 2 2
2 4 7 115.04 2
2 2 4 6 115.86
2 2 2 4 5
72.14 2 2 2 4
4 115.65 2 2 2
3 7 93.9 2 2
2 3 6 137.15 2
2 2 3 5 137.29
2 2 2 3 4
94.09 2 2 2 3
3 71.8 2 2 2
2 7 72.16 2 2
2 2 6 94.05 2
2 2 2 5 72.1
2 2 2 2 4
94.14 2 2 2 2
3 49.94 2 2 2
2 2 72.34 1 7
7 7 7 93.06 1
6 7 7 7 94.33
1 6 6 7 7
94.36 1 6 6 6
7 94.64 1 6 6
6 6 93.64 1 5
7 7 7 114.33 1
5 6 7 7 115.71
1 5 6 6 7
115.32 1 5 6 6
6 92.73 1 5 5
7 7 113.07 1 5
5 6 7 114.59 1
5 5 6 6 94.3
1 5 5 5 7
115.31 1 5 5 5
6 72.1 1 5 5
5 5 93.49 1 4
7 7 7 115.09 1
4 6 7 7 116.08
1 4 6 6 7
115.84 1 4 6 6
6 113.85 1 4 5
7 7 134.73 1 4
5 6 7 135.77 1
4 5 6 6 113.32
1 4 5 5 7
134.03 1 4 5 5
6 115.54 1 4 5
5 5 92.63 1 4
4 7 7 113.97 1
4 4 6 7 114.8
1 4 4 6 6
113.83 1 4 4 5
7 135.02 1 4 4
5 6 113.01 1 4
4 5 5 94.78 1
4 4 4 7 115.21
1 4 4 4 6
115.53 1 4 4 4
5 71.99 1 4 4
4 4 114.02 1 3
7 7 7 134.51 1
3 6 7 7 134.29
1 3 6 6 7
136.95 1 3 6 6
6 112.84 1 3 5
7 7 134.49 1 3
5 6 7 132.99 1
3 5 6 6 115.94
1 3 5 5 7
136.82 1 3 5 5
6 93.68 1 3 5
5 5 135.39 1 3
4 7 7 155.02 1
3 4 6 7 154.59
1 3 4 6 6
134.56 1 3 4 5
7 155.19 1 3 4
5 6 136.75 1 3
4 5 5 134.88 1
3 4 4 7 155.56
1 3 4 4 6
133.04 1 3 4 4
5 136.03 1 3 4
4 4 112.69 1 3
3 7 7 133.33 1
3 3 6 7 132.51
1 3 3 6 6
114.81 1 3 3 5
7 133.98 1 3 3
5 6 94.25 1 3
3 5 5 133.67 1
3 3 4 7 154.18
1 3 3 4 6
135.37 1 3 3 4
5 132.99 1 3 3
4 4 115.51 1 3
3 3 7 136.78 1
3 3 3 6 94.62
1 3 3 3 5
136.97 1 3 3 3
4 94.02 1 3 3
3 3 114.56 1 2
7 7 7 135.35 1
2 6 7 7 134.72
1 2 6 6 7
136.13 1 2 6 6
6 134.47 1 2 5
7 7 154.74 1 2
5 6 7 155.19 1
2 5 6 6 135.3
1 2 5 5 7
154.47 1 2 5 5
6 137.22 1 2 5
5 5 111.98 1 2
4 7 7 133.83 1
2 4 6 7 132.78
1 2 4 6 6
133.62 1 2 4 5
7 154.82 1 2 4
5 6 132.63 1 2
4 5 5 115.51 1
2 4 4 7 136.7
1 2 4 4 6
136.93 1 2 4 4
5 93.31 1 2 4
4 4 175.74 1 2
3 7 7 174.54 1
2 3 6 7 176.93
1 2 3 6 6
174.17 1 2 3 5
7 173.41 1 2 3
5 6 177.81 1 2
3 5 5 174.94 1
2 3 4 7 173.35
1 2 3 4 6
172.87 1 2 3 4
5 176.55 1 2 3
4 4 173.04 1 2
3 3 7 175.51 1
2 3 3 6 175.89
1 2 3 3 5
171.86 1 2 3 3
4 179.65 1 2 3
3 3 112.47 1 2
2 7 7 132.14 1
2 2 6 7 132.4
1 2 2 6 6
133.2 1 2 2 5
7 153.48 1 2 2
5 6 132.93 1 2
2 5 5 114.64 1
2 2 4 7 134.42
1 2 2 4 6
136.1 1 2 2 4
5 94.35 1 2 2
4 4 173.75 1 2
2 3 7 175.15 1
2 2 3 6 171.26
1 2 2 3 5
174.7 1 2 2 3
4 172.03 1 2 2
3 3 116.32 1 2
2 2 7 136.74 1
2 2 2 6 137.22
1 2 2 2 5
94.39 1 2 2 2
4 178.92 1 2 2
2 3 94.34 1 2
2 2 2 72.04 1
1 7 7 7 94.2
1 1 6 7 7
94.24 1 1 6 6
7 94.1 1 1 6
6 6 92.36 1 1
5 7 7 115.08 1
1 5 6 7 113.96
1 1 5 6 6
92.54 1 1 5 5
7 114.79 1 1 5
5 6 72.18 1 1
5 5 5 92.18 1
1 4 7 7 114.68
1 1 4 6 7
114.3 1 1 4 6
6 112.84 1 1 4
5 7 134.51 1 1
4 5 6 112.65 1
1 4 5 5 92.29
1 1 4 4 7
114.06 1 1 4 4
6 113.31 1 1 4
4 5 72.16 1 1
4 4 4 112.49 1
1 3 7 7 133.94
1 1 3 6 7
132.67 1 1 3 6
6 114.38 1 1 3
5 7 135.05 1 1
3 5 6 94.12 1
1 3 5 5 133.12
1 1 3 4 7
154.72 1 1 3 4
6 135 1 1 3
4 5 132.62 1 1
3 4 4 112.32 1
1 3 3 7 132.78
1 1 3 3 6
94.26 1 1 3 3
5 132.27 1 1 3
3 4 94.3 1 1
3 3 3 112.9 1
1 2 7 7 134.11
1 1 2 6 7
133.52 1 1 2 6
6 132.54 1 1 2
5 7 154.21 1 1
2 5 6 132.95 1
1 2 5 5 114.17
1 1 2 4 7
136.16 1 1 2 4
6 134.55 1 1 2
4 5 94.36 1 1
2 4 4 172.78 1
1 2 3 7 171.22
1 1 2 3 6
175.36 1 1 2 3
5 175.69 1 1 2
3 4 170.24 1 1
2 3 3 112.4 1
1 2 2 7 132.68
1 1 2 2 6
132.38 1 1 2 2
5 94.18 1 1 2
2 4 172.41 1 1
2 2 3 94.27 1
1 2 2 2 72.07
1 1 1 7 7
94.46 1 1 1 6
7 94.6 1 1 1
6 6 93.45 1 1
1 5 7 115.6 1
1 1 5 6 72.16
1 1 1 5 5
93.33 1 1 1 4
7 115.51 1 1 1
4 6 114.19 1 1
1 4 5 72.39 1
1 1 4 4 115.38
1 1 1 3 7
136.47 1 1 1 3
6 93.92 1 1 1
3 5 137.41 1 1
1 3 4 94.08 1
1 1 3 3 115.83
1 1 1 2 7
137 1 1 1 2
6 136.76 1 1 1
2 5 94.33 1 1
1 2 4 179.17 1
1 1 2 3 94.12
1 1 1 2 2
71.78 1 1 1 1
7 94.6 1 1 1
1 6 72.28 1 1
1 1 5 72.09 1
1 1 1 4 94.5
1 1 1 1 3
94.04 1 1 1 1
2 49.93 1 1 1
1 1
