49.88 7 7 7 7
7 7 7 69.32 6
7 7 7 7 7
7 69.44 6 6 7
7 7 7 7 72.38
6 6 6 7 7
7 7 72.31 6 6
6 6 7 7 7
69.64 6 6 6 6
6 7 7 69.31 6
6 6 6 6 6
7 49.85 6 6 6
6 6 6 6 69.63
5 7 7 7 7
7 7 87.45 5 6
7 7 7 7 7
89.33 5 6 6 7
7 7 7 91.74 5
6 6 6 7 7
7 91.7 5 6 6
6 6 7 7 89.72
5 6 6 6 6
6 7 89.73 5 6
6 6 6 6 6
69.37 5 5 7 7
7 7 7 88.93 5
5 6 7 7 7
7 88.42 5 5 6
6 7 7 7 91.81
5 5 6 6 6
7 7 92.19 5 5
6 6 6 6 7
89.51 5 5 6 6
6 6 6 72.08 5
5 5 7 7 7
7 91.04 5 5 5
6 7 7 7 91.6
5 5 5 6 6
7 7 94.49 5 5
5 6 6 6 7
94.44 5 5 5 6
6 6 6 72.17 5
5 5 5 7 7
7 91.95 5 5 5
5 6 7 7 91.83
5 5 5 5 6
6 7 94.38 5 5
5 5 6 6 6
69.27 5 5 5 5
5 7 7 89.43 5
5 5 5 5 6
7 89.05 5 5 5
5 5 6 6 69.44
5 5 5 5 5
5 7 89.17 5 5
5 5 5 5 6
49.89 5 5 5 5
5 5 5 69.48 4
7 7 7 7 7
7 87.3 4 6 7
7 7 7 7 89.45
4 6 6 7 7
7 7 90.97 4 6
6 6 7 7 7
91.98 4 6 6 6
6 7 7 89.06 4
6 6 6 6 6
7 89.45 4 6 6
6 6 6 6 87.75
4 5 7 7 7
7 7 104.12 4 5
6 7 7 7 7
106.97 4 5 6 6
7 7 7 108.47 4
5 6 6 6 7
7 109.66 4 5 6
6 6 6 7 106.99
4 5 6 6 6
6 6 89.08 4 5
5 7 7 7 7
106.92 4 5 5 6
7 7 7 108.67 4
5 5 6 6 7
7 111.72 4 5 5
6 6 6 7 111.01
4 5 5 6 6
6 6 91.62 4 5
5 5 7 7 7
109.33 4 5 5 5
6 7 7 111.01 4
5 5 5 6 6
7 113.81 4 5 5
5 6 6 6 91.46
4 5 5 5 5
7 7 109.87 4 5
5 5 5 6 7
111.33 4 5 5 5
5 6 6 89.46 4
5 5 5 5 5
7 106.96 4 5 5
5 5 5 6 89.38
4 5 5 5 5
5 5 69.68 4 4
7 7 7 7 7
88.96 4 4 6 7
7 7 7 88.85 4
4 6 6 7 7
7 91.39 4 4 6
6 6 7 7 91.68
4 4 6 6 6
6 7 89.82 4 4
6 6 6 6 6
89.12 4 4 5 7
7 7 7 106.48 4
4 5 6 7 7
7 108.57 4 4 5
6 6 7 7 110.98
4 4 5 6 6
6 7 111.21 4 4
5 6 6 6 6
89.22 4 4 5 5
7 7 7 108.19 4
4 5 5 6 7
7 108.63 4 4 5
5 6 6 7 111.21
4 4 5 5 6
6 6 91.86 4 4
5 5 5 7 7
110.72 4 4 5 5
5 6 7 111.65 4
4 5 5 5 6
6 92.31 4 4 5
5 5 5 7 110.98
4 4 5 5 5
5 6 89.16 4 4
5 5 5 5 5
72.13 4 4 4 7
7 7 7 91.5 4
4 4 6 7 7
7 92.44 4 4 4
6 6 7 7 94.42
4 4 4 6 6
6 7 94.49 4 4
4 6 6 6 6
90.91 4 4 4 5
7 7 7 109.14 4
4 4 5 6 7
7 111.2 4 4 4
5 6 6 7 113.52
4 4 4 5 6
6 6 92.08 4 4
4 5 5 7 7
111.26 4 4 4 5
5 6 7 110.99 4
4 4 5 5 6
6 94.83 4 4 4
5 5 5 7 113.25
4 4 4 5 5
5 6 94.67 4 4
4 5 5 5 5
72.52 4 4 4 4
7 7 7 92.04 4
4 4 4 6 7
7 91.89 4 4 4
4 6 6 7 94.57
4 4 4 4 6
6 6 91.69 4 4
4 4 5 7 7
109.22 4 4 4 4
5 6 7 111.03 4
4 4 4 5 6
6 91.53 4 4 4
4 5 5 7 111.81
4 4 4 4 5
5 6 94.41 4 4
4 4 5 5 5
69.31 4 4 4 4
4 7 7 89.25 4
4 4 4 4 6
7 89.17 4 4 4
4 4 6 6 88.99
4 4 4 4 4
5 7 107.09 4 4
4 4 4 5 6
89.41 4 4 4 4
4 5 5 69.26 4
4 4 4 4 4
7 89.41 4 4 4
4 4 4 6 89.4
4 4 4 4 4
4 5 49.84 4 4
4 4 4 4 4
69.54 3 7 7 7
7 7 7 87.62 3
6 7 7 7 7
7 88.93 3 6 6
7 7 7 7 91.45
3 6 6 6 7
7 7 88.58 3 6
6 6 6 7 7
89.37 3 6 6 6
6 6 7 69.57 3
6 6 6 6 6
6 87.44 3 5 7
7 7 7 7 103.09
3 5 6 7 7
7 7 106.54 3 5
6 6 7 7 7
108.92 3 5 6 6
6 7 7 106.57 3
5 6 6 6 6
7 106.32 3 5 6
6 6 6 6 88.17
3 5 5 7 7
7 7 105.75 3 5
5 6 7 7 7
106.83 3 5 5 6
6 7 7 110.18 3
5 5 6 6 6
7 107.37 3 5 5
6 6 6 6 91.77
3 5 5 5 7
7 7 108.91 3 5
5 5 6 7 7
109.79 3 5 5 5
6 6 7 113.02 3
5 5 5 6 6
6 88.04 3 5 5
5 5 7 7 106.49
3 5 5 5 5
6 7 106.79 3 5
5 5 5 6 6
89.57 3 5 5 5
5 5 7 107.43 3
5 5 5 5 5
6 69.29 3 5 5
5 5 5 5 87.3
3 4 7 7 7
7 7 104.74 3 4
6 7 7 7 7
105.53 3 4 6 6
7 7 7 109.3 3
4 6 6 6 7
7 105.77 3 4 6
6 6 6 7 106.09
3 4 6 6 6
6 6 105.05 3 4
5 7 7 7 7
121.19 3 4 5 6
7 7 7 123.72 3
4 5 6 6 7
7 126.9 3 4 5
6 6 6 7 124.12
3 4 5 6 6
6 6 106.24 3 4
5 5 7 7 7
123.41 3 4 5 5
6 7 7 123.75 3
4 5 5 6 6
7 127.27 3 4 5
5 6 6 6 109.39
3 4 5 5 5
7 7 126.3 3 4
5 5 5 6 7
127.89 3 4 5 5
5 6 6 105.64 3
4 5 5 5 5
7 124.48 3 4 5
5 5 5 6 106.6
3 4 5 5 5
5 5 89.26 3 4
4 7 7 7 7
106.36 3 4 4 6
7 7 7 108.2 3
4 4 6 6 7
7 110.8 3 4 4
6 6 6 7 107.8
3 4 4 6 6
6 6 107.14 3 4
4 5 7 7 7
122.01 3 4 4 5
6 7 7 125.38 3
4 4 5 6 6
7 128.75 3 4 4
5 6 6 6 107.85
3 4 4 5 5
7 7 125.24 3 4
4 5 5 6 7
126.81 3 4 4 5
5 6 6 111.26 3
4 4 5 5 5
7 128.24 3 4 4
5 5 5 6 107.96
3 4 4 5 5
5 5 91.57 3 4
4 4 7 7 7
108.64 3 4 4 4
6 7 7 110.18 3
4 4 4 6 6
7 113.13 3 4 4
4 6 6 6 109.25
3 4 4 4 5
7 7 124.51 3 4
4 4 5 6 7
128.51 3 4 4 4
5 6 6 110.19 3
4 4 4 5 5
7 127.86 3 4 4
4 5 5 6 114.08
3 4 4 4 5
5 5 91.8 3 4
4 4 4 7 7
109.84 3 4 4 4
4 6 7 110.52 3
4 4 4 4 6
6 109.74 3 4 4
4 4 5 7 126.14
3 4 4 4 4
5 6 110.77 3 4
4 4 4 5 5
89.36 3 4 4 4
4 4 7 107.41 3
4 4 4 4 4
6 106.83 3 4 4
4 4 4 5 89.27
3 4 4 4 4
4 4 69.76 3 3
7 7 7 7 7
88.13 3 3 6 7
7 7 7 88.42 3
3 6 6 7 7
7 88.47 3 3 6
6 6 7 7 88.34
3 3 6 6 6
6 7 69.44 3 3
6 6 6 6 6
88.26 3 3 5 7
7 7 7 105.57 3
3 5 6 7 7
7 107.48 3 3 5
6 6 7 7 107.04
3 3 5 6 6
6 7 107.24 3 3
5 6 6 6 6
88.26 3 3 5 5
7 7 7 106.84 3
3 5 5 6 7
7 107.75 3 3 5
5 6 6 7 107.45
3 3 5 5 6
6 6 88.27 3 3
5 5 5 7 7
107.46 3 3 5 5
5 6 7 106.72 3
3 5 5 5 6
6 88.34 3 3 5
5 5 5 7 106.89
3 3 5 5 5
5 6 69.65 3 3
5 5 5 5 5
89.43 3 3 4 7
7 7 7 108.03 3
3 4 6 7 7
7 108.52 3 3 4
6 6 7 7 107.66
3 3 4 6 6
6 7 108.21 3 3
4 6 6 6 6
107.67 3 3 4 5
7 7 7 125.11 3
3 4 5 6 7
7 127.2 3 3 4
5 6 6 7 127
3 3 4 5 6
6 6 107.78 3 3
4 5 5 7 7
126.46 3 3 4 5
5 6 7 127.85 3
3 4 5 5 6
6 107.43 3 3 4
5 5 5 7 126.42
3 3 4 5 5
5 6 108.02 3 3
4 5 5 5 5
88.64 3 3 4 4
7 7 7 107.71 3
3 4 4 6 7
7 107.95 3 3 4
4 6 6 7 107.7
3 3 4 4 6
6 6 107.83 3 3
4 4 5 7 7
125 3 3 4 4
5 6 7 126.44 3
3 4 4 5 6
6 108.26 3 3 4
4 5 5 7 126.75
3 3 4 4 5
5 6 107.69 3 3
4 4 5 5 5
91.38 3 3 4 4
4 7 7 109.93 3
3 4 4 4 6
7 110.72 3 3 4
4 4 6 6 111
3 3 4 4 4
5 7 128.6 3 3
4 4 4 5 6
110.66 3 3 4 4
4 5 5 92.07 3
3 4 4 4 4
7 110.93 3 3 4
4 4 4 6 110.53
3 3 4 4 4
4 5 89.88 3 3
4 4 4 4 4
72.09 3 3 3 7
7 7 7 91.25 3
3 3 6 7 7
7 88.06 3 3 3
6 6 7 7 91.38
3 3 3 6 6
6 7 72.25 3 3
3 6 6 6 6
90.98 3 3 3 5
7 7 7 108.75 3
3 3 5 6 7
7 106.93 3 3 3
5 6 6 7 110.37
3 3 3 5 6
6 6 88.02 3 3
3 5 5 7 7
107.48 3 3 3 5
5 6 7 104.44 3
3 3 5 5 6
6 91.67 3 3 3
5 5 5 7 110.72
3 3 3 5 5
5 6 72.35 3 3
3 5 5 5 5
91.62 3 3 3 4
7 7 7 110.16 3
3 3 4 6 7
7 107.27 3 3 3
4 6 6 7 110.21
3 3 3 4 6
6 6 110.37 3 3
3 4 5 7 7
127.25 3 3 3 4
5 6 7 126.33 3
3 3 4 5 6
6 107.31 3 3 3
4 5 5 7 126.39
3 3 3 4 5
5 6 111.05 3 3
3 4 5 5 5
92.05 3 3 3 4
4 7 7 110.83 3
3 3 4 4 6
7 107.82 3 3 3
4 4 6 6 109.82
3 3 3 4 4
5 7 127.65 3 3
3 4 4 5 6
108.1 3 3 3 4
4 5 5 94.68 3
3 3 4 4 4
7 113.79 3 3 3
4 4 4 6 113.5
3 3 3 4 4
4 5 94.88 3 3
3 4 4 4 4
72.3 3 3 3 3
7 7 7 88.46 3
3 3 3 6 7
7 88.54 3 3 3
3 6 6 7 72.29
3 3 3 3 6
6 6 88.23 3 3
3 3 5 7 7
105.01 3 3 3 3
5 6 7 103.12 3
3 3 3 5 6
6 88.51 3 3 3
3 5 5 7 104.26
3 3 3 3 5
5 6 72.02 3 3
3 3 5 5 5
91.96 3 3 3 3
4 7 7 108.08 3
3 3 3 4 6
7 108.24 3 3 3
3 4 6 6 107.62
3 3 3 3 4
5 7 124.06 3 3
3 3 4 5 6
107.77 3 3 3 3
4 5 5 92.05 3
3 3 3 4 4
7 108.29 3 3 3
3 4 4 6 108.57
3 3 3 3 4
4 5 94.91 3 3
3 3 4 4 4
69.23 3 3 3 3
3 7 7 87.39 3
3 3 3 3 6
7 69.35 3 3 3
3 3 6 6 86.89
3 3 3 3 3
5 7 105 3 3
3 3 3 5 6
69.75 3 3 3 3
3 5 5 89.31 3
3 3 3 3 4
7 106.94 3 3 3
3 3 4 6 107.23
3 3 3 3 3
4 5 89.23 3 3
3 3 3 4 4
69.96 3 3 3 3
3 3 7 69.51 3
3 3 3 3 3
6 69.68 3 3 3
3 3 3 5 89.12
3 3 3 3 3
3 4 49.87 3 3
3 3 3 3 3
69.64 2 7 7 7
7 7 7 87.59 2
6 7 7 7 7
7 88.55 2 6 6
7 7 7 7 91.49
2 6 6 6 7
7 7 88.41 2 6
6 6 6 7 7
89.15 2 6 6 6
6 6 7 69.32 2
6 6 6 6 6
6 87.02 2 5 7
7 7 7 7 105.65
2 5 6 7 7
7 7 105.78 2 5
6 6 7 7 7
109.75 2 5 6 6
6 7 7 106.36 2
5 6 6 6 6
7 107.39 2 5 6
6 6 6 6 89.51
2 5 5 7 7
7 7 107.22 2 5
5 6 7 7 7
108.12 2 5 5 6
6 7 7 110.95 2
5 5 6 6 6
7 108.04 2 5 5
6 6 6 6 90.7
2 5 5 5 7
7 7 109.09 2 5
5 5 6 7 7
110.9 2 5 5 5
6 6 7 112.97 2
5 5 5 6 6
6 92.19 2 5 5
5 5 7 7 109.7
2 5 5 5 5
6 7 110.57 2 5
5 5 5 6 6
88.82 2 5 5 5
5 5 7 106.76 2
5 5 5 5 5
6 89.56 2 5 5
5 5 5 5 86.6
2 4 7 7 7
7 7 102.93 2 4
6 7 7 7 7
105.97 2 4 6 6
7 7 7 108.73 2
4 6 6 6 7
7 106.87 2 4 6
6 6 6 7 106.87
2 4 6 6 6
6 6 105.1 2 4
5 7 7 7 7
121.91 2 4 5 6
7 7 7 123.49 2
4 5 6 6 7
7 127.22 2 4 5
6 6 6 7 123.69
2 4 5 6 6
6 6 107.1 2 4
5 5 7 7 7
122.68 2 4 5 5
6 7 7 125.61 2
4 5 5 6 6
7 127.65 2 4 5
5 6 6 6 109.44
2 4 5 5 5
7 7 126.26 2 4
5 5 5 6 7
127.73 2 4 5 5
5 6 6 109.7 2
4 5 5 5 5
7 125.62 2 4 5
5 5 5 6 107.5
2 4 5 5 5
5 5 87.92 2 4
4 7 7 7 7
106.28 2 4 4 6
7 7 7 106.95 2
4 4 6 6 7
7 110.47 2 4 4
6 6 6 7 106.93
2 4 4 6 6
6 6 106.8 2 4
4 5 7 7 7
123.51 2 4 4 5
6 7 7 124.53 2
4 4 5 6 6
7 128.61 2 4 4
5 6 6 6 108.05
2 4 4 5 5
7 7 125.17 2 4
4 5 5 6 7
126.68 2 4 4 5
5 6 6 110.78 2
4 4 5 5 5
7 128.25 2 4 4
5 5 5 6 110.24
2 4 4 5 5
5 5 92.05 2 4
4 4 7 7 7
109.34 2 4 4 4
6 7 7 110.12 2
4 4 4 6 6
7 113.82 2 4 4
4 6 6 6 108.53
2 4 4 4 5
7 7 126.85 2 4
4 4 5 6 7
128.26 2 4 4 4
5 6 6 110.7 2
4 4 4 5 5
7 128.04 2 4 4
4 5 5 6 113.21
2 4 4 4 5
5 5 88.49 2 4
4 4 4 7 7
106.03 2 4 4 4
4 6 7 107 2
4 4 4 4 6
6 105.75 2 4 4
4 4 5 7 123.32
2 4 4 4 4
5 6 108.78 2 4
4 4 4 5 5
88.68 2 4 4 4
4 4 7 107.64 2
4 4 4 4 4
6 107.31 2 4 4
4 4 4 5 69.51
2 4 4 4 4
4 4 104.32 2 3
7 7 7 7 7
104.25 2 3 6 7
7 7 7 109.6 2
3 6 6 7 7
7 105.61 2 3 6
6 6 7 7 106.82
2 3 6 6 6
6 7 87.83 2 3
6 6 6 6 6
121.3 2 3 5 7
7 7 7 121.35 2
3 5 6 7 7
7 126.82 2 3 5
6 6 7 7 124.03
2 3 5 6 6
6 7 124.76 2 3
5 6 6 6 6
123.96 2 3 5 5
7 7 7 122.98 2
3 5 5 6 7
7 128.06 2 3 5
5 6 6 7 124.34
2 3 5 5 6
6 6 125.98 2 3
5 5 5 7 7
126.21 2 3 5 5
5 6 7 131.76 2
3 5 5 5 6
6 124.42 2 3 5
5 5 5 7 124.39
2 3 5 5 5
5 6 124.49 2 3
5 5 5 5 5
121.49 2 3 4 7
7 7 7 122 2
3 4 6 7 7
7 126.87 2 3 4
6 6 7 7 123.88
2 3 4 6 6
6 7 124.98 2 3
4 6 6 6 6
137.17 2 3 4 5
7 7 7 139.83 2
3 4 5 6 7
7 144.39 2 3 4
5 6 6 7 141.39
2 3 4 5 6
6 6 139.64 2 3
4 5 5 7 7
141.5 2 3 4 5
5 6 7 145.63 2
3 4 5 5 6
6 143.08 2 3 4
5 5 5 7 144.12
2 3 4 5 5
5 6 140.15 2 3
4 5 5 5 5
123.52 2 3 4 4
7 7 7 122.17 2
3 4 4 6 7
7 126.79 2 3 4
4 6 6 7 124.64
2 3 4 4 6
6 6 139.55 2 3
4 4 5 7 7
140.92 2 3 4 4
5 6 7 144.85 2
3 4 4 5 6
6 143 2 3 4
4 5 5 7 141.48
2 3 4 4 5
5 6 145.38 2 3
4 4 5 5 5
126.97 2 3 4 4
4 7 7 126.82 2
3 4 4 4 6
7 130.74 2 3 4
4 4 6 6 142.53
2 3 4 4 4
5 7 145.06 2 3
4 4 4 5 6
145.26 2 3 4 4
4 5 5 124.33 2
3 4 4 4 4
7 122.98 2 3 4
4 4 4 6 140.02
2 3 4 4 4
4 5 124.13 2 3
4 4 4 4 4
105.62 2 3 3 7
7 7 7 107.65 2
3 3 6 7 7
7 107.24 2 3 3
6 6 7 7 107.8
2 3 3 6 6
6 7 89.08 2 3
3 6 6 6 6
121.14 2 3 3 5
7 7 7 125.6 2
3 3 5 6 7
7 125.94 2 3 3
5 6 6 7 125.87
2 3 3 5 6
6 6 123.52 2 3
3 5 5 7 7
126.7 2 3 3 5
5 6 7 125.64 2
3 3 5 5 6
6 122.89 2 3 3
5 5 5 7 125.78
2 3 3 5 5
5 6 122.93 2 3
3 5 5 5 5
122.14 2 3 3 4
7 7 7 125.04 2
3 3 4 6 7
7 125.13 2 3 3
4 6 6 7 125.25
2 3 3 4 6
6 6 138.54 2 3
3 4 5 7 7
144.6 2 3 3 4
5 6 7 143.7 2
3 3 4 5 6
6 140.23 2 3 3
4 5 5 7 143.27
2 3 3 4 5
5 6 140.91 2 3
3 4 5 5 5
123.08 2 3 3 4
4 7 7 126.3 2
3 3 4 4 6
7 126.1 2 3 3
4 4 6 6 139.97
2 3 3 4 4
5 7 145.04 2 3
3 4 4 5 6
141.97 2 3 3 4
4 5 5 126.04 2
3 3 4 4 4
7 128.79 2 3 3
4 4 4 6 144.96
2 3 3 4 4
4 5 123.24 2 3
3 4 4 4 4
110.49 2 3 3 3
7 7 7 107.28 2
3 3 3 6 7
7 110.79 2 3 3
3 6 6 7 91.26
2 3 3 3 6
6 6 127.55 2 3
3 3 5 7 7
126.63 2 3 3 3
5 6 7 129.19 2
3 3 3 5 6
6 125.85 2 3 3
3 5 5 7 122.89
2 3 3 3 5
5 6 130 2 3
3 3 5 5 5
127.69 2 3 3 3
4 7 7 125.16 2
3 3 3 4 6
7 129.71 2 3 3
3 4 6 6 144.63
2 3 3 3 4
5 7 145.03 2 3
3 3 4 5 6
144.36 2 3 3 3
4 5 5 128.87 2
3 3 3 4 4
7 125.98 2 3 3
3 4 4 6 147.08
2 3 3 3 4
4 5 132.69 2 3
3 3 4 4 4
106.88 2 3 3 3
3 7 7 108 2
3 3 3 3 6
7 91.89 2 3 3
3 3 6 6 123
2 3 3 3 3
5 7 123.83 2 3
3 3 3 5 6
122.15 2 3 3 3
3 5 5 124.48 2
3 3 3 3 4
7 126.36 2 3 3
3 3 4 6 141.67
2 3 3 3 3
4 5 125.45 2 3
3 3 3 4 4
107.12 2 3 3 3
3 3 7 89.68 2
3 3 3 3 3
6 124.21 2 3 3
3 3 3 5 125.51
2 3 3 3 3
3 4 89.08 2 3
3 3 3 3 3
69.41 2 2 7 7
7 7 7 88.42 2
2 6 7 7 7
7 88.76 2 2 6
6 7 7 7 88.57
2 2 6 6 6
7 7 88.54 2 2
6 6 6 6 7
69.68 2 2 6 6
6 6 6 88.87 2
2 5 7 7 7
7 107.45 2 2 5
6 7 7 7 107.99
2 2 5 6 6
7 7 108.1 2 2
5 6 6 6 7
108.14 2 2 5 6
6 6 6 89.13 2
2 5 5 7 7
7 107.92 2 2 5
5 6 7 7 107.63
2 2 5 5 6
6 7 107.87 2 2
5 5 6 6 6
91.81 2 2 5 5
5 7 7 110.47 2
2 5 5 5 6
7 110.12 2 2 5
5 5 6 6 92.39
2 2 5 5 5
5 7 111.12 2 2
5 5 5 5 6
89.2 2 2 5 5
5 5 5 88.58 2
2 4 7 7 7
7 106.01 2 2 4
6 7 7 7 107.03
2 2 4 6 6
7 7 107.66 2 2
4 6 6 6 7
106.74 2 2 4 6
6 6 6 108.12 2
2 4 5 7 7
7 123.85 2 2 4
5 6 7 7 126.27
2 2 4 5 6
6 7 125.79 2 2
4 5 6 6 6
107.53 2 2 4 5
5 7 7 124.56 2
2 4 5 5 6
7 126.47 2 2 4
5 5 6 6 110.84
2 2 4 5 5
5 7 127.25 2 2
4 5 5 5 6
110.18 2 2 4 5
5 5 5 88.07 2
2 4 4 7 7
7 106.8 2 2 4
4 6 7 7 107.54
2 2 4 4 6
6 7 107.44 2 2
4 4 6 6 6
107.76 2 2 4 4
5 7 7 125.65 2
2 4 4 5 6
7 126.82 2 2 4
4 5 6 6 107.77
2 2 4 4 5
5 7 126.25 2 2
4 4 5 5 6
110.94 2 2 4 4
5 5 5 88.17 2
2 4 4 4 7
7 106.86 2 2 4
4 4 6 7 107.33
2 2 4 4 4
6 6 108.07 2 2
4 4 4 5 7
126.21 2 2 4 4
4 5 6 107.79 2
2 4 4 4 5
5 88.88 2 2 4
4 4 4 7 107.48
2 2 4 4 4
4 6 107.66 2 2
4 4 4 4 5
69.78 2 2 4 4
4 4 4 104.33 2
2 3 7 7 7
7 107.52 2 2 3
6 7 7 7 107.86
2 2 3 6 6
7 7 107.96 2 2
3 6 6 6 7
89.11 2 2 3 6
6 6 6 121.83 2
2 3 5 7 7
7 124.5 2 2 3
5 6 7 7 125.24
2 2 3 5 6
6 7 125.28 2 2
3 5 6 6 6
123.68 2 2 3 5
5 7 7 126.99 2
2 3 5 5 6
7 125.8 2 2 3
5 5 6 6 126.34
2 2 3 5 5
5 7 129.31 2 2
3 5 5 5 6
123.44 2 2 3 5
5 5 5 122.25 2
2 3 4 7 7
7 126.22 2 2 3
4 6 7 7 125.44
2 2 3 4 6
6 7 125.86 2 2
3 4 6 6 6
139.4 2 2 3 4
5 7 7 143.62 2
2 3 4 5 6
7 144.02 2 2 3
4 5 6 6 140.58
2 2 3 4 5
5 7 145.55 2 2
3 4 5 5 6
143.85 2 2 3 4
5 5 5 123.39 2
2 3 4 4 7
7 126.58 2 2 3
4 4 6 7 125.57
2 2 3 4 4
6 6 141.15 2 2
3 4 4 5 7
144.21 2 2 3 4
4 5 6 143.09 2
2 3 4 4 5
5 122.24 2 2 3
4 4 4 7 127.31
2 2 3 4 4
4 6 140.34 2 2
3 4 4 4 5
123.12 2 2 3 4
4 4 4 104.84 2
2 3 3 7 7
7 106.98 2 2 3
3 6 7 7 107.74
2 2 3 3 6
6 7 88.61 2 2
3 3 6 6 6
123.48 2 2 3 3
5 7 7 126.33 2
2 3 3 5 6
7 126.76 2 2 3
3 5 6 6 123.24
2 2 3 3 5
5 7 125.78 2 2
3 3 5 5 6
123.63 2 2 3 3
5 5 5 123.64 2
2 3 3 4 7
7 126.44 2 2 3
3 4 6 7 126.66
2 2 3 3 4
6 6 142.05 2 2
3 3 4 5 7
144.86 2 2 3 3
4 5 6 141.65 2
2 3 3 4 5
5 123.56 2 2 3
3 4 4 7 126.02
2 2 3 3 4
4 6 141.64 2 2
3 3 4 4 5
123.57 2 2 3 3
4 4 4 107.84 2
2 3 3 3 7
7 110.36 2 2 3
3 3 6 7 91.79
2 2 3 3 3
6 6 125.28 2 2
3 3 3 5 7
129.56 2 2 3 3
3 5 6 123.5 2
2 3 3 3 5
5 126.73 2 2 3
3 3 4 7 129.23
2 2 3 3 3
4 6 145.47 2 2
3 3 3 4 5
126.11 2 2 3 3
3 4 4 107.33 2
2 3 3 3 3
7 91.84 2 2 3
3 3 3 6 123.26
2 2 3 3 3
3 5 126.37 2 2
3 3 3 3 4
88.7 2 2 3 3
3 3 3 72.43 2
2 2 7 7 7
7 91.11 2 2 2
6 7 7 7 88.18
2 2 2 6 6
7 7 91.3 2 2
2 6 6 6 7
72.21 2 2 2 6
6 6 6 91.53 2
2 2 5 7 7
7 110.5 2 2 2
5 6 7 7 107.89
2 2 2 5 6
6 7 110.68 2 2
2 5 6 6 6
92.37 2 2 2 5
5 7 7 110.57 2
2 2 5 5 6
7 107.44 2 2 2
5 5 6 6 94.48
2 2 2 5 5
5 7 112.96 2 2
2 5 5 5 6
94.61 2 2 2 5
5 5 5 91.19 2
2 2 4 7 7
7 108.46 2 2 2
4 6 7 7 107.42
2 2 2 4 6
6 7 110.61 2 2
2 4 6 6 6
110.08 2 2 2 4
5 7 7 128.48 2
2 2 4 5 6
7 126.73 2 2 2
4 5 6 6 110.87
2 2 2 4 5
5 7 128.37 2 2
2 4 5 5 6
113.81 2 2 2 4
5 5 5 88.12 2
2 2 4 4 7
7 107.08 2 2 2
4 4 6 7 103.83
2 2 2 4 4
6 6 107.87 2 2
2 4 4 5 7
126.82 2 2 2 4
4 5 6 108.14 2
2 2 4 4 5
5 91.35 2 2 2
4 4 4 7 110.05
2 2 2 4 4
4 6 111.23 2 2
2 4 4 4 5
72.19 2 2 2 4
4 4 4 110.78 2
2 2 3 7 7
7 107.06 2 2 2
3 6 7 7 111.43
2 2 2 3 6
6 7 91.53 2 2
2 3 6 6 6
128.08 2 2 2 3
5 7 7 124.71 2
2 2 3 5 6
7 129.04 2 2 2
3 5 6 6 129.22
2 2 2 3 5
5 7 125.83 2 2
2 3 5 5 6
132.37 2 2 2 3
5 5 5 127.83 2
2 2 3 4 7
7 126.04 2 2 2
3 4 6 7 129.19
2 2 2 3 4
6 6 145.26 2 2
2 3 4 5 7
143.65 2 2 2 3
4 5 6 146.6 2
2 2 3 4 5
5 125.99 2 2 2
3 4 4 7 123.23
2 2 2 3 4
4 6 142.68 2 2
2 3 4 4 5
130.01 2 2 2 3
4 4 4 106.93 2
2 2 3 3 7
7 110.18 2 2 2
3 3 6 7 91.5
2 2 2 3 3
6 6 126.03 2 2
2 3 3 5 7
129.16 2 2 2 3
3 5 6 126.21 2
2 2 3 3 5
5 126.3 2 2 2
3 3 4 7 129.29
2 2 2 3 3
4 6 144.45 2 2
2 3 3 4 5
122.92 2 2 2 3
3 4 4 113.22 2
2 2 3 3 3
7 94.95 2 2 2
3 3 3 6 132.64
2 2 2 3 3
3 5 131.54 2 2
2 3 3 3 4
94.39 2 2 2 3
3 3 3 72.03 2
2 2 2 7 7
7 88.34 2 2 2
2 6 7 7 88.3
2 2 2 2 6
6 7 72.35 2 2
2 2 6 6 6
91.57 2 2 2 2
5 7 7 108.2 2
2 2 2 5 6
7 108.69 2 2 2
2 5 6 6 91.76
2 2 2 2 5
5 7 108.01 2 2
2 2 5 5 6
94.43 2 2 2 2
5 5 5 88.12 2
2 2 2 4 7
7 104.51 2 2 2
2 4 6 7 104.35
2 2 2 2 4
6 6 108.09 2 2
2 2 4 5 7
124.58 2 2 2 2
4 5 6 108.12 2
2 2 2 4 5
5 88.85 2 2 2
2 4 4 7 104.18
2 2 2 2 4
4 6 108.07 2 2
2 2 4 4 5
72.56 2 2 2 2
4 4 4 106.86 2
2 2 2 3 7
7 108.09 2 2 2
2 3 6 7 91.63
2 2 2 2 3
6 6 125.05 2 2
2 2 3 5 7
126.12 2 2 2 2
3 5 6 125.82 2
2 2 2 3 5
5 124.16 2 2 2
2 3 4 7 123.97
2 2 2 2 3
4 6 140.78 2 2
2 2 3 4 5
122.83 2 2 2 2
3 4 4 107.51 2
2 2 2 3 3
7 92.16 2 2 2
2 3 3 6 125.92
2 2 2 2 3
3 5 122.76 2 2
2 2 3 3 4
94.56 2 2 2 2
3 3 3 69.52 2
2 2 2 2 7
7 87.45 2 2 2
2 2 6 7 69.73
2 2 2 2 2
6 6 88.92 2 2
2 2 2 5 7
106.79 2 2 2 2
2 5 6 89.27 2
2 2 2 2 5
5 87.18 2 2 2
2 2 4 7 105.91
2 2 2 2 2
4 6 106.59 2 2
2 2 2 4 5
69.12 2 2 2 2
2 4 4 107.46 2
2 2 2 2 3
7 89.33 2 2 2
2 2 3 6 124.3
2 2 2 2 2
3 5 124.28 2 2
2 2 2 3 4
89.25 2 2 2 2
2 3 3 69.31 2
2 2 2 2 2
7 69.48 2 2 2
2 2 2 6 89.39
2 2 2 2 2
2 5 69.46 2 2
2 2 2 2 4
88.86 2 2 2 2
2 2 3 49.88 2
2 2 2 2 2
2 69.76 1 7 7
7 7 7 7 87.23
1 6 7 7 7
7 7 88.94 1 6
6 7 7 7 7
91.45 1 6 6 6
7 7 7 91.95 1
6 6 6 6 7
7 89.75 1 6 6
6 6 6 7 89.02
1 6 6 6 6
6 6 87.58 1 5
7 7 7 7 7
104.67 1 5 6 7
7 7 7 107.62 1
5 6 6 7 7
7 109.53 1 5 6
6 6 7 7 110.1
1 5 6 6 6
6 7 107.22 1 5
6 6 6 6 6
88.18 1 5 5 7
7 7 7 106.44 1
5 5 6 7 7
7 107.8 1 5 5
6 6 7 7 110.17
1 5 5 6 6
6 7 110.67 1 5
5 6 6 6 6
91.5 1 5 5 5
7 7 7 108.98 1
5 5 5 6 7
7 111.51 1 5 5
5 6 6 7 114.11
1 5 5 5 6
6 6 88.46 1 5
5 5 5 7 7
106.14 1 5 5 5
5 6 7 107.71 1
5 5 5 5 6
6 89.05 1 5 5
5 5 5 7 106.96
1 5 5 5 5
5 6 69.06 1 5
5 5 5 5 5
87.99 1 4 7 7
7 7 7 105.06 1
4 6 7 7 7
7 106.89 1 4 6
6 7 7 7 109.63
1 4 6 6 6
7 7 109.72 1 4
6 6 6 6 7
107.01 1 4 6 6
6 6 6 103.82 1
4 5 7 7 7
7 121.53 1 4 5
6 7 7 7 123
1 4 5 6 6
7 7 125.86 1 4
5 6 6 6 7
125.7 1 4 5 6
6 6 6 106.5 1
4 5 5 7 7
7 122.83 1 4 5
5 6 7 7 125.61
1 4 5 5 6
6 7 128.3 1 4
5 5 6 6 6
108.53 1 4 5 5
5 7 7 127.29 1
4 5 5 5 6
7 127.89 1 4 5
5 5 6 6 106.7
1 4 5 5 5
5 7 124.07 1 4
5 5 5 5 6
107.08 1 4 5 5
5 5 5 88.17 1
4 4 7 7 7
7 106.08 1 4 4
6 7 7 7 107.89
1 4 4 6 6
7 7 109.64 1 4
4 6 6 6 7
110.43 1 4 4 6
6 6 6 106.16 1
4 4 5 7 7
7 123.61 1 4 4
5 6 7 7 124.95
1 4 4 5 6
6 7 127.72 1 4
4 5 6 6 6
107.59 1 4 4 5
5 7 7 124.95 1
4 4 5 5 6
7 127.06 1 4 4
5 5 6 6 110.57
1 4 4 5 5
5 7 127.63 1 4
4 5 5 5 6
107.88 1 4 4 5
5 5 5 91.84 1
4 4 4 7 7
7 109.59 1 4 4
4 6 7 7 110.73
1 4 4 4 6
6 7 113.42 1 4
4 4 6 6 6
108.78 1 4 4 4
5 7 7 127.48 1
4 4 4 5 6
7 128.47 1 4 4
4 5 6 6 109.75
1 4 4 4 5
5 7 127.65 1 4
4 4 5 5 6
113.22 1 4 4 4
5 5 5 88.56 1
4 4 4 4 7
7 105.97 1 4 4
4 4 6 7 108.12
1 4 4 4 4
6 6 106.59 1 4
4 4 4 5 7
124.15 1 4 4 4
4 5 6 107.2 1
4 4 4 4 5
5 89.08 1 4 4
4 4 4 7 107.38
1 4 4 4 4
4 6 106.75 1 4
4 4 4 4 5
69.53 1 4 4 4
4 4 4 105.37 1
3 7 7 7 7
7 121.87 1 3 6
7 7 7 7 124.43
1 3 6 6 7
7 7 126.19 1 3
6 6 6 7 7
123.91 1 3 6 6
6 6 7 125.5 1
3 6 6 6 6
6 103.98 1 3 5
7 7 7 7 121.41
1 3 5 6 7
7 7 123.63 1 3
5 6 6 7 7
126.87 1 3 5 6
6 6 7 124.47 1
3 5 6 6 6
6 109.23 1 3 5
5 7 7 7 126.65
1 3 5 5 6
7 7 127.31 1 3
5 5 6 6 7
131.28 1 3 5 5
6 6 6 106.33 1
3 5 5 5 7
7 123.05 1 3 5
5 5 6 7 124.14
1 3 5 5 5
6 6 106.87 1 3
5 5 5 5 7
125.51 1 3 5 5
5 5 6 87.78 1
3 5 5 5 5
5 121.18 1 3 4
7 7 7 7 138.14
1 3 4 6 7
7 7 140.22 1 3
4 6 6 7 7
142.22 1 3 4 6
6 6 7 140.2 1
3 4 6 6 6
6 122.89 1 3 4
5 7 7 7 139.17
1 3 4 5 6
7 7 141.01 1 3
4 5 6 6 7
143.95 1 3 4 5
6 6 6 128.01 1
3 4 5 5 7
7 143.72 1 3 4
5 5 6 7 144.5
1 3 4 5 5
6 6 123.58 1 3
4 5 5 5 7
141.02 1 3 4 5
5 5 6 125.76 1
3 4 5 5 5
5 123.7 1 3 4
4 7 7 7 139.08
1 3 4 4 6
7 7 141.73 1 3
4 4 6 6 7
145.33 1 3 4 4
6 6 6 122.71 1
3 4 4 5 7
7 140.98 1 3 4
4 5 6 7 142.05
1 3 4 4 5
6 6 128.38 1 3
4 4 5 5 7
145.26 1 3 4 4
5 5 6 124.21 1
3 4 4 5 5
5 126.71 1 3 4
4 4 7 7 142.35
1 3 4 4 4
6 7 144.61 1 3
4 4 4 6 6
126.22 1 3 4 4
4 5 7 144.29 1
3 4 4 4 5
6 130.31 1 3 4
4 4 5 5 124.27
1 3 4 4 4
4 7 139.72 1 3
4 4 4 4 6
122.93 1 3 4 4
4 4 5 125.15 1
3 4 4 4 4
4 104.13 1 3 3
7 7 7 7 122.21
1 3 3 6 7
7 7 122.84 1 3
3 6 6 7 7
123.22 1 3 3 6
6 6 7 123.14 1
3 3 6 6 6
6 107.12 1 3 3
5 7 7 7 126.27
1 3 3 5 6
7 7 125.76 1 3
3 5 6 6 7
127.3 1 3 3 5
6 6 6 107 1
3 3 5 5 7
7 126.23 1 3 3
5 5 6 7 125.61
1 3 3 5 5
6 6 107.54 1 3
3 5 5 5 7
127.22 1 3 3 5
5 5 6 89.14 1
3 3 5 5 5
5 121.24 1 3 3
4 7 7 7 138.86
1 3 3 4 6
7 7 140.89 1 3
3 4 6 6 7
141.4 1 3 3 4
6 6 6 124.81 1
3 3 4 5 7
7 143.19 1 3 3
4 5 6 7 143.82
1 3 3 4 5
6 6 124.79 1 3
3 4 5 5 7
142.94 1 3 3 4
5 5 6 126.79 1
3 3 4 5 5
5 122.98 1 3 3
4 4 7 7 140.84
1 3 3 4 4
6 7 142.01 1 3
3 4 4 6 6
126.17 1 3 3 4
4 5 7 145.05 1
3 3 4 4 5
6 125.71 1 3 3
4 4 5 5 126.27
1 3 3 4 4
4 7 143.59 1 3
3 4 4 4 6
128.49 1 3 3 4
4 4 5 123.03 1
3 3 4 4 4
4 110.88 1 3 3
3 7 7 7 127.01
1 3 3 3 6
7 7 126.43 1 3
3 3 6 6 7
129.16 1 3 3 3
6 6 6 107.43 1
3 3 3 5 7
7 126.28 1 3 3
3 5 6 7 122.79
1 3 3 3 5
6 6 110.79 1 3
3 3 5 5 7
130.34 1 3 3 3
5 5 6 91.31 1
3 3 3 5 5
5 127.9 1 3 3
3 4 7 7 144.25
1 3 3 3 4
6 7 143.58 1 3
3 3 4 6 6
125.12 1 3 3 3
4 5 7 143.89 1
3 3 3 4 5
6 128.51 1 3 3
3 4 5 5 129.5
1 3 3 3 4
4 7 146.73 1 3
3 3 4 4 6
125.95 1 3 3 3
4 4 5 132.81 1
3 3 3 4 4
4 107.52 1 3 3
3 3 7 7 123.14
1 3 3 3 3
6 7 123.57 1 3
3 3 3 6 6
107.83 1 3 3 3
3 5 7 124.66 1
3 3 3 3 5
6 91.68 1 3 3
3 3 5 5 124.66
1 3 3 3 3
4 7 140.79 1 3
3 3 3 4 6
126.61 1 3 3 3
3 4 5 126.74 1
3 3 3 3 4
4 106.61 1 3 3
3 3 3 7 125.53
1 3 3 3 3
3 6 89.6 1 3
3 3 3 3 5
125 1 3 3 3
3 3 4 88.92 1
3 3 3 3 3
3 105.3 1 2 7
7 7 7 7 120.96
1 2 6 7 7
7 7 124.27 1 2
6 6 7 7 7
126.62 1 2 6 6
6 7 7 124.25 1
2 6 6 6 6
7 125.02 1 2 6
6 6 6 6 121
1 2 5 7 7
7 7 137.59 1 2
5 6 7 7 7
139.3 1 2 5 6
6 7 7 142.82 1
2 5 6 6 6
7 140.98 1 2 5
6 6 6 6 123.32
1 2 5 5 7
7 7 140.12 1 2
5 5 6 7 7
142.54 1 2 5 5
6 6 7 145.32 1
2 5 5 6 6
6 126.68 1 2 5
5 5 7 7 143.72
1 2 5 5 5
6 7 144.43 1 2
5 5 5 6 6
124.1 1 2 5 5
5 5 7 139.44 1
2 5 5 5 5
6 124.85 1 2 5
5 5 5 5 103.92
1 2 4 7 7
7 7 121.74 1 2
4 6 7 7 7
123.12 1 2 4 6
6 7 7 126.09 1
2 4 6 6 6
7 124.31 1 2 4
6 6 6 6 122.79
1 2 4 5 7
7 7 140.15 1 2
4 5 6 7 7
140.28 1 2 4 5
6 6 7 144.68 1
2 4 5 6 6
6 123.11 1 2 4
5 5 7 7 141.18
1 2 4 5 5
6 7 140.88 1 2
4 5 5 6 6
125.88 1 2 4 5
5 5 7 143.37 1
2 4 5 5 5
6 122.95 1 2 4
5 5 5 5 109.69
1 2 4 4 7
7 7 127.55 1 2
4 4 6 7 7
127.71 1 2 4 4
6 6 7 131.02 1
2 4 4 6 6
6 126.42 1 2 4
4 5 7 7 143.84
1 2 4 4 5
6 7 145.91 1 2
4 4 5 6 6
128.68 1 2 4 4
5 5 7 144.74 1
2 4 4 5 5
6 130.39 1 2 4
4 5 5 5 105.62
1 2 4 4 4
7 7 124.06 1 2
4 4 4 6 7
125.39 1 2 4 4
4 6 6 124.23 1
2 4 4 4 5
7 140.88 1 2 4
4 4 5 6 124.06
1 2 4 4 4
5 5 106.75 1 2
4 4 4 4 7
125.29 1 2 4 4
4 4 6 124.51 1
2 4 4 4 4
5 87.32 1 2 4
4 4 4 4 152.83
1 2 3 7 7
7 7 155.18 1 2
3 6 7 7 7
158.67 1 2 3 6
6 7 7 156.06 1
2 3 6 6 6
7 157.5 1 2 3
6 6 6 6 154.77
1 2 3 5 7
7 7 154.82 1 2
3 5 6 7 7
159.25 1 2 3 5
6 6 7 156.79 1
2 3 5 6 6
6 158.7 1 2 3
5 5 7 7 159.64
1 2 3 5 5
6 7 163.38 1 2
3 5 5 6 6
155.6 1 2 3 5
5 5 7 155.92 1
2 3 5 5 5
6 157.69 1 2 3
5 5 5 5 154.42
1 2 3 4 7
7 7 154.91 1 2
3 4 6 7 7
159.43 1 2 3 4
6 6 7 158.57 1
2 3 4 6 6
6 154.9 1 2 3
4 5 7 7 155.02
1 2 3 4 5
6 7 159.38 1 2
3 4 5 6 6
160.11 1 2 3 4
5 5 7 160.14 1
2 3 4 5 5
6 155.89 1 2 3
4 5 5 5 158.79
1 2 3 4 4
7 7 159.11 1 2
3 4 4 6 7
164.5 1 2 3 4
4 6 6 159.68 1
2 3 4 4 5
7 159.22 1 2 3
4 4 5 6 163.52
1 2 3 4 4
5 5 154.88 1 2
3 4 4 4 7
157.47 1 2 3 4
4 4 6 156.71 1
2 3 4 4 4
5 156.8 1 2 3
4 4 4 4 153.4
1 2 3 3 7
7 7 158.35 1 2
3 3 6 7 7
158.73 1 2 3 3
6 6 7 158.53 1
2 3 3 6 6
6 157.65 1 2 3
3 5 7 7 161.36
1 2 3 3 5
6 7 160.61 1 2
3 3 5 6 6
157.7 1 2 3 3
5 5 7 161.79 1
2 3 3 5 5
6 157.73 1 2 3
3 5 5 5 153.17
1 2 3 3 4
7 7 157.46 1 2
3 3 4 6 7
157.92 1 2 3 3
4 6 6 157.83 1
2 3 3 4 5
7 161.1 1 2 3
3 4 5 6 157.42
1 2 3 3 4
5 5 157.68 1 2
3 3 4 4 7
161.82 1 2 3 3
4 4 6 162.37 1
2 3 3 4 4
5 154.02 1 2 3
3 4 4 4 162.15
1 2 3 3 3
7 7 161.23 1 2
3 3 3 6 7
163.96 1 2 3 3
3 6 6 160.52 1
2 3 3 3 5
7 158.83 1 2 3
3 3 5 6 163.77
1 2 3 3 3
5 5 161.75 1 2
3 3 3 4 7
161.23 1 2 3 3
3 4 6 160.86 1
2 3 3 3 4
5 166.46 1 2 3
3 3 4 4 158.46
1 2 3 3 3
3 7 157.85 1 2
3 3 3 3 6
159.93 1 2 3 3
3 3 5 158.26 1
2 3 3 3 3
4 160.46 1 2 3
3 3 3 3 104.23
1 2 2 7 7
7 7 121.44 1 2
2 6 7 7 7
123.02 1 2 2 6
6 7 7 123.23 1
2 2 6 6 6
7 123.18 1 2 2
6 6 6 6 122.41
1 2 2 5 7
7 7 138.94 1 2
2 5 6 7 7
140.11 1 2 2 5
6 6 7 142 1
2 2 5 6 6
6 123.1 1 2 2
5 5 7 7 140.92
1 2 2 5 5
6 7 141.92 1 2
2 5 5 6 6
126.2 1 2 2 5
5 5 7 143.28 1
2 2 5 5 5
6 122.84 1 2 2
5 5 5 5 107.64
1 2 2 4 7
7 7 126.24 1 2
2 4 6 7 7
126.71 1 2 2 4
6 6 7 125.66 1
2 2 4 6 6
6 125.36 1 2 2
4 5 7 7 144.23
1 2 2 4 5
6 7 143.83 1 2
2 4 5 6 6
125.81 1 2 2 4
5 5 7 146.11 1
2 2 4 5 5
6 129.48 1 2 2
4 5 5 5 107.35
1 2 2 4 4
7 7 126.26 1 2
2 4 4 6 7
125.79 1 2 2 4
4 6 6 124.8 1
2 2 4 4 5
7 144.01 1 2 2
4 4 5 6 126.07
1 2 2 4 4
5 5 108.56 1 2
2 4 4 4 7
126.31 1 2 2 4
4 4 6 125.6 1
2 2 4 4 4
5 89 1 2 2
4 4 4 4 153.1
1 2 2 3 7
7 7 158.45 1 2
2 3 6 7 7
157.55 1 2 2 3
6 6 7 158.68 1
2 2 3 6 6
6 152.84 1 2 2
3 5 7 7 157.51
1 2 2 3 5
6 7 157.44 1 2
2 3 5 6 6
158.57 1 2 2 3
5 5 7 162.42 1
2 2 3 5 5
6 155.53 1 2 2
3 5 5 5 157.95
1 2 2 3 4
7 7 161.09 1 2
2 3 4 6 7
160.77 1 2 2 3
4 6 6 159.08 1
2 2 3 4 5
7 161.15 1 2 2
3 4 5 6 162.12
1 2 2 3 4
5 5 157.88 1 2
2 3 4 4 7
161.3 1 2 2 3
4 4 6 157.23 1
2 2 3 4 4
5 158.8 1 2 2
3 4 4 4 154.34
1 2 2 3 3
7 7 158.74 1 2
2 3 3 6 7
157.43 1 2 2 3
3 6 6 157.84 1
2 2 3 3 5
7 160.82 1 2 2
3 3 5 6 157.2
1 2 2 3 3
5 5 158.16 1 2
2 3 3 4 7
160 1 2 2 3
3 4 6 161.47 1
2 2 3 3 4
5 157.22 1 2 2
3 3 4 4 161.38
1 2 2 3 3
3 7 163.95 1 2
2 3 3 3 6
157.77 1 2 2 3
3 3 5 163.12 1
2 2 3 3 3
4 157.79 1 2 2
3 3 3 3 110.28
1 2 2 2 7
7 7 128.02 1 2
2 2 6 7 7
126.7 1 2 2 2
6 6 7 130.17 1
2 2 2 6 6
6 128.09 1 2 2
2 5 7 7 144.12
1 2 2 2 5
6 7 143.33 1 2
2 2 5 6 6
129.79 1 2 2 2
5 5 7 146.82 1
2 2 2 5 5
6 132.14 1 2 2
2 5 5 5 107.57
1 2 2 2 4
7 7 126.73 1 2
2 2 4 6 7
123.35 1 2 2 2
4 6 6 124.81 1
2 2 2 4 5
7 144.05 1 2 2
2 4 5 6 126.72
1 2 2 2 4
5 5 110.36 1 2
2 2 4 4 7
129.77 1 2 2 2
4 4 6 128.46 1
2 2 2 4 4
5 91.57 1 2 2
2 4 4 4 162.81
1 2 2 2 3
7 7 160.76 1 2
2 2 3 6 7
164.72 1 2 2 2
3 6 6 161.87 1
2 2 2 3 5
7 160.72 1 2 2
2 3 5 6 167.1
1 2 2 2 3
5 5 161.2 1 2
2 2 3 4 7
158.1 1 2 2 2
3 4 6 161.44 1
2 2 2 3 4
5 164.91 1 2 2
2 3 4 4 160.56
1 2 2 2 3
3 7 162.99 1 2
2 2 3 3 6
163.97 1 2 2 2
3 3 5 157.24 1
2 2 2 3 3
4 169.83 1 2 2
2 3 3 3 107.74
1 2 2 2 2
7 7 123.4 1 2
2 2 2 6 7
123.17 1 2 2 2
2 6 6 124.25 1
2 2 2 2 5
7 141.19 1 2 2
2 2 5 6 125.61
1 2 2 2 2
5 5 108.9 1 2
2 2 2 4 7
123.88 1 2 2 2
2 4 6 125.48 1
2 2 2 2 4
5 91.92 1 2 2
2 2 4 4 159.05
1 2 2 2 2
3 7 158.6 1 2
2 2 2 3 6
157.06 1 2 2 2
2 3 5 158.65 1
2 2 2 2 3
4 157.08 1 2 2
2 2 3 3 107.06
1 2 2 2 2
2 7 125.33 1 2
2 2 2 2 6
124.49 1 2 2 2
2 2 5 89.19 1
2 2 2 2 2
4 160.45 1 2 2
2 2 2 3 89.21
1 2 2 2 2
2 2 69.53 1 1
7 7 7 7 7
89.26 1 1 6 7
7 7 7 89.2 1
1 6 6 7 7
7 92.05 1 1 6
6 6 7 7 92.04
1 1 6 6 6
6 7 89.72 1 1
6 6 6 6 6
88.75 1 1 5 7
7 7 7 107.22 1
1 5 6 7 7
7 107.83 1 1 5
6 6 7 7 110.29
1 1 5 6 6
6 7 110.59 1 1
5 6 6 6 6
88.74 1 1 5 5
7 7 7 107.47 1
1 5 5 6 7
7 107.58 1 1 5
5 6 6 7 111.06
1 1 5 5 6
6 6 87.96 1 1
5 5 5 7 7
108.45 1 1 5 5
5 6 7 107.59 1
1 5 5 5 6
6 88.08 1 1 5
5 5 5 7 108.48
1 1 5 5 5
5 6 69.45 1 1
5 5 5 5 5
88.63 1 1 4 7
7 7 7 108.06 1
1 4 6 7 7
7 108.49 1 1 4
6 6 7 7 110.27
1 1 4 6 6
6 7 110.11 1 1
4 6 6 6 6
105.2 1 1 4 5
7 7 7 124.53 1
1 4 5 6 7
7 125.06 1 1 4
5 6 6 7 128.77
1 1 4 5 6
6 6 107.18 1 1
4 5 5 7 7
126.38 1 1 4 5
5 6 7 126.78 1
1 4 5 5 6
6 106.96 1 1 4
5 5 5 7 126.53
1 1 4 5 5
5 6 107.42 1 1
4 5 5 5 5
88.57 1 1 4 4
7 7 7 106.71 1
1 4 4 6 7
7 107.51 1 1 4
4 6 6 7 110.88
1 1 4 4 6
6 6 106.91 1 1
4 4 5 7 7
126.44 1 1 4 4
5 6 7 126.64 1
1 4 4 5 6
6 107.21 1 1 4
4 5 5 7 126.69
1 1 4 4 5
5 6 107.16 1 1
4 4 5 5 5
88.46 1 1 4 4
4 7 7 107.62 1
1 4 4 4 6
7 107.81 1 1 4
4 4 6 6 107.49
1 1 4 4 4
5 7 127.22 1 1
4 4 4 5 6
106.55 1 1 4 4
4 5 5 88.38 1
1 4 4 4 4
7 108.13 1 1 4
4 4 4 6 107.24
1 1 4 4 4
4 5 69.38 1 1
4 4 4 4 4
104.65 1 1 3 7
7 7 7 122.29 1
1 3 6 7 7
7 122.81 1 1 3
6 6 7 7 126.64
1 1 3 6 6
6 7 123.71 1 1
3 6 6 6 6
107.54 1 1 3 5
7 7 7 124.65 1
1 3 5 6 7
7 127.01 1 1 3
5 6 6 7 129.48
1 1 3 5 6
6 6 107.48 1 1
3 5 5 7 7
124.96 1 1 3 5
5 6 7 125.44 1
1 3 5 5 6
6 108.01 1 1 3
5 5 5 7 125.7
1 1 3 5 5
5 6 89.49 1 1
3 5 5 5 5
122.74 1 1 3 4
7 7 7 139.71 1
1 3 4 6 7
7 140.96 1 1 3
4 6 6 7 143.34
1 1 3 4 6
6 6 126.1 1 1
3 4 5 7 7
144.27 1 1 3 4
5 6 7 144 1
1 3 4 5 6
6 125.89 1 1 3
4 5 5 7 143.01
1 1 3 4 5
5 6 126.37 1 1
3 4 5 5 5
123.51 1 1 3 4
4 7 7 140.36 1
1 3 4 4 6
7 142.09 1 1 3
4 4 6 6 126.36
1 1 3 4 4
5 7 144.01 1 1
3 4 4 5 6
126.09 1 1 3 4
4 5 5 123.27 1
1 3 4 4 4
7 141.14 1 1 3
4 4 4 6 126.23
1 1 3 4 4
4 5 123.28 1 1
3 4 4 4 4
104.27 1 1 3 3
7 7 7 122.92 1
1 3 3 6 7
7 123.72 1 1 3
3 6 6 7 123.37
1 1 3 3 6
6 6 107.42 1 1
3 3 5 7 7
126.61 1 1 3 3
5 6 7 125.98 1
1 3 3 5 6
6 107.33 1 1 3
3 5 5 7 126.42
1 1 3 3 5
5 6 89.1 1 1
3 3 5 5 5
122.68 1 1 3 3
4 7 7 142.18 1
1 3 3 4 6
7 142.66 1 1 3
3 4 6 6 126.87
1 1 3 3 4
5 7 145.17 1 1
3 3 4 5 6
125.38 1 1 3 3
4 5 5 123.03 1
1 3 3 4 4
7 141.77 1 1 3
3 4 4 6 125.43
1 1 3 3 4
4 5 122.72 1 1
3 3 4 4 4
107.2 1 1 3 3
3 7 7 126.52 1
1 3 3 3 6
7 124.01 1 1 3
3 3 6 6 110.46
1 1 3 3 3
5 7 129.12 1 1
3 3 3 5 6
91.36 1 1 3 3
3 5 5 125.9 1
1 3 3 3 4
7 144.94 1 1 3
3 3 4 6 128.79
1 1 3 3 3
4 5 126.6 1 1
3 3 3 4 4
107.41 1 1 3 3
3 3 7 124 1
1 3 3 3 3
6 92.04 1 1 3
3 3 3 5 126.61
1 1 3 3 3
3 4 89.42 1 1
3 3 3 3 3
105.04 1 1 2 7
7 7 7 122.28 1
1 2 6 7 7
7 123.49 1 1 2
6 6 7 7 126.57
1 1 2 6 6
6 7 123.91 1 1
2 6 6 6 6
121.8 1 1 2 5
7 7 7 140.26 1
1 2 5 6 7
7 140.65 1 1 2
5 6 6 7 143.04
1 1 2 5 6
6 6 122.85 1 1
2 5 5 7 7
140.45 1 1 2 5
5 6 7 142.31 1
1 2 5 5 6
6 123.64 1 1 2
5 5 5 7 140.31
1 1 2 5 5
5 6 123.57 1 1
2 5 5 5 5
107.73 1 1 2 4
7 7 7 124.56 1
1 2 4 6 7
7 125.65 1 1 2
4 6 6 7 129.79
1 1 2 4 6
6 6 126.3 1 1
2 4 5 7 7
144.24 1 1 2 4
5 6 7 144.8 1
1 2 4 5 6
6 126.1 1 1 2
4 5 5 7 142.95
1 1 2 4 5
5 6 125.86 1 1
2 4 5 5 5
107.9 1 1 2 4
4 7 7 124.83 1
1 2 4 4 6
7 125.51 1 1 2
4 4 6 6 126.22
1 1 2 4 4
5 7 143.6 1 1
2 4 4 5 6
125.88 1 1 2 4
4 5 5 107.08 1
1 2 4 4 4
7 125.49 1 1 2
4 4 4 6 126.43
1 1 2 4 4
4 5 89.16 1 1
2 4 4 4 4
154.03 1 1 2 3
7 7 7 153.03 1
1 2 3 6 7
7 158.63 1 1 2
3 6 6 7 154.03
1 1 2 3 6
6 6 157.74 1 1
2 3 5 7 7
158.65 1 1 2 3
5 6 7 162.98 1
1 2 3 5 6
6 158.81 1 1 2
3 5 5 7 157.63
1 1 2 3 5
5 6 158.19 1 1
2 3 5 5 5
158.65 1 1 2 3
4 7 7 158.52 1
1 2 3 4 6
7 163.08 1 1 2
3 4 6 6 161.55
1 1 2 3 4
5 7 160.8 1 1
2 3 4 5 6
161.64 1 1 2 3
4 5 5 157.94 1
1 2 3 4 4
7 158.16 1 1 2
3 4 4 6 160.21
1 1 2 3 4
4 5 159.86 1 1
2 3 4 4 4
154.04 1 1 2 3
3 7 7 156.94 1
1 2 3 3 6
7 156.85 1 1 2
3 3 6 6 157.72
1 1 2 3 3
5 7 161.14 1 1
2 3 3 5 6
157.62 1 1 2 3
3 5 5 157.87 1
1 2 3 3 4
7 161.08 1 1 2
3 3 4 6 161.05
1 1 2 3 3
4 5 158.18 1 1
2 3 3 4 4
161.62 1 1 2 3
3 3 7 157.14 1
1 2 3 3 3
6 163.74 1 1 2
3 3 3 5 163.61
1 1 2 3 3
3 4 157.84 1 1
2 3 3 3 3
104.46 1 1 2 2
7 7 7 123.23 1
1 2 2 6 7
7 123.51 1 1 2
2 6 6 7 123.46
1 1 2 2 6
6 6 123.7 1 1
2 2 5 7 7
141.94 1 1 2 2
5 6 7 141.91 1
1 2 2 5 6
6 123.42 1 1 2
2 5 5 7 141.78
1 1 2 2 5
5 6 123.79 1 1
2 2 5 5 5
107.03 1 1 2 2
4 7 7 126.29 1
1 2 2 4 6
7 125.67 1 1 2
2 4 6 6 126.52
1 1 2 2 4
5 7 144.25 1 1
2 2 4 5 6
125.59 1 1 2 2
4 5 5 107.06 1
1 2 2 4 4
7 126.91 1 1 2
2 4 4 6 126.21
1 1 2 2 4
4 5 89.66 1 1
2 2 4 4 4
154.33 1 1 2 2
3 7 7 158.86 1
1 2 2 3 6
7 157.04 1 1 2
2 3 6 6 158.58
1 1 2 2 3
5 7 161.05 1 1
2 2 3 5 6
157.88 1 1 2 2
3 5 5 158.09 1
1 2 2 3 4
7 161.04 1 1 2
2 3 4 6 161.15
1 1 2 2 3
4 5 157.81 1 1
2 2 3 4 4
154.03 1 1 2 2
3 3 7 157.89 1
1 2 2 3 3
6 157.54 1 1 2
2 3 3 5 156.96
1 1 2 2 3
3 4 158.07 1 1
2 2 3 3 3
107.46 1 1 2 2
2 7 7 126.3 1
1 2 2 2 6
7 123.5 1 1 2
2 2 6 6 126.44
1 1 2 2 2
5 7 144.98 1 1
2 2 2 5 6
125.74 1 1 2 2
2 5 5 109.97 1
1 2 2 2 4
7 129.28 1 1 2
2 2 4 6 128.22
1 1 2 2 2
4 5 92.03 1 1
2 2 2 4 4
161.07 1 1 2 2
2 3 7 157.7 1
1 2 2 2 3
6 163.88 1 1 2
2 2 3 5 162.42
1 1 2 2 2
3 4 157.97 1 1
2 2 2 3 3
107.39 1 1 2 2
2 2 7 123.93 1
1 2 2 2 2
6 125.61 1 1 2
2 2 2 5 91.95
1 1 2 2 2
2 4 157.94 1 1
2 2 2 2 3
89.23 1 1 2 2
2 2 2 72.18 1
1 1 7 7 7
7 91.69 1 1 1
6 7 7 7 91.87
1 1 1 6 6
7 7 94.34 1 1
1 6 6 6 7
94.39 1 1 1 6
6 6 6 90.81 1
1 1 5 7 7
7 110.15 1 1 1
5 6 7 7 110.27
1 1 1 5 6
6 7 113.17 1 1
1 5 6 6 6
87.79 1 1 1 5
5 7 7 108.14 1
1 1 5 5 6
7 107.54 1 1 1
5 5 6 6 91.32
1 1 1 5 5
5 7 110.4 1 1
1 5 5 5 6
72.18 1 1 1 5
5 5 5 91.16 1
1 1 4 7 7
7 110.33 1 1 1
4 6 7 7 110.53
1 1 1 4 6
6 7 113.68 1 1
1 4 6 6 6
108.92 1 1 1 4
5 7 7 127.19 1
1 1 4 5 6
7 128.56 1 1 1
4 5 6 6 107.31
1 1 1 4 5
5 7 125.74 1 1
1 4 5 5 6
110.23 1 1 1 4
5 5 5 88.23 1
1 1 4 4 7
7 107.55 1 1 1
4 4 6 7 108.75
1 1 1 4 4
6 6 107.3 1 1
1 4 4 5 7
126.14 1 1 1 4
4 5 6 104.75 1
1 1 4 4 5
5 90.69 1 1 1
4 4 4 7 110.6
1 1 1 4 4
4 6 110.58 1 1
1 4 4 4 5
72.13 1 1 1 4
4 4 4 110.66 1
1 1 3 7 7
7 127.18 1 1 1
3 6 7 7 128.78
1 1 1 3 6
6 7 131.98 1 1
1 3 6 6 6
107.02 1 1 1 3
5 7 7 124.67 1
1 1 3 5 6
7 126.04 1 1 1
3 5 6 6 110.78
1 1 1 3 5
5 7 128.08 1 1
1 3 5 5 6
91.8 1 1 1 3
5 5 5 127.85 1
1 1 3 4 7
7 144.72 1 1 1
3 4 6 7 145.84
1 1 1 3 4
6 6 126.1 1 1
1 3 4 5 7
142.71 1 1 1 3
4 5 6 129.79 1
1 1 3 4 5
5 126.34 1 1 1
3 4 4 7 143.93
1 1 1 3 4
4 6 123.27 1 1
1 3 4 4 5
129.53 1 1 1 3
4 4 4 107.46 1
1 1 3 3 7
7 125.86 1 1 1
3 3 6 7 125.75
1 1 1 3 3
6 6 109.98 1 1
1 3 3 5 7
128.56 1 1 1 3
3 5 6 91.94 1
1 1 3 3 5
5 125.6 1 1 1
3 3 4 7 145.29
1 1 1 3 3
4 6 129.53 1 1
1 3 3 4 5
122.69 1 1 1 3
3 4 4 113.29 1
1 1 3 3 3
7 132.02 1 1 1
3 3 3 6 94.19
1 1 1 3 3
3 5 132.58 1 1
1 3 3 3 4
94.25 1 1 1 3
3 3 3 110.67 1
1 1 2 7 7
7 127.85 1 1 1
2 6 7 7 128.93
1 1 1 2 6
6 7 132.83 1 1
1 2 6 6 6
127.96 1 1 1 2
5 7 7 145.28 1
1 1 2 5 6
7 146.27 1 1 1
2 5 6 6 126.68
1 1 1 2 5
5 7 143.7 1 1
1 2 5 5 6
129.53 1 1 1 2
5 5 5 107.02 1
1 1 2 4 7
7 125.71 1 1 1
2 4 6 7 125.72
1 1 1 2 4
6 6 126.93 1 1
1 2 4 5 7
144.75 1 1 1 2
4 5 6 122.84 1
1 1 2 4 5
5 110.68 1 1 1
2 4 4 7 128.79
1 1 1 2 4
4 6 129.28 1 1
1 2 4 4 5
91.45 1 1 1 2
4 4 4 162.28 1
1 1 2 3 7
7 161.93 1 1 1
2 3 6 7 166.37
1 1 1 2 3
6 6 160.43 1 1
1 2 3 5 7
159.82 1 1 1 2
3 5 6 163.9 1
1 1 2 3 5
5 161.45 1 1 1
2 3 4 7 160.32
1 1 1 2 3
4 6 157.78 1 1
1 2 3 4 5
164.3 1 1 1 2
3 4 4 161.09 1
1 1 2 3 3
7 164.25 1 1 1
2 3 3 6 163.3
1 1 1 2 3
3 5 157.95 1 1
1 2 3 3 4
170.04 1 1 1 2
3 3 3 107.22 1
1 1 2 2 7
7 125.67 1 1 1
2 2 6 7 125.77
1 1 1 2 2
6 6 126.54 1 1
1 2 2 5 7
145.27 1 1 1 2
2 5 6 122.85 1
1 1 2 2 5
5 110.46 1 1 1
2 2 4 7 128.25
1 1 1 2 2
4 6 129.29 1 1
1 2 2 4 5
92.16 1 1 1 2
2 4 4 161.03 1
1 1 2 2 3
7 163.47 1 1 1
2 2 3 6 158.45
1 1 1 2 2
3 5 163.19 1 1
1 2 2 3 4
158.41 1 1 1 2
2 3 3 112.87 1
1 1 2 2 2
7 131.78 1 1 1
2 2 2 6 131.8
1 1 1 2 2
2 5 94.49 1 1
1 2 2 2 4
170.85 1 1 1 2
2 2 3 94.15 1
1 1 2 2 2
2 72.04 1 1 1
1 7 7 7 91.85
1 1 1 1 6
7 7 91.64 1 1
1 1 6 6 7
94.73 1 1 1 1
6 6 6 88.43 1
1 1 1 5 7
7 107.19 1 1 1
1 5 6 7 108.37
1 1 1 1 5
6 6 88.92 1 1
1 1 5 5 7
107.4 1 1 1 1
5 5 6 72.24 1
1 1 1 5 5
5 88.62 1 1 1
1 4 7 7 107.47
1 1 1 1 4
6 7 108.58 1 1
1 1 4 6 6
104.26 1 1 1 1
4 5 7 123.68 1
1 1 1 4 5
6 104.6 1 1 1
1 4 5 5 88.83
1 1 1 1 4
4 7 108.43 1 1
1 1 4 4 6
104.41 1 1 1 1
4 4 5 72.26 1
1 1 1 4 4
4 107.92 1 1 1
1 3 7 7 125.06
1 1 1 1 3
6 7 125.44 1 1
1 1 3 6 6
107.53 1 1 1 1
3 5 7 125.22 1
1 1 1 3 5
6 91.78 1 1 1
1 3 5 5 123.04
1 1 1 1 3
4 7 140.89 1 1
1 1 3 4 6
123.91 1 1 1 1
3 4 5 123.14 1
1 1 1 3 4
4 107.38 1 1 1
1 3 3 7 126.08
1 1 1 1 3
3 6 91.69 1 1
1 1 3 3 5
122.72 1 1 1 1
3 3 4 94.86 1
1 1 1 3 3
3 107.15 1 1 1
1 2 7 7 124.55
1 1 1 1 2
6 7 126.42 1 1
1 1 2 6 6
122.63 1 1 1 1
2 5 7 141.65 1
1 1 1 2 5
6 123.13 1 1 1
1 2 5 5 108.41
1 1 1 1 2
4 7 125.83 1 1
1 1 2 4 6
124.44 1 1 1 1
2 4 5 91.94 1
1 1 1 2 4
4 157.25 1 1 1
1 2 3 7 157.72
1 1 1 1 2
3 6 158.52 1 1
1 1 2 3 5
159.06 1 1 1 1
2 3 4 157.08 1
1 1 1 2 3
3 107 1 1 1
1 2 2 7 125.72
1 1 1 1 2
2 6 122.98 1 1
1 1 2 2 5
91.23 1 1 1 1
2 2 4 156.81 1
1 1 1 2 2
3 94.16 1 1 1
1 2 2 2 69.82
1 1 1 1 1
7 7 89.77 1 1
1 1 1 6 7
89.26 1 1 1 1
1 6 6 87.34 1
1 1 1 1 5
7 107.43 1 1 1
1 1 5 6 69.06
1 1 1 1 1
5 5 86.73 1 1
1 1 1 4 7
106.91 1 1 1 1
1 4 6 104.9 1
1 1 1 1 4
5 69.63 1 1 1
1 1 4 4 107.06
1 1 1 1 1
3 7 124.53 1 1
1 1 1 3 6
89.18 1 1 1 1
1 3 5 125.09 1
1 1 1 1 3
4 89.03 1 1 1
1 1 3 3 107.02
1 1 1 1 1
2 7 125.16 1 1
1 1 1 2 6
124.93 1 1 1 1
1 2 5 89.2 1
1 1 1 1 2
4 161.37 1 1 1
1 1 2 3 89.46
1 1 1 1 1
2 2 69.24 1 1
1 1 1 1 7
88.7 1 1 1 1
1 1 6 69.5 1
1 1 1 1 1
5 69.51 1 1 1
1 1 1 4 89.59
1 1 1 1 1
1 3 89.28 1 1
1 1 1 1 2
49.86 1 1 1 1
1 1 1
