50 7 7 7 7
7 74.53 6 7 7
7 7 74.51 6 6
7 7 7 74.54 6
6 6 7 7 74.57
6 6 6 6 7
50 6 6 6 6
6 74.57 5 7 7
7 7 98.61 5 6
7 7 7 98.97 5
6 6 7 7 99.03
5 6 6 6 7
98.99 5 6 6 6
6 74.47 5 5 7
7 7 98.99 5 5
6 7 7 98.96 5
5 6 6 7 98.85
5 5 6 6 6
74.29 5 5 5 7
7 99.02 5 5 5
6 7 98.92 5 5
5 6 6 74.38 5
5 5 5 7 99.07
5 5 5 5 6
50 5 5 5 5
5 74.44 4 7 7
7 7 98.7 4 6
7 7 7 98.98 4
6 6 7 7 99.03
4 6 6 6 7
98.93 4 6 6 6
6 98.71 4 5 7
7 7 122.9 4 5
6 7 7 123.25 4
5 6 6 7 122.94
4 5 6 6 6
98.87 4 5 5 7
7 123.25 4 5 5
6 7 123.16 4 5
5 6 6 98.94 4
5 5 5 7 123.23
4 5 5 5 6
99.01 4 5 5 5
5 74.5 4 4 7
7 7 98.93 4 4
6 7 7 98.86 4
4 6 6 7 98.97
4 4 6 6 6
99.03 4 4 5 7
7 123.22 4 4 5
6 7 123.43 4 4
5 6 6 98.95 4
4 5 5 7 123.54
4 4 5 5 6
98.95 4 4 5 5
5 74.55 4 4 4
7 7 98.92 4 4
4 6 7 99.17 4
4 4 6 6 98.89
4 4 4 5 7
123.27 4 4 4 5
6 98.79 4 4 4
5 5 74.5 4 4
4 4 7 99.04 4
4 4 4 6 98.91
4 4 4 4 5
50 4 4 4 4
4 74.49 3 7 7
7 7 98.6 3 6
7 7 7 98.62 3
6 6 7 7 98.7
3 6 6 6 7
74.43 3 6 6 6
6 98.59 3 5 7
7 7 122.69 3 5
6 7 7 122.71 3
5 6 6 7 123.23
3 5 6 6 6
98.48 3 5 5 7
7 122.55 3 5 5
6 7 122.53 3 5
5 6 6 99.17 3
5 5 5 7 123.12
3 5 5 5 6
74.52 3 5 5 5
5 98.7 3 4 7
7 7 122.69 3 4
6 7 7 122.82 3
4 6 6 7 123.13
3 4 6 6 6
122.91 3 4 5 7
7 146.99 3 4 5
6 7 147.09 3 4
5 6 6 122.86 3
4 5 5 7 146.93
3 4 5 5 6
123.35 3 4 5 5
5 99.04 3 4 4
7 7 123.11 3 4
4 6 7 123.11 3
4 4 6 6 123.37
3 4 4 5 7
147.15 3 4 4 5
6 123.05 3 4 4
5 5 98.88 3 4
4 4 7 123.29 3
4 4 4 6 123.06
3 4 4 4 5
98.85 3 4 4 4
4 74.53 3 3 7
7 7 98.54 3 3
6 7 7 98.48 3
3 6 6 7 74.37
3 3 6 6 6
98.61 3 3 5 7
7 122.46 3 3 5
6 7 122.49 3 3
5 6 6 98.49 3
3 5 5 7 122.73
3 3 5 5 6
74.52 3 3 5 5
5 98.96 3 3 4
7 7 123.02 3 3
4 6 7 122.84 3
3 4 6 6 123.09
3 3 4 5 7
146.95 3 3 4 5
6 123.04 3 3 4
5 5 98.86 3 3
4 4 7 123.15 3
3 4 4 6 123.03
3 3 4 4 5
98.91 3 3 4 4
4 74.4 3 3 3
7 7 98.72 3 3
3 6 7 74.41 3
3 3 6 6 98.81
3 3 3 5 7
123.09 3 3 3 5
6 74.52 3 3 3
5 5 99.05 3 3
3 4 7 123.17 3
3 3 4 6 123.01
3 3 3 4 5
98.69 3 3 3 4
4 74.42 3 3 3
3 7 74.58 3 3
3 3 6 74.57 3
3 3 3 5 98.97
3 3 3 3 4
50 3 3 3 3
3 74.43 2 7 7
7 7 98.82 2 6
7 7 7 98.68 2
6 6 7 7 98.88
2 6 6 6 7
74.38 2 6 6 6
6 98.82 2 5 7
7 7 123.22 2 5
6 7 7 122.75 2
5 6 6 7 123.35
2 5 6 6 6
99.04 2 5 5 7
7 123.12 2 5 5
6 7 122.99 2 5
5 6 6 98.94 2
5 5 5 7 123.16
2 5 5 5 6
99.07 2 5 5 5
5 98.84 2 4 7
7 7 122.53 2 4
6 7 7 122.63 2
4 6 6 7 123.24
2 4 6 6 6
123.01 2 4 5 7
7 147.4 2 4 5
6 7 146.91 2 4
5 6 6 123 2
4 5 5 7 147.13
2 4 5 5 6
123.27 2 4 5 5
5 98.36 2 4 4
7 7 122.81 2 4
4 6 7 122.55 2
4 4 6 6 122.86
2 4 4 5 7
146.64 2 4 4 5
6 122.92 2 4 4
5 5 98.93 2 4
4 4 7 123.03 2
4 4 4 6 123.48
2 4 4 4 5
74.46 2 4 4 4
4 122.71 2 3 7
7 7 122.46 2 3
6 7 7 123.44 2
3 6 6 7 98.76
2 3 6 6 6
147.22 2 3 5 7
7 146.66 2 3 5
6 7 147.6 2 3
5 6 6 146.93 2
3 5 5 7 146.64
2 3 5 5 6
147.54 2 3 5 5
5 146.73 2 3 4
7 7 146.64 2 3
4 6 7 147.35 2
3 4 6 6 170.99
2 3 4 5 7
171.15 2 3 4 5
6 170.98 2 3 4
5 5 147.02 2 3
4 4 7 146.43 2
3 4 4 6 170.59
2 3 4 4 5
147.44 2 3 4 4
4 122.83 2 3 3
7 7 123.11 2 3
3 6 7 98.89 2
3 3 6 6 146.55
2 3 3 5 7
146.88 2 3 3 5
6 146.74 2 3 3
5 5 146.57 2 3
3 4 7 147.26 2
3 3 4 6 170.55
2 3 3 4 5
146.63 2 3 3 4
4 123.3 2 3 3
3 7 98.93 2 3
3 3 6 147.53 2
3 3 3 5 147.64
2 3 3 3 4
99.07 2 3 3 3
3 74.46 2 2 7
7 7 98.54 2 2
6 7 7 98.52 2
2 6 6 7 74.47
2 2 6 6 6
99.07 2 2 5 7
7 123.08 2 2 5
6 7 123.13 2 2
5 6 6 99.06 2
2 5 5 7 122.98
2 2 5 5 6
99.03 2 2 5 5
5 98.54 2 2 4
7 7 122.59 2 2
4 6 7 122.57 2
2 4 6 6 123
2 2 4 5 7
147.06 2 2 4 5
6 122.98 2 2 4
5 5 98.44 2 2
4 4 7 122.59 2
2 4 4 6 123.01
2 2 4 4 5
74.5 2 2 4 4
4 122.66 2 2 3
7 7 122.97 2 2
3 6 7 98.84 2
2 3 6 6 146.7
2 2 3 5 7
147.36 2 2 3 5
6 146.56 2 2 3
5 5 146.47 2 2
3 4 7 146.77 2
2 3 4 6 170.9
2 2 3 4 5
146.4 2 2 3 4
4 122.57 2 2 3
3 7 98.95 2 2
3 3 6 146.62 2
2 3 3 5 146.5
2 2 3 3 4
98.9 2 2 3 3
3 74.52 2 2 2
7 7 98.7 2 2
2 6 7 74.51 2
2 2 6 6 98.92
2 2 2 5 7
123.18 2 2 2 5
6 99.01 2 2 2
5 5 98.85 2 2
2 4 7 122.81 2
2 2 4 6 122.81
2 2 2 4 5
74.37 2 2 2 4
4 123.17 2 2 2
3 7 99.04 2 2
2 3 6 147.32 2
2 2 3 5 147.61
2 2 2 3 4
99.02 2 2 2 3
3 74.58 2 2 2
2 7 74.52 2 2
2 2 6 98.98 2
2 2 2 5 74.57
2 2 2 2 4
98.93 2 2 2 2
3 50 2 2 2
2 2 74.47 1 7
7 7 7 98.79 1
6 7 7 7 98.87
1 6 6 7 7
98.99 1 6 6 6
7 98.99 1 6 6
6 6 98.73 1 5
7 7 7 123.11 1
5 6 7 7 123.21
1 5 6 6 7
123.25 1 5 6 6
6 98.46 1 5 5
7 7 122.84 1 5
5 6 7 123.04 1
5 5 6 6 98.98
1 5 5 5 7
123.04 1 5 5 5
6 74.62 1 5 5
5 5 98.66 1 4
7 7 7 122.97 1
4 6 7 7 123.2
1 4 6 6 7
123.17 1 4 6 6
6 122.81 1 4 5
7 7 146.75 1 4
5 6 7 147.21 1
4 5 6 6 122.83
1 4 5 5 7
146.74 1 4 5 5
6 123.24 1 4 5
5 5 98.7 1 4
4 7 7 122.73 1
4 4 6 7 123.2
1 4 4 6 6
122.86 1 4 4 5
7 147.11 1 4 4
5 6 122.47 1 4
4 5 5 99.04 1
4 4 4 7 123.3
1 4 4 4 6
123.26 1 4 4 4
5 74.55 1 4 4
4 4 122.95 1 3
7 7 7 147.36 1
3 6 7 7 147.14
1 3 6 6 7
147.34 1 3 6 6
6 122.67 1 3 5
7 7 146.78 1 3
5 6 7 146.63 1
3 5 6 6 123.23
1 3 5 5 7
147.74 1 3 5 5
6 98.77 1 3 5
5 5 147.13 1 3
4 7 7 170.88 1
3 4 6 7 171.35
1 3 4 6 6
146.77 1 3 4 5
7 170.99 1 3 4
5 6 147.52 1 3
4 5 5 147.02 1
3 4 4 7 171.11
1 3 4 4 6
146.3 1 3 4 4
5 147.55 1 3 4
4 4 122.39 1 3
3 7 7 145.98 1
3 3 6 7 146.59
1 3 3 6 6
122.93 1 3 3 5
7 147.13 1 3 3
5 6 99.01 1 3
3 5 5 146.67 1
3 3 4 7 170.98
1 3 3 4 6
147.35 1 3 3 4
5 146.42 1 3 3
4 4 123.06 1 3
3 3 7 147.4 1
3 3 3 6 98.99
1 3 3 3 5
147.18 1 3 3 3
4 98.91 1 3 3
3 3 122.85 1 2
7 7 7 146.93 1
2 6 7 7 147.28
1 2 6 6 7
147.65 1 2 6 6
6 147.32 1 2 5
7 7 170.79 1 2
5 6 7 171.14 1
2 5 6 6 146.8
1 2 5 5 7
171.18 1 2 5 5
6 147.38 1 2 5
5 5 122.56 1 2
4 7 7 146.74 1
2 4 6 7 146.52
1 2 4 6 6
147.02 1 2 4 5
7 171.29 1 2 4
5 6 146.67 1 2
4 5 5 123.35 1
2 4 4 7 147.45
1 2 4 4 6
147.41 1 2 4 4
5 98.7 1 2 4
4 4 194.7 1 2
3 7 7 194.46 1
2 3 6 7 195.77
1 2 3 6 6
194.88 1 2 3 5
7 194.39 1 2 3
5 6 195.48 1 2
3 5 5 194.85 1
2 3 4 7 194.61
1 2 3 4 6
194.48 1 2 3 4
5 195.24 1 2 3
4 4 194.03 1 2
3 3 7 194.85 1
2 3 3 6 194.63
1 2 3 3 5
193.79 1 2 3 3
4 195.88 1 2 3
3 3 122.41 1 2
2 7 7 146.76 1
2 2 6 7 146.33
1 2 2 6 6
146.58 1 2 2 5
7 171.03 1 2 2
5 6 146.73 1 2
2 5 5 122.9 1
2 2 4 7 146.42
1 2 2 4 6
147.35 1 2 2 4
5 99.06 1 2 2
4 4 194.51 1 2
2 3 7 195.13 1
2 2 3 6 193.83
1 2 2 3 5
195.13 1 2 2 3
4 194.29 1 2 2
3 3 123.07 1 2
2 2 7 147.55 1
2 2 2 6 147.49
1 2 2 2 5
98.96 1 2 2 2
4 195.81 1 2 2
2 3 98.87 1 2
2 2 2 74.53 1
1 7 7 7 98.92
1 1 6 7 7
99.03 1 1 6 6
7 98.7 1 1 6
6 6 98.4 1 1
5 7 7 123.03 1
1 5 6 7 122.93
1 1 5 6 6
98.55 1 1 5 5
7 123.07 1 1 5
5 6 74.5 1 1
5 5 5 98.4 1
1 4 7 7 123.27
1 1 4 6 7
123.04 1 1 4 6
6 122.5 1 1 4
5 7 146.98 1 1
4 5 6 122.32 1
1 4 5 5 98.39
1 1 4 4 7
123.03 1 1 4 4
6 122.73 1 1 4
4 5 74.61 1 1
4 4 4 122.5 1
1 3 7 7 146.87
1 1 3 6 7
146.51 1 1 3 6
6 123.01 1 1 3
5 7 146.99 1 1
3 5 6 99.17 1
1 3 5 5 146.78
1 1 3 4 7
170.59 1 1 3 4
6 146.55 1 1 3
4 5 146.38 1 1
3 4 4 122.54 1
1 3 3 7 146.65
1 1 3 3 6
99.06 1 1 3 3
5 146.6 1 1 3
3 4 98.95 1 1
3 3 3 122.49 1
1 2 7 7 146.89
1 1 2 6 7
146.5 1 1 2 6
6 146.65 1 1 2
5 7 171.2 1 1
2 5 6 146.95 1
1 2 5 5 122.96
1 1 2 4 7
147.12 1 1 2 4
6 146.88 1 1 2
4 5 99.09 1 1
2 4 4 194.21 1
1 2 3 7 193.87
1 1 2 3 6
195.25 1 1 2 3
5 195.32 1 1 2
3 4 193.79 1 1
2 3 3 122.63 1
1 2 2 7 146.58
1 1 2 2 6
146.52 1 1 2 2
5 99.06 1 1 2
2 4 194.33 1 1
2 2 3 98.89 1
1 2 2 2 74.48
1 1 1 7 7
99 1 1 1 6
7 99 1 1 1
6 6 98.87 1 1
1 5 7 123.14 1
1 1 5 6 74.65
1 1 1 5 5
98.74 1 1 1 4
7 123.2 1 1 1
4 6 123.08 1 1
1 4 5 74.38 1
1 1 4 4 123.01
1 1 1 3 7
147.24 1 1 1 3
6 99.04 1 1 1
3 5 147.39 1 1
1 3 4 98.87 1
1 1 3 3 123.03
1 1 1 2 7
147.2 1 1 1 2
6 147.55 1 1 1
2 5 99 1 1
1 2 4 196.25 1
1 1 2 3 99.07
1 1 1 2 2
74.49 1 1 1 1
7 99.04 1 1 1
1 6 74.42 1 1
1 1 5 74.38 1
1 1 1 4 98.89
1 1 1 1 3
98.89 1 1 1 1
2 50 1 1 1
1 1
