48.19 7 7 7 7
7 7 7 61.78 6
7 7 7 7 7
7 62.02 6 6 7
7 7 7 7 64.45
6 6 6 7 7
7 7 64.51 6 6
6 6 7 7 7
61.5 6 6 6 6
6 7 7 61.74 6
6 6 6 6 6
7 48.47 6 6 6
6 6 6 6 62.17
5 7 7 7 7
7 7 73.33 5 6
7 7 7 7 7
75.6 5 6 6 7
7 7 7 77.52 5
6 6 6 7 7
7 77.91 5 6 6
6 6 7 7 75.09
5 6 6 6 6
6 7 75.31 5 6
6 6 6 6 6
61.92 5 5 7 7
7 7 7 75 5
5 6 7 7 7
7 75.27 5 5 6
6 7 7 7 77.29
5 5 6 6 6
7 7 78.11 5 5
6 6 6 6 7
75.55 5 5 6 6
6 6 6 64.04 5
5 5 7 7 7
7 77.19 5 5 5
6 7 7 7 77.48
5 5 5 6 6
7 7 79.94 5 5
5 6 6 6 7
80.04 5 5 5 6
6 6 6 64.23 5
5 5 5 7 7
7 77.86 5 5 5
5 6 7 7 77.93
5 5 5 5 6
6 7 80.75 5 5
5 5 6 6 6
62.22 5 5 5 5
5 7 7 74.99 5
5 5 5 5 6
7 75.18 5 5 5
5 5 6 6 62.38
5 5 5 5 5
5 7 75.1 5 5
5 5 5 5 6
48.54 5 5 5 5
5 5 5 62.16 4
7 7 7 7 7
7 72.63 4 6 7
7 7 7 7 75.36
4 6 6 7 7
7 7 77.29 4 6
6 6 7 7 7
78.02 4 6 6 6
6 7 7 75.2 4
6 6 6 6 6
7 74.99 4 6 6
6 6 6 6 72.47
4 5 7 7 7
7 7 82.77 4 5
6 7 7 7 7
86.03 4 5 6 6
7 7 7 87.21 4
5 6 6 6 7
7 88.62 4 5 6
6 6 6 7 87.54
4 5 6 6 6
6 6 75.23 4 5
5 7 7 7 7
85.77 4 5 5 6
7 7 7 87.44 4
5 5 6 6 7
7 89.97 4 5 5
6 6 6 7 90.58
4 5 5 6 6
6 6 77.51 4 5
5 5 7 7 7
88.01 4 5 5 5
6 7 7 91.08 4
5 5 5 6 6
7 92.25 4 5 5
5 6 6 6 77.84
4 5 5 5 5
7 7 88.56 4 5
5 5 5 6 7
90.32 4 5 5 5
5 6 6 74.83 4
5 5 5 5 5
7 86.66 4 5 5
5 5 5 6 75.05
4 5 5 5 5
5 5 61.99 4 4
7 7 7 7 7
74.65 4 4 6 7
7 7 7 75.02 4
4 6 6 7 7
7 77.03 4 4 6
6 6 7 7 78.2
4 4 6 6 6
6 7 75.67 4 4
6 6 6 6 6
75.35 4 4 5 7
7 7 7 86.46 4
4 5 6 7 7
7 88.28 4 4 5
6 6 7 7 89.57
4 4 5 6 6
6 7 91.07 4 4
5 6 6 6 6
75.75 4 4 5 5
7 7 7 88.05 4
4 5 5 6 7
7 88.71 4 4 5
5 6 6 7 91.6
4 4 5 5 6
6 6 78.02 4 4
5 5 5 7 7
89.69 4 4 5 5
5 6 7 90.05 4
4 5 5 5 6
6 77.96 4 4 5
5 5 5 7 91.18
4 4 5 5 5
5 6 76.01 4 4
5 5 5 5 5
63.81 4 4 4 7
7 7 7 76.59 4
4 4 6 7 7
7 78.11 4 4 4
6 6 7 7 79.8
4 4 4 6 6
6 7 80.49 4 4
4 6 6 6 6
77.22 4 4 4 5
7 7 7 88.37 4
4 4 5 6 7
7 89.88 4 4 4
5 6 6 7 92.81
4 4 4 5 6
6 6 78.03 4 4
4 5 5 7 7
90.85 4 4 4 5
5 6 7 91.14 4
4 4 5 5 6
6 80.79 4 4 4
5 5 5 7 91.86
4 4 4 5 5
5 6 79.98 4 4
4 5 5 5 5
64.05 4 4 4 4
7 7 7 77.52 4
4 4 4 6 7
7 78.36 4 4 4
4 6 6 7 80.89
4 4 4 4 6
6 6 77.86 4 4
4 4 5 7 7
89.08 4 4 4 4
5 6 7 90.96 4
4 4 4 5 6
6 77.3 4 4 4
4 5 5 7 91.19
4 4 4 4 5
5 6 79.9 4 4
4 4 5 5 5
61.91 4 4 4 4
4 7 7 75.68 4
4 4 4 4 6
7 75.27 4 4 4
4 4 6 6 75.59
4 4 4 4 4
5 7 86.43 4 4
4 4 4 5 6
75.37 4 4 4 4
4 5 5 61.81 4
4 4 4 4 4
7 75.21 4 4 4
4 4 4 6 74.75
4 4 4 4 4
4 5 48.29 4 4
4 4 4 4 4
61.79 3 7 7 7
7 7 7 73.66 3
6 7 7 7 7
7 73.23 3 6 6
7 7 7 7 76.72
3 6 6 6 7
7 7 74.12 3 6
6 6 6 7 7
75.05 3 6 6 6
6 6 7 62.13 3
6 6 6 6 6
6 72.79 3 5 7
7 7 7 7 81.84
3 5 6 7 7
7 7 84.83 3 5
6 6 7 7 7
86.81 3 5 6 6
6 7 7 85.53 3
5 6 6 6 6
7 85.31 3 5 6
6 6 6 6 73.38
3 5 5 7 7
7 7 85.07 3 5
5 6 7 7 7
85.39 3 5 5 6
6 7 7 89.18 3
5 5 6 6 6
7 85.7 3 5 5
6 6 6 6 76.92
3 5 5 5 7
7 7 86.53 3 5
5 5 6 7 7
89.36 3 5 5 5
6 6 7 92.65 3
5 5 5 6 6
6 74.09 3 5 5
5 5 7 7 84.6
3 5 5 5 5
6 7 86.05 3 5
5 5 5 6 6
74.58 3 5 5 5
5 5 7 86.73 3
5 5 5 5 5
6 61.66 3 5 5
5 5 5 5 73.72
3 4 7 7 7
7 7 83.8 3 4
6 7 7 7 7
85.19 3 4 6 6
7 7 7 89.01 3
4 6 6 6 7
7 85.13 3 4 6
6 6 6 7 87.74
3 4 6 6 6
6 6 84.17 3 4
5 7 7 7 7
93.94 3 4 5 6
7 7 7 96.74 3
4 5 6 6 7
7 99.06 3 4 5
6 6 6 7 97.64
3 4 5 6 6
6 6 84.67 3 4
5 5 7 7 7
96.48 3 4 5 5
6 7 7 95.61 3
4 5 5 6 6
7 99.58 3 4 5
5 6 6 6 88.66
3 4 5 5 5
7 7 98.96 3 4
5 5 5 6 7
99.14 3 4 5 5
5 6 6 85.69 3
4 5 5 5 5
7 96.59 3 4 5
5 5 5 6 86.56
3 4 5 5 5
5 5 75.14 3 4
4 7 7 7 7
85.72 3 4 4 6
7 7 7 87.14 3
4 4 6 6 7
7 89.63 3 4 4
6 6 6 7 87.52
3 4 4 6 6
6 6 86.2 3 4
4 5 7 7 7
95.57 3 4 4 5
6 7 7 97.77 3
4 4 5 6 6
7 99.89 3 4 4
5 6 6 6 87.02
3 4 4 5 5
7 7 98.16 3 4
4 5 5 6 7
98.41 3 4 4 5
5 6 6 90.9 3
4 4 5 5 5
7 101.05 3 4 4
5 5 5 6 87.16
3 4 4 5 5
5 5 77.36 3 4
4 4 7 7 7
88.62 3 4 4 4
6 7 7 89.46 3
4 4 4 6 6
7 91.88 3 4 4
4 6 6 6 88.94
3 4 4 4 5
7 7 98.68 3 4
4 4 5 6 7
100.14 3 4 4 4
5 6 6 89.43 3
4 4 4 5 5
7 100.87 3 4 4
4 5 5 6 92.86
3 4 4 4 5
5 5 77.74 3 4
4 4 4 7 7
89.27 3 4 4 4
4 6 7 88.54 3
4 4 4 4 6
6 88.06 3 4 4
4 4 5 7 98.98
3 4 4 4 4
5 6 89.45 3 4
4 4 4 5 5
75.91 3 4 4 4
4 4 7 85.96 3
4 4 4 4 4
6 86.22 3 4 4
4 4 4 5 75.14
3 4 4 4 4
4 4 61.58 3 3
7 7 7 7 7
73.53 3 3 6 7
7 7 7 73.62 3
3 6 6 7 7
7 74.17 3 3 6
6 6 7 7 74.56
3 3 6 6 6
6 7 61.68 3 3
6 6 6 6 6
73.04 3 3 5 7
7 7 7 83.91 3
3 5 6 7 7
7 85.14 3 3 5
6 6 7 7 86.47
3 3 5 6 6
6 7 86.13 3 3
5 6 6 6 6
73.82 3 3 5 5
7 7 7 85.6 3
3 5 5 6 7
7 84.67 3 3 5
5 6 6 7 84.72
3 3 5 5 6
6 6 73.48 3 3
5 5 5 7 7
85.47 3 3 5 5
5 6 7 86.15 3
3 5 5 5 6
6 73.61 3 3 5
5 5 5 7 85.37
3 3 5 5 5
5 6 62.19 3 3
5 5 5 5 5
75.05 3 3 4 7
7 7 7 86.96 3
3 4 6 7 7
7 87.33 3 3 4
6 6 7 7 87.31
3 3 4 6 6
6 7 86.53 3 3
4 6 6 6 6
86.58 3 3 4 5
7 7 7 96.02 3
3 4 5 6 7
7 97.23 3 3 4
5 6 6 7 98.46
3 3 4 5 6
6 6 87.65 3 3
4 5 5 7 7
98.01 3 3 4 5
5 6 7 98.02 3
3 4 5 5 6
6 87.66 3 3 4
5 5 5 7 97.72
3 3 4 5 5
5 6 86.95 3 3
4 5 5 5 5
75.35 3 3 4 4
7 7 7 87.57 3
3 4 4 6 7
7 87.74 3 3 4
4 6 6 7 87.51
3 3 4 4 6
6 6 87.58 3 3
4 4 5 7 7
96.89 3 3 4 4
5 6 7 99.32 3
3 4 4 5 6
6 87.66 3 3 4
4 5 5 7 99.23
3 3 4 4 5
5 6 86.29 3 3
4 4 5 5 5
77.99 3 3 4 4
4 7 7 89.13 3
3 4 4 4 6
7 89.89 3 3 4
4 4 6 6 89.37
3 3 4 4 4
5 7 100.08 3 3
4 4 4 5 6
89.12 3 3 4 4
4 5 5 78.28 3
3 4 4 4 4
7 90.54 3 3 4
4 4 4 6 89.2
3 3 4 4 4
4 5 75.05 3 3
4 4 4 4 4
64.23 3 3 3 7
7 7 7 76.28 3
3 3 6 7 7
7 73.74 3 3 3
6 6 7 7 77.53
3 3 3 6 6
6 7 64.33 3 3
3 6 6 6 6
76.51 3 3 3 5
7 7 7 86.82 3
3 3 5 6 7
7 85.55 3 3 3
5 6 6 7 88.83
3 3 3 5 6
6 6 72.96 3 3
3 5 5 7 7
85.8 3 3 3 5
5 6 7 82.49 3
3 3 5 5 6
6 77.13 3 3 3
5 5 5 7 88.88
3 3 3 5 5
5 6 64.67 3 3
3 5 5 5 5
77 3 3 3 4
7 7 7 89.26 3
3 3 4 6 7
7 86.19 3 3 3
4 6 6 7 90.05
3 3 3 4 6
6 6 88.95 3 3
3 4 5 7 7
99.49 3 3 3 4
5 6 7 100.02 3
3 3 4 5 6
6 86.32 3 3 3
4 5 5 7 99.16
3 3 3 4 5
5 6 90.4 3 3
3 4 5 5 5
77.8 3 3 3 4
4 7 7 90.1 3
3 3 4 4 6
7 87.41 3 3 3
4 4 6 6 90.12
3 3 3 4 4
5 7 99.52 3 3
3 4 4 5 6
86.77 3 3 3 4
4 5 5 79.97 3
3 3 4 4 4
7 92.16 3 3 3
4 4 4 6 92
3 3 3 4 4
4 5 80.27 3 3
3 4 4 4 4
64.27 3 3 3 3
7 7 7 72.93 3
3 3 3 6 7
7 73.17 3 3 3
3 6 6 7 64.38
3 3 3 3 6
6 6 73.38 3 3
3 3 5 7 7
82.44 3 3 3 3
5 6 7 82.94 3
3 3 3 5 6
6 74.11 3 3 3
3 5 5 7 83.03
3 3 3 3 5
5 6 64.6 3 3
3 3 5 5 5
77.82 3 3 3 3
4 7 7 86.53 3
3 3 3 4 6
7 86.43 3 3 3
3 4 6 6 88.18
3 3 3 3 4
5 7 95.98 3 3
3 3 4 5 6
87.69 3 3 3 3
4 5 5 77.33 3
3 3 3 4 4
7 87.05 3 3 3
3 4 4 6 87.53
3 3 3 3 4
4 5 80.23 3 3
3 3 4 4 4
61.35 3 3 3 3
3 7 7 72.89 3
3 3 3 3 6
7 61.73 3 3 3
3 3 6 6 72.64
3 3 3 3 3
5 7 85.33 3 3
3 3 3 5 6
62.18 3 3 3 3
3 5 5 74.95 3
3 3 3 3 4
7 86.34 3 3 3
3 3 4 6 86.9
3 3 3 3 3
4 5 75.15 3 3
3 3 3 4 4
61.79 3 3 3 3
3 3 7 61.93 3
3 3 3 3 3
6 61.69 3 3 3
3 3 3 5 75.88
3 3 3 3 3
3 4 48.17 3 3
3 3 3 3 3
61.8 2 7 7 7
7 7 7 74.05 2
6 7 7 7 7
7 73.15 2 6 6
7 7 7 7 77.52
2 6 6 6 7
7 7 74.01 2 6
6 6 6 7 7
75.72 2 6 6 6
6 6 7 61.99 2
6 6 6 6 6
6 73.07 2 5 7
7 7 7 7 84.42
2 5 6 7 7
7 7 85.03 2 5
6 6 7 7 7
87.92 2 5 6 6
6 7 7 84.59 2
5 6 6 6 6
7 86.73 2 5 6
6 6 6 6 75.47
2 5 5 7 7
7 7 85.11 2 5
5 6 7 7 7
86.25 2 5 5 6
6 7 7 90.23 2
5 5 6 6 6
7 87.04 2 5 5
6 6 6 6 76.83
2 5 5 5 7
7 7 88.59 2 5
5 5 6 7 7
89.2 2 5 5 5
6 6 7 92.17 2
5 5 5 6 6
6 77.39 2 5 5
5 5 7 7 90.35
2 5 5 5 5
6 7 91.06 2 5
5 5 5 6 6
75.99 2 5 5 5
5 5 7 86.81 2
5 5 5 5 5
6 74.02 2 5 5
5 5 5 5 72.78
2 4 7 7 7
7 7 82.8 2 4
6 7 7 7 7
84.49 2 4 6 6
7 7 7 87.96 2
4 6 6 6 7
7 86.06 2 4 6
6 6 6 7 87.23
2 4 6 6 6
6 6 83.73 2 4
5 7 7 7 7
93.9 2 4 5 6
7 7 7 95.8 2
4 5 6 6 7
7 98.77 2 4 5
6 6 6 7 96.34
2 4 5 6 6
6 6 85.75 2 4
5 5 7 7 7
96 2 4 5 5
6 7 7 98.78 2
4 5 5 6 6
7 99.83 2 4 5
5 6 6 6 88.29
2 4 5 5 5
7 7 98.17 2 4
5 5 5 6 7
99.61 2 4 5 5
5 6 6 88.54 2
4 5 5 5 5
7 99.11 2 4 5
5 5 5 6 85.73
2 4 5 5 5
5 5 74.37 2 4
4 7 7 7 7
85.06 2 4 4 6
7 7 7 85.87 2
4 4 6 6 7
7 88.72 2 4 4
6 6 6 7 85.62
2 4 4 6 6
6 6 85.33 2 4
4 5 7 7 7
95.78 2 4 4 5
6 7 7 96.73 2
4 4 5 6 6
7 99.24 2 4 4
5 6 6 6 87.28
2 4 4 5 5
7 7 97.41 2 4
4 5 5 6 7
98.52 2 4 4 5
5 6 6 90.01 2
4 4 5 5 5
7 99.72 2 4 4
5 5 5 6 89.55
2 4 4 5 5
5 5 76.93 2 4
4 4 7 7 7
88.6 2 4 4 4
6 7 7 89.05 2
4 4 4 6 6
7 91.57 2 4 4
4 6 6 6 88.08
2 4 4 4 5
7 7 99.7 2 4
4 4 5 6 7
99.99 2 4 4 4
5 6 6 90.7 2
4 4 4 5 5
7 101.71 2 4 4
4 5 5 6 92.21
2 4 4 4 5
5 5 74.39 2 4
4 4 4 7 7
85.29 2 4 4 4
4 6 7 86.67 2
4 4 4 4 6
6 85.84 2 4 4
4 4 5 7 97.02
2 4 4 4 4
5 6 87.21 2 4
4 4 4 5 5
75.42 2 4 4 4
4 4 7 87.21 2
4 4 4 4 4
6 86.21 2 4 4
4 4 4 5 61.41
2 4 4 4 4
4 4 84.28 2 3
7 7 7 7 7
83.09 2 3 6 7
7 7 7 88.62 2
3 6 6 7 7
7 84.86 2 3 6
6 6 7 7 86.45
2 3 6 6 6
6 7 72.63 2 3
6 6 6 6 6
93.3 2 3 5 7
7 7 7 94.01 2
3 5 6 7 7
7 98.68 2 3 5
6 6 7 7 94.92
2 3 5 6 6
6 7 98.41 2 3
5 6 6 6 6
94.89 2 3 5 5
7 7 7 94.57 2
3 5 5 6 7
7 99.09 2 3 5
5 6 6 7 96.27
2 3 5 5 6
6 6 99.55 2 3
5 5 5 7 7
97.37 2 3 5 5
5 6 7 103.44 2
3 5 5 5 6
6 96.12 2 3 5
5 5 5 7 94.6
2 3 5 5 5
5 6 97.1 2 3
5 5 5 5 5
93.32 2 3 4 7
7 7 7 93.71 2
3 4 6 7 7
7 98.38 2 3 4
6 6 7 7 96.27
2 3 4 6 6
6 7 98.05 2 3
4 6 6 6 6
102.66 2 3 4 5
7 7 7 105.89 2
3 4 5 6 7
7 108.83 2 3 4
5 6 6 7 106.32
2 3 4 5 6
6 6 104.3 2 3
4 5 5 7 7
104.76 2 3 4 5
5 6 7 110.68 2
3 4 5 5 6
6 108.69 2 3 4
5 5 5 7 108.68
2 3 4 5 5
5 6 105.17 2 3
4 5 5 5 5
95.64 2 3 4 4
7 7 7 94.97 2
3 4 4 6 7
7 100.06 2 3 4
4 6 6 7 95.71
2 3 4 4 6
6 6 104.37 2 3
4 4 5 7 7
105.86 2 3 4 4
5 6 7 110.34 2
3 4 4 5 6
6 107.85 2 3 4
4 5 5 7 106.93
2 3 4 4 5
5 6 111.01 2 3
4 4 5 5 5
99.44 2 3 4 4
4 7 7 97.66 2
3 4 4 4 6
7 103.19 2 3 4
4 4 6 6 108.39
2 3 4 4 4
5 7 109.09 2 3
4 4 4 5 6
110.27 2 3 4 4
4 5 5 95.99 2
3 4 4 4 4
7 95.91 2 3 4
4 4 4 6 105.57
2 3 4 4 4
4 5 98.2 2 3
4 4 4 4 4
82.68 2 3 3 7
7 7 7 87.29 2
3 3 6 7 7
7 85.67 2 3 3
6 6 7 7 87.69
2 3 3 6 6
6 7 75.39 2 3
3 6 6 6 6
93.69 2 3 3 5
7 7 7 95.81 2
3 3 5 6 7
7 97.72 2 3 3
5 6 6 7 98.85
2 3 3 5 6
6 6 94.5 2 3
3 5 5 7 7
97.53 2 3 3 5
5 6 7 97.84 2
3 3 5 5 6
6 94.78 2 3 3
5 5 5 7 98.54
2 3 3 5 5
5 6 94.98 2 3
3 5 5 5 5
94.24 2 3 3 4
7 7 7 96.95 2
3 3 4 6 7
7 97.05 2 3 3
4 6 6 7 97.69
2 3 3 4 6
6 6 104.86 2 3
3 4 5 7 7
108.45 2 3 3 4
5 6 7 108.59 2
3 3 4 5 6
6 105.59 2 3 3
4 5 5 7 109
2 3 3 4 5
5 6 106.44 2 3
3 4 5 5 5
94.56 2 3 3 4
4 7 7 99.25 2
3 3 4 4 6
7 97.6 2 3 3
4 4 6 6 105.13
2 3 3 4 4
5 7 109.33 2 3
3 4 4 5 6
105.97 2 3 3 4
4 5 5 97.25 2
3 3 4 4 4
7 100.09 2 3 3
4 4 4 6 108.34
2 3 3 4 4
4 5 95.28 2 3
3 4 4 4 4
89.55 2 3 3 3
7 7 7 85.78 2
3 3 3 6 7
7 89.42 2 3 3
3 6 6 7 77.82
2 3 3 3 6
6 6 99.46 2 3
3 3 5 7 7
98.37 2 3 3 3
5 6 7 102.11 2
3 3 3 5 6
6 98.43 2 3 3
3 5 5 7 95.53
2 3 3 3 5
5 6 103.19 2 3
3 3 5 5 5
99.69 2 3 3 3
4 7 7 96.15 2
3 3 3 4 6
7 102.21 2 3 3
3 4 6 6 109.72
2 3 3 3 4
5 7 109.87 2 3
3 3 4 5 6
108.88 2 3 3 3
4 5 5 101.76 2
3 3 3 4 4
7 96.89 2 3 3
3 4 4 6 110.84
2 3 3 3 4
4 5 104.72 2 3
3 3 4 4 4
85.79 2 3 3 3
3 7 7 87.8 2
3 3 3 3 6
7 78.11 2 3 3
3 3 6 6 95.11
2 3 3 3 3
5 7 96.33 2 3
3 3 3 5 6
95.75 2 3 3 3
3 5 5 96.81 2
3 3 3 3 4
7 99.38 2 3 3
3 3 4 6 106.37
2 3 3 3 3
4 5 97.17 2 3
3 3 3 4 4
87.71 2 3 3 3
3 3 7 75.09 2
3 3 3 3 3
6 96.94 2 3 3
3 3 3 5 97.03
2 3 3 3 3
3 4 75.91 2 3
3 3 3 3 3
61.9 2 2 7 7
7 7 7 73.66 2
2 6 7 7 7
7 74.23 2 2 6
6 7 7 7 74.4
2 2 6 6 6
7 7 73.54 2 2
6 6 6 6 7
62.8 2 2 6 6
6 6 6 74.5 2
2 5 7 7 7
7 86.32 2 2 5
6 7 7 7 86.55
2 2 5 6 6
7 7 87.71 2 2
5 6 6 6 7
87.24 2 2 5 6
6 6 6 74.99 2
2 5 5 7 7
7 87.29 2 2 5
5 6 7 7 86.45
2 2 5 5 6
6 7 86.89 2 2
5 5 6 6 6
77.56 2 2 5 5
5 7 7 89.67 2
2 5 5 5 6
7 89.48 2 2 5
5 5 6 6 77.49
2 2 5 5 5
5 7 90 2 2
5 5 5 5 6
74.99 2 2 5 5
5 5 5 73.53 2
2 4 7 7 7
7 84.13 2 2 4
6 7 7 7 85.91
2 2 4 6 6
7 7 85.34 2 2
4 6 6 6 7
85.63 2 2 4 6
6 6 6 85.48 2
2 4 5 7 7
7 97.13 2 2 4
5 6 7 7 97.87
2 2 4 5 6
6 7 98.81 2 2
4 5 6 6 6
86.32 2 2 4 5
5 7 7 96.79 2
2 4 5 5 6
7 98.6 2 2 4
5 5 6 6 89.96
2 2 4 5 5
5 7 100.6 2 2
4 5 5 5 6
89.17 2 2 4 5
5 5 5 73.48 2
2 4 4 7 7
7 85.53 2 2 4
4 6 7 7 85.71
2 2 4 4 6
6 7 86.02 2 2
4 4 6 6 6
86.94 2 2 4 4
5 7 7 98 2
2 4 4 5 6
7 99.78 2 2 4
4 5 6 6 86.86
2 2 4 4 5
5 7 98.36 2 2
4 4 5 5 6
89.84 2 2 4 4
5 5 5 73.68 2
2 4 4 4 7
7 85.9 2 2 4
4 4 6 7 85.44
2 2 4 4 4
6 6 87.21 2 2
4 4 4 5 7
98.25 2 2 4 4
4 5 6 87.13 2
2 4 4 4 5
5 74.08 2 2 4
4 4 4 7 85.98
2 2 4 4 4
4 6 86.9 2 2
4 4 4 4 5
62.36 2 2 4 4
4 4 4 83.79 2
2 3 7 7 7
7 87.22 2 2 3
6 7 7 7 85.58
2 2 3 6 6
7 7 87.31 2 2
3 6 6 6 7
74.85 2 2 3 6
6 6 6 95.09 2
2 3 5 7 7
7 96.72 2 2 3
5 6 7 7 97.64
2 2 3 5 6
6 7 98 2 2
3 5 6 6 6
94.39 2 2 3 5
5 7 7 98.41 2
2 3 5 5 6
7 97.84 2 2 3
5 5 6 6 98.46
2 2 3 5 5
5 7 101.63 2 2
3 5 5 5 6
95.01 2 2 3 5
5 5 5 92.94 2
2 3 4 7 7
7 96.85 2 2 3
4 6 7 7 96.95
2 2 3 4 6
6 7 98.2 2 2
3 4 6 6 6
104.15 2 2 3 4
5 7 7 108.41 2
2 3 4 5 6
7 107.89 2 2 3
4 5 6 6 105.18
2 2 3 4 5
5 7 108.5 2 2
3 4 5 5 6
109.01 2 2 3 4
5 5 5 95.18 2
2 3 4 4 7
7 99.13 2 2 3
4 4 6 7 97.78
2 2 3 4 4
6 6 106.45 2 2
3 4 4 5 7
109.83 2 2 3 4
4 5 6 106.93 2
2 3 4 4 5
5 95.64 2 2 3
4 4 4 7 97.52
2 2 3 4 4
4 6 106.08 2 2
3 4 4 4 5
94.82 2 2 3 4
4 4 4 83.34 2
2 3 3 7 7
7 85.82 2 2 3
3 6 7 7 85.27
2 2 3 3 6
6 7 74.87 2 2
3 3 6 6 6
94.17 2 2 3 3
5 7 7 98.41 2
2 3 3 5 6
7 97.68 2 2 3
3 5 6 6 95.24
2 2 3 3 5
5 7 97.06 2 2
3 3 5 5 6
95.57 2 2 3 3
5 5 5 94.89 2
2 3 3 4 7
7 98.56 2 2 3
3 4 6 7 97.17
2 2 3 3 4
6 6 107.25 2 2
3 3 4 5 7
109.19 2 2 3 3
4 5 6 106.39 2
2 3 3 4 5
5 95.21 2 2 3
3 4 4 7 97.99
2 2 3 3 4
4 6 106.75 2 2
3 3 4 4 5
95.84 2 2 3 3
4 4 4 85.87 2
2 3 3 3 7
7 87.9 2 2 3
3 3 6 7 77.66
2 2 3 3 3
6 6 98.16 2 2
3 3 3 5 7
100.58 2 2 3 3
3 5 6 95.38 2
2 3 3 3 5
5 97.89 2 2 3
3 3 4 7 100.6
2 2 3 3 3
4 6 109.57 2 2
3 3 3 4 5
97.04 2 2 3 3
3 4 4 85.45 2
2 3 3 3 3
7 78.03 2 2 3
3 3 3 6 94.63
2 2 3 3 3
3 5 97.65 2 2
3 3 3 3 4
74.94 2 2 3 3
3 3 3 64.6 2
2 2 7 7 7
7 76.26 2 2 2
6 7 7 7 74.29
2 2 2 6 6
7 7 77.12 2 2
2 6 6 6 7
64.21 2 2 2 6
6 6 6 76.9 2
2 2 5 7 7
7 88.45 2 2 2
5 6 7 7 85.03
2 2 2 5 6
6 7 90.43 2 2
2 5 6 6 6
77.61 2 2 2 5
5 7 7 90.41 2
2 2 5 5 6
7 86.71 2 2 2
5 5 6 6 80.03
2 2 2 5 5
5 7 92.63 2 2
2 5 5 5 6
80.69 2 2 2 5
5 5 5 76.66 2
2 2 4 7 7
7 87.14 2 2 2
4 6 7 7 85.86
2 2 2 4 6
6 7 90.42 2 2
2 4 6 6 6
89.87 2 2 2 4
5 7 7 99.42 2
2 2 4 5 6
7 98.31 2 2 2
4 5 6 6 89.5
2 2 2 4 5
5 7 100.93 2 2
2 4 5 5 6
92.25 2 2 2 4
5 5 5 73.68 2
2 2 4 4 7
7 85.92 2 2 2
4 4 6 7 82.97
2 2 2 4 4
6 6 86.37 2 2
2 4 4 5 7
98.6 2 2 2 4
4 5 6 87.17 2
2 2 4 4 5
5 78.03 2 2 2
4 4 4 7 88.1
2 2 2 4 4
4 6 89.64 2 2
2 4 4 4 5
64.58 2 2 2 4
4 4 4 88.57 2
2 2 3 7 7
7 85.14 2 2 2
3 6 7 7 89.45
2 2 2 3 6
6 7 77.28 2 2
2 3 6 6 6
100.15 2 2 2 3
5 7 7 95.71 2
2 2 3 5 6
7 100.7 2 2 2
3 5 6 6 101.05
2 2 2 3 5
5 7 97.65 2 2
2 3 5 5 6
105.05 2 2 2 3
5 5 5 99.64 2
2 2 3 4 7
7 98 2 2 2
3 4 6 7 102.57
2 2 2 3 4
6 6 109.8 2 2
2 3 4 5 7
109.18 2 2 2 3
4 5 6 111.87 2
2 2 3 4 5
5 98.71 2 2 2
3 4 4 7 95.18
2 2 2 3 4
4 6 109.28 2 2
2 3 4 4 5
101.3 2 2 2 3
4 4 4 85.83 2
2 2 3 3 7
7 88.77 2 2 2
3 3 6 7 77.45
2 2 2 3 3
6 6 97.38 2 2
2 3 3 5 7
100.93 2 2 2 3
3 5 6 98.15 2
2 2 3 3 5
5 97.65 2 2 2
3 3 4 7 101.34
2 2 2 3 3
4 6 108.2 2 2
2 3 3 4 5
94.56 2 2 2 3
3 4 4 91.89 2
2 2 3 3 3
7 80.67 2 2 2
3 3 3 6 103.74
2 2 2 3 3
3 5 103.68 2 2
2 3 3 3 4
80.68 2 2 2 3
3 3 3 64.42 2
2 2 2 7 7
7 73.98 2 2 2
2 6 7 7 73.62
2 2 2 2 6
6 7 63.76 2 2
2 2 6 6 6
78.52 2 2 2 2
5 7 7 86.75 2
2 2 2 5 6
7 87.21 2 2 2
2 5 6 6 78.26
2 2 2 2 5
5 7 87.38 2 2
2 2 5 5 6
79.95 2 2 2 2
5 5 5 73.5 2
2 2 2 4 7
7 83.75 2 2 2
2 4 6 7 83.92
2 2 2 2 4
6 6 86.8 2 2
2 2 4 5 7
95.74 2 2 2 2
4 5 6 87.07 2
2 2 2 4 5
5 73.41 2 2 2
2 4 4 7 83.09
2 2 2 2 4
4 6 87.4 2 2
2 2 4 4 5
64.41 2 2 2 2
4 4 4 85.8 2
2 2 2 3 7
7 87.68 2 2 2
2 3 6 7 77.81
2 2 2 2 3
6 6 97.96 2 2
2 2 3 5 7
98.32 2 2 2 2
3 5 6 97.55 2
2 2 2 3 5
5 95.35 2 2 2
2 3 4 7 96.38
2 2 2 2 3
4 6 105.57 2 2
2 2 3 4 5
94.65 2 2 2 2
3 4 4 85.59 2
2 2 2 3 3
7 78.04 2 2 2
2 3 3 6 97.96
2 2 2 2 3
3 5 94.28 2 2
2 2 3 3 4
80.47 2 2 2 2
3 3 3 61.49 2
2 2 2 2 7
7 72.76 2 2 2
2 2 6 7 61.64
2 2 2 2 2
6 6 75.65 2 2
2 2 2 5 7
87.41 2 2 2 2
2 5 6 75.17 2
2 2 2 2 5
5 72.7 2 2 2
2 2 4 7 84.49
2 2 2 2 2
4 6 86.71 2 2
2 2 2 4 5
62.34 2 2 2 2
2 4 4 87.16 2
2 2 2 2 3
7 75.58 2 2 2
2 2 3 6 98.24
2 2 2 2 2
3 5 98.07 2 2
2 2 2 3 4
74.75 2 2 2 2
2 3 3 61.88 2
2 2 2 2 2
7 62.05 2 2 2
2 2 2 6 74.62
2 2 2 2 2
2 5 61.92 2 2
2 2 2 2 4
74.99 2 2 2 2
2 2 3 48.28 2
2 2 2 2 2
2 61.9 1 7 7
7 7 7 7 72.43
1 6 7 7 7
7 7 75.67 1 6
6 7 7 7 7
76.93 1 6 6 6
7 7 7 77.56 1
6 6 6 6 7
7 75.59 1 6 6
6 6 6 7 75.35
1 6 6 6 6
6 6 72.6 1 5
7 7 7 7 7
84.95 1 5 6 7
7 7 7 85.6 1
5 6 6 7 7
7 89.09 1 5 6
6 6 7 7 89.08
1 5 6 6 6
6 7 87.16 1 5
6 6 6 6 6
74.98 1 5 5 7
7 7 7 84.08 1
5 5 6 7 7
7 86.7 1 5 5
6 6 7 7 89.73
1 5 5 6 6
6 7 89.72 1 5
5 6 6 6 6
76.56 1 5 5 5
7 7 7 87 1
5 5 5 6 7
7 90.36 1 5 5
5 6 6 7 91.08
1 5 5 5 6
6 6 73.69 1 5
5 5 5 7 7
84.79 1 5 5 5
5 6 7 87.35 1
5 5 5 5 6
6 74.96 1 5 5
5 5 5 7 87.44
1 5 5 5 5
5 6 61.57 1 5
5 5 5 5 5
73.3 1 4 7 7
7 7 7 84.71 1
4 6 7 7 7
7 85.01 1 4 6
6 7 7 7 89.56
1 4 6 6 6
7 7 88.73 1 4
6 6 6 6 7
86.49 1 4 6 6
6 6 6 81.92 1
4 5 7 7 7
7 93.04 1 4 5
6 7 7 7 95.22
1 4 5 6 6
7 7 97.83 1 4
5 6 6 6 7
99.29 1 4 5 6
6 6 6 84.58 1
4 5 5 7 7
7 96.03 1 4 5
5 6 7 7 97.9
1 4 5 5 6
6 7 99.43 1 4
5 5 6 6 6
86.94 1 4 5 5
5 7 7 98.93 1
4 5 5 5 6
7 99.31 1 4 5
5 5 6 6 84.87
1 4 5 5 5
5 7 95.84 1 4
5 5 5 5 6
86.83 1 4 5 5
5 5 5 73.58 1
4 4 7 7 7
7 85.45 1 4 4
6 7 7 7 86.36
1 4 4 6 6
7 7 88.1 1 4
4 6 6 6 7
89.23 1 4 4 6
6 6 6 84.81 1
4 4 5 7 7
7 95.82 1 4 4
5 6 7 7 97.21
1 4 4 5 6
6 7 99.24 1 4
4 5 6 6 6
85.65 1 4 4 5
5 7 7 96.47 1
4 4 5 5 6
7 98.77 1 4 4
5 5 6 6 87.83
1 4 4 5 5
5 7 99.38 1 4
4 5 5 5 6
85.33 1 4 4 5
5 5 5 76.65 1
4 4 4 7 7
7 88.39 1 4 4
4 6 7 7 90.3
1 4 4 4 6
6 7 92.73 1 4
4 4 6 6 6
87.07 1 4 4 4
5 7 7 99.21 1
4 4 4 5 6
7 101.07 1 4 4
4 5 6 6 90.33
1 4 4 4 5
5 7 99.54 1 4
4 4 5 5 6
92.18 1 4 4 4
5 5 5 74.02 1
4 4 4 4 7
7 85.34 1 4 4
4 4 6 7 87.37
1 4 4 4 4
6 6 85.03 1 4
4 4 4 5 7
96.69 1 4 4 4
4 5 6 85.77 1
4 4 4 4 5
5 76.23 1 4 4
4 4 4 7 86.68
1 4 4 4 4
4 6 86.63 1 4
4 4 4 4 5
61.35 1 4 4 4
4 4 4 85.13 1
3 7 7 7 7
7 93.21 1 3 6
7 7 7 7 96.94
1 3 6 6 7
7 7 99.36 1 3
6 6 6 7 7
96.53 1 3 6 6
6 6 7 98.72 1
3 6 6 6 6
6 83.57 1 3 5
7 7 7 7 94.99
1 3 5 6 7
7 7 95.34 1 3
5 6 6 7 7
96.81 1 3 5 6
6 6 7 94.83 1
3 5 6 6 6
6 88.95 1 3 5
5 7 7 7 98.67
1 3 5 5 6
7 7 98.93 1 3
5 5 6 6 7
102.85 1 3 5 5
6 6 6 84.56 1
3 5 5 5 7
7 95.67 1 3 5
5 5 6 7 96.52
1 3 5 5 5
6 6 86.02 1 3
5 5 5 5 7
97.45 1 3 5 5
5 5 6 72.65 1
3 5 5 5 5
5 94.63 1 3 4
7 7 7 7 102.43
1 3 4 6 7
7 7 105.44 1 3
4 6 6 7 7
108.72 1 3 4 6
6 6 7 106.68 1
3 4 6 6 6
6 93.29 1 3 4
5 7 7 7 105.28
1 3 4 5 6
7 7 105.75 1 3
4 5 6 6 7
109.15 1 3 4 5
6 6 6 98.73 1
3 4 5 5 7
7 109.6 1 3 4
5 5 6 7 109.8
1 3 4 5 5
6 6 95.57 1 3
4 5 5 5 7
105.4 1 3 4 5
5 5 6 98.67 1
3 4 5 5 5
5 96.6 1 3 4
4 7 7 7 104.61
1 3 4 4 6
7 7 107.01 1 3
4 4 6 6 7
110.78 1 3 4 4
6 6 6 95.18 1
3 4 4 5 7
7 105.57 1 3 4
4 5 6 7 105.21
1 3 4 4 5
6 6 99.45 1 3
4 4 5 5 7
111.04 1 3 4 4
5 5 6 94.61 1
3 4 4 5 5
5 98.77 1 3 4
4 4 7 7 107.72
1 3 4 4 4
6 7 110.04 1 3
4 4 4 6 6
97.83 1 3 4 4
4 5 7 108.58 1
3 4 4 4 5
6 103.98 1 3 4
4 4 5 5 95.84
1 3 4 4 4
4 7 105.43 1 3
4 4 4 4 6
95.81 1 3 4 4
4 4 5 98.48 1
3 4 4 4 4
4 82.74 1 3 3
7 7 7 7 93.71
1 3 3 6 7
7 7 95.38 1 3
3 6 6 7 7
94.52 1 3 3 6
6 6 7 95.29 1
3 3 6 6 6
6 86.54 1 3 3
5 7 7 7 97.87
1 3 3 5 6
7 7 98.37 1 3
3 5 6 6 7
96.89 1 3 3 5
6 6 6 85.91 1
3 3 5 5 7
7 96.98 1 3 3
5 5 6 7 98.21
1 3 3 5 5
6 6 87.25 1 3
3 5 5 5 7
98.89 1 3 3 5
5 5 6 75.36 1
3 3 5 5 5
5 93.48 1 3 3
4 7 7 7 104.97
1 3 3 4 6
7 7 106.23 1 3
3 4 6 6 7
105.66 1 3 3 4
6 6 6 97.78 1
3 3 4 5 7
7 109.3 1 3 3
4 5 6 7 107.99
1 3 3 4 5
6 6 97.7 1 3
3 4 5 5 7
106.89 1 3 3 4
5 5 6 97.56 1
3 3 4 5 5
5 93.54 1 3 3
4 4 7 7 106.24
1 3 3 4 4
6 7 106.85 1 3
3 4 4 6 6
97.8 1 3 3 4
4 5 7 108.68 1
3 3 4 4 5
6 97.39 1 3 3
4 4 5 5 97.68
1 3 3 4 4
4 7 108.26 1 3
3 4 4 4 6
101.55 1 3 3 4
4 4 5 94.07 1
3 3 4 4 4
4 89.81 1 3 3
3 7 7 7 99.61
1 3 3 3 6
7 7 98.4 1 3
3 3 6 6 7
102.39 1 3 3 3
6 6 6 86.37 1
3 3 3 5 7
7 97.6 1 3 3
3 5 6 7 95.47
1 3 3 3 5
6 6 89.71 1 3
3 3 5 5 7
102.47 1 3 3 3
5 5 6 76.7 1
3 3 3 5 5
5 100.23 1 3 3
3 4 7 7 109.83
1 3 3 3 4
6 7 109.48 1 3
3 3 4 6 6
96.57 1 3 3 3
4 5 7 108.33 1
3 3 3 4 5
6 101.5 1 3 3
3 4 5 5 100.79
1 3 3 3 4
4 7 111.27 1 3
3 3 4 4 6
96.75 1 3 3 3
4 4 5 104.13 1
3 3 3 4 4
4 85.56 1 3 3
3 3 7 7 94.56
1 3 3 3 3
6 7 95.59 1 3
3 3 3 6 6
86.85 1 3 3 3
3 5 7 95.82 1
3 3 3 3 5
6 78.43 1 3 3
3 3 5 5 97.63
1 3 3 3 3
4 7 106.36 1 3
3 3 3 4 6
98.41 1 3 3 3
3 4 5 97.82 1
3 3 3 3 4
4 87.19 1 3 3
3 3 3 7 98.59
1 3 3 3 3
3 6 75.41 1 3
3 3 3 3 5
99.42 1 3 3 3
3 3 4 75.33 1
3 3 3 3 3
3 84.73 1 2 7
7 7 7 7 94.12
1 2 6 7 7
7 7 95.5 1 2
6 6 7 7 7
98.09 1 2 6 6
6 7 7 96.65 1
2 6 6 6 6
7 97.67 1 2 6
6 6 6 6 94.13
1 2 5 7 7
7 7 103.24 1 2
5 6 7 7 7
104.52 1 2 5 6
6 7 7 107.13 1
2 5 6 6 6
7 106.28 1 2 5
6 6 6 6 95.18
1 2 5 5 7
7 7 105.97 1 2
5 5 6 7 7
107.18 1 2 5 5
6 6 7 109.34 1
2 5 5 6 6
6 99.66 1 2 5
5 5 7 7 108.56
1 2 5 5 5
6 7 110.76 1 2
5 5 5 6 6
95.04 1 2 5 5
5 5 7 105.69 1
2 5 5 5 5
6 98.03 1 2 5
5 5 5 5 83.24
1 2 4 7 7
7 7 95.15 1 2
4 6 7 7 7
94.83 1 2 4 6
6 7 7 98.21 1
2 4 6 6 6
7 96.53 1 2 4
6 6 6 6 93.5
1 2 4 5 7
7 7 105.25 1 2
4 5 6 7 7
104.71 1 2 4 5
6 6 7 109.87 1
2 4 5 6 6
6 94.12 1 2 4
5 5 7 7 104.87
1 2 4 5 5
6 7 105.37 1 2
4 5 5 6 6
98.34 1 2 4 5
5 5 7 109.75 1
2 4 5 5 5
6 95.33 1 2 4
5 5 5 5 88.45
1 2 4 4 7
7 7 98.12 1 2
4 4 6 7 7
99.38 1 2 4 4
6 6 7 103.56 1
2 4 4 6 6
6 98.14 1 2 4
4 5 7 7 109.17
1 2 4 4 5
6 7 110.15 1 2
4 4 5 6 6
99.39 1 2 4 4
5 5 7 110.57 1
2 4 4 5 5
6 103.04 1 2 4
4 5 5 5 85.49
1 2 4 4 4
7 7 94.89 1 2
4 4 4 6 7
95.63 1 2 4 4
4 6 6 96.16 1
2 4 4 4 5
7 107.1 1 2 4
4 4 5 6 95.96
1 2 4 4 4
5 5 87.95 1 2
4 4 4 4 7
97.98 1 2 4 4
4 4 6 97.57 1
2 4 4 4 4
5 73.34 1 2 4
4 4 4 4 113.11
1 2 3 7 7
7 7 111.78 1 2
3 6 7 7 7
116.81 1 2 3 6
6 7 7 114.77 1
2 3 6 6 6
7 116.8 1 2 3
6 6 6 6 112.78
1 2 3 5 7
7 7 112.35 1 2
3 5 6 7 7
118.36 1 2 3 5
6 6 7 115.65 1
2 3 5 6 6
6 119.22 1 2 3
5 5 7 7 117.7
1 2 3 5 5
6 7 123.26 1 2
3 5 5 6 6
113.52 1 2 3 5
5 5 7 114.32 1
2 3 5 5 5
6 117.17 1 2 3
5 5 5 5 112.02
1 2 3 4 7
7 7 112.95 1 2
3 4 6 7 7
116.11 1 2 3 4
6 6 7 114.89 1
2 3 4 6 6
6 113.51 1 2 3
4 5 7 7 111.44
1 2 3 4 5
6 7 117.04 1 2
3 4 5 6 6
117.43 1 2 3 4
5 5 7 119.17 1
2 3 4 5 5
6 114.84 1 2 3
4 5 5 5 117.03
1 2 3 4 4
7 7 117.91 1 2
3 4 4 6 7
122.81 1 2 3 4
4 6 6 117.29 1
2 3 4 4 5
7 116.6 1 2 3
4 4 5 6 122.12
1 2 3 4 4
5 5 115.01 1 2
3 4 4 4 7
115.83 1 2 3 4
4 4 6 115.53 1
2 3 4 4 4
5 117.32 1 2 3
4 4 4 4 111.44
1 2 3 3 7
7 7 116.23 1 2
3 3 6 7 7
116.34 1 2 3 3
6 6 7 116.9 1
2 3 3 6 6
6 116.06 1 2 3
3 5 7 7 119.53
1 2 3 3 5
6 7 118.83 1 2
3 3 5 6 6
114.98 1 2 3 3
5 5 7 117.82 1
2 3 3 5 5
6 117.64 1 2 3
3 5 5 5 111.41
1 2 3 3 4
7 7 115.26 1 2
3 3 4 6 7
115.51 1 2 3 3
4 6 6 116.18 1
2 3 3 4 5
7 117.4 1 2 3
3 4 5 6 114.98
1 2 3 3 4
5 5 114.65 1 2
3 3 4 4 7
121.1 1 2 3 3
4 4 6 121.74 1
2 3 3 4 4
5 112.05 1 2 3
3 4 4 4 121.5
1 2 3 3 3
7 7 119.64 1 2
3 3 3 6 7
123.14 1 2 3 3
3 6 6 119.15 1
2 3 3 3 5
7 116.24 1 2 3
3 3 5 6 124.21
1 2 3 3 3
5 5 118.42 1 2
3 3 3 4 7
117.46 1 2 3 3
3 4 6 117.33 1
2 3 3 3 4
5 125.54 1 2 3
3 3 4 4 117.08
1 2 3 3 3
3 7 118.71 1 2
3 3 3 3 6
117.66 1 2 3 3
3 3 5 115.32 1
2 3 3 3 3
4 120.93 1 2 3
3 3 3 3 82.41
1 2 2 7 7
7 7 92.93 1 2
2 6 7 7 7
94.87 1 2 2 6
6 7 7 94.77 1
2 2 6 6 6
7 96.29 1 2 2
6 6 6 6 93.94
1 2 2 5 7
7 7 103.84 1 2
2 5 6 7 7
106.28 1 2 2 5
6 6 7 107.06 1
2 2 5 6 6
6 94.92 1 2 2
5 5 7 7 105.8
1 2 2 5 5
6 7 107 1 2
2 5 5 6 6
97.31 1 2 2 5
5 5 7 109.46 1
2 2 5 5 5
6 94.6 1 2 2
5 5 5 5 87.15
1 2 2 4 7
7 7 98.55 1 2
2 4 6 7 7
98.47 1 2 2 4
6 6 7 98.03 1
2 2 4 6 6
6 97.15 1 2 2
4 5 7 7 108.73
1 2 2 4 5
6 7 108.69 1 2
2 4 5 6 6
98.6 1 2 2 4
5 5 7 109.91 1
2 2 4 5 5
6 101.47 1 2 2
4 5 5 5 86.95
1 2 2 4 4
7 7 96.71 1 2
2 4 4 6 7
97.66 1 2 2 4
4 6 6 96.84 1
2 2 4 4 5
7 108.9 1 2 2
4 4 5 6 97.69
1 2 2 4 4
5 5 86.8 1 2
2 4 4 4 7
98.91 1 2 2 4
4 4 6 98.94 1
2 2 4 4 4
5 74.39 1 2 2
4 4 4 4 111.34
1 2 2 3 7
7 7 115.53 1 2
2 3 6 7 7
116.4 1 2 2 3
6 6 7 116.94 1
2 2 3 6 6
6 110.38 1 2 2
3 5 7 7 115.44
1 2 2 3 5
6 7 115.99 1 2
2 3 5 6 6
115.85 1 2 2 3
5 5 7 120.65 1
2 2 3 5 5
6 111.35 1 2 2
3 5 5 5 115.51
1 2 2 3 4
7 7 117.93 1 2
2 3 4 6 7
118.54 1 2 2 3
4 6 6 114 1
2 2 3 4 5
7 118.21 1 2 2
3 4 5 6 119.13
1 2 2 3 4
5 5 115.57 1 2
2 3 4 4 7
118.65 1 2 2 3
4 4 6 114.61 1
2 2 3 4 4
5 117.45 1 2 2
3 4 4 4 113.1
1 2 2 3 3
7 7 115.38 1 2
2 3 3 6 7
114.95 1 2 2 3
3 6 6 114.51 1
2 2 3 3 5
7 117.22 1 2 2
3 3 5 6 114.07
1 2 2 3 3
5 5 115.58 1 2
2 3 3 4 7
117.83 1 2 2 3
3 4 6 118.77 1
2 2 3 3 4
5 114.23 1 2 2
3 3 4 4 118.25
1 2 2 3 3
3 7 122.36 1 2
2 3 3 3 6
113.53 1 2 2 3
3 3 5 121.61 1
2 2 3 3 3
4 115.46 1 2 2
3 3 3 3 87.91
1 2 2 2 7
7 7 99.03 1 2
2 2 6 7 7
98.75 1 2 2 2
6 6 7 102.68 1
2 2 2 6 6
6 99.93 1 2 2
2 5 7 7 109.74
1 2 2 2 5
6 7 108.88 1 2
2 2 5 6 6
101.85 1 2 2 2
5 5 7 111.62 1
2 2 2 5 5
6 103.91 1 2 2
2 5 5 5 84.11
1 2 2 2 4
7 7 97.46 1 2
2 2 4 6 7
95.19 1 2 2 2
4 6 6 97.02 1
2 2 2 4 5
7 109.45 1 2 2
2 4 5 6 97.36
1 2 2 2 4
5 5 89.26 1 2
2 2 4 4 7
101.2 1 2 2 2
4 4 6 101.76 1
2 2 2 4 4
5 77.29 1 2 2
2 4 4 4 119.92
1 2 2 2 3
7 7 119.74 1 2
2 2 3 6 7
123.94 1 2 2 2
3 6 6 120.46 1
2 2 2 3 5
7 117.8 1 2 2
2 3 5 6 123.78
1 2 2 2 3
5 5 117.25 1 2
2 2 3 4 7
115.63 1 2 2 2
3 4 6 117.28 1
2 2 2 3 4
5 123.49 1 2 2
2 3 4 4 117.65
1 2 2 2 3
3 7 121.86 1 2
2 2 3 3 6
120.56 1 2 2 2
3 3 5 114.46 1
2 2 2 3 3
4 128.53 1 2 2
2 3 3 3 85.7
1 2 2 2 2
7 7 95.94 1 2
2 2 2 6 7
94.61 1 2 2 2
2 6 6 96.79 1
2 2 2 2 5
7 105.83 1 2 2
2 2 5 6 97.9
1 2 2 2 2
5 5 87.61 1 2
2 2 2 4 7
96.23 1 2 2 2
2 4 6 98.22 1
2 2 2 2 4
5 77.65 1 2 2
2 2 4 4 116.54
1 2 2 2 2
3 7 116.4 1 2
2 2 2 3 6
114.97 1 2 2 2
2 3 5 118.33 1
2 2 2 2 3
4 114.75 1 2 2
2 2 3 3 86.93
1 2 2 2 2
2 7 98.38 1 2
2 2 2 2 6
98.09 1 2 2 2
2 2 5 76.01 1
2 2 2 2 2
4 121.57 1 2 2
2 2 2 3 75.31
1 2 2 2 2
2 2 62.32 1 1
7 7 7 7 7
75.25 1 1 6 7
7 7 7 75.42 1
1 6 6 7 7
7 77.65 1 1 6
6 6 7 7 77.68
1 1 6 6 6
6 7 75.34 1 1
6 6 6 6 6
72.88 1 1 5 7
7 7 7 86.8 1
1 5 6 7 7
7 87.38 1 1 5
6 6 7 7 89.95
1 1 5 6 6
6 7 90.24 1 1
5 6 6 6 6
73.91 1 1 5 5
7 7 7 86.19 1
1 5 5 6 7
7 86.95 1 1 5
5 6 6 7 89.13
1 1 5 5 6
6 6 73.35 1 1
5 5 5 7 7
87.15 1 1 5 5
5 6 7 88.24 1
1 5 5 5 6
6 74.29 1 1 5
5 5 5 7 87.14
1 1 5 5 5
5 6 62 1 1
5 5 5 5 5
73.91 1 1 4 7
7 7 7 87.89 1
1 4 6 7 7
7 86.68 1 1 4
6 6 7 7 89.4
1 1 4 6 6
6 7 89.06 1 1
4 6 6 6 6
83.98 1 1 4 5
7 7 7 95.93 1
1 4 5 6 7
7 96.48 1 1 4
5 6 6 7 99.92
1 1 4 5 6
6 6 85.72 1 1
4 5 5 7 7
98.19 1 1 4 5
5 6 7 98.81 1
1 4 5 5 6
6 85.87 1 1 4
5 5 5 7 99.71
1 1 4 5 5
5 6 85.58 1 1
4 5 5 5 5
73.32 1 1 4 4
7 7 7 86.66 1
1 4 4 6 7
7 86.59 1 1 4
4 6 6 7 89.2
1 1 4 4 6
6 6 85.98 1 1
4 4 5 7 7
97.46 1 1 4 4
5 6 7 98.79 1
1 4 4 5 6
6 85.38 1 1 4
4 5 5 7 99.27
1 1 4 4 5
5 6 85.28 1 1
4 4 5 5 5
74.05 1 1 4 4
4 7 7 87.1 1
1 4 4 4 6
7 87.36 1 1 4
4 4 6 6 85.12
1 1 4 4 4
5 7 98 1 1
4 4 4 5 6
85.29 1 1 4 4
4 5 5 73.79 1
1 4 4 4 4
7 86.76 1 1 4
4 4 4 6 85.9
1 1 4 4 4
4 5 61.51 1 1
4 4 4 4 4
82.64 1 1 3 7
7 7 7 93.52 1
1 3 6 7 7
7 96.09 1 1 3
6 6 7 7 98.38
1 1 3 6 6
6 7 94.95 1 1
3 6 6 6 6
85.87 1 1 3 5
7 7 7 97.03 1
1 3 5 6 7
7 98.34 1 1 3
5 6 6 7 101.79
1 1 3 5 6
6 6 86.06 1 1
3 5 5 7 7
96.67 1 1 3 5
5 6 7 97.24 1
1 3 5 5 6
6 86.71 1 1 3
5 5 5 7 98.14
1 1 3 5 5
5 6 75.3 1 1
3 5 5 5 5
93.45 1 1 3 4
7 7 7 104.53 1
1 3 4 6 7
7 105.43 1 1 3
4 6 6 7 107.05
1 1 3 4 6
6 6 98.16 1 1
3 4 5 7 7
108.51 1 1 3 4
5 6 7 109.73 1
1 3 4 5 6
6 97.24 1 1 3
4 5 5 7 107.11
1 1 3 4 5
5 6 98.36 1 1
3 4 5 5 5
95.45 1 1 3 4
4 7 7 104.79 1
1 3 4 4 6
7 106.38 1 1 3
4 4 6 6 98.09
1 1 3 4 4
5 7 108.55 1 1
3 4 4 5 6
97.54 1 1 3 4
4 5 5 95.93 1
1 3 4 4 4
7 106.49 1 1 3
4 4 4 6 97.36
1 1 3 4 4
4 5 96.43 1 1
3 4 4 4 4
83.29 1 1 3 3
7 7 7 95.71 1
1 3 3 6 7
7 94.19 1 1 3
3 6 6 7 94.85
1 1 3 3 6
6 6 86.46 1 1
3 3 5 7 7
97.62 1 1 3 3
5 6 7 97.94 1
1 3 3 5 6
6 85.81 1 1 3
3 5 5 7 97.45
1 1 3 3 5
5 6 74.65 1 1
3 3 5 5 5
94.81 1 1 3 3
4 7 7 106.46 1
1 3 3 4 6
7 105.8 1 1 3
3 4 6 6 97.37
1 1 3 3 4
5 7 109.41 1 1
3 3 4 5 6
98.94 1 1 3 3
4 5 5 94.92 1
1 3 3 4 4
7 105.72 1 1 3
3 4 4 6 98.24
1 1 3 3 4
4 5 95.58 1 1
3 3 4 4 4
85.45 1 1 3 3
3 7 7 97.41 1
1 3 3 3 6
7 94.43 1 1 3
3 3 6 6 88.85
1 1 3 3 3
5 7 101.81 1 1
3 3 3 5 6
76.57 1 1 3 3
3 5 5 97.5 1
1 3 3 3 4
7 110.36 1 1 3
3 3 4 6 100.79
1 1 3 3 3
4 5 97.27 1 1
3 3 3 4 4
85.62 1 1 3 3
3 3 7 94.58 1
1 3 3 3 3
6 78.42 1 1 3
3 3 3 5 97.8
1 1 3 3 3
3 4 75.36 1 1
3 3 3 3 3
83.4 1 1 2 7
7 7 7 93.79 1
1 2 6 7 7
7 95.2 1 1 2
6 6 7 7 98.2
1 1 2 6 6
6 7 95.96 1 1
2 6 6 6 6
94.04 1 1 2 5
7 7 7 104.07 1
1 2 5 6 7
7 105.26 1 1 2
5 6 6 7 108.4
1 1 2 5 6
6 6 94.65 1 1
2 5 5 7 7
106.25 1 1 2 5
5 6 7 106.05 1
1 2 5 5 6
6 95.42 1 1 2
5 5 5 7 106.63
1 1 2 5 5
5 6 95.24 1 1
2 5 5 5 5
86.39 1 1 2 4
7 7 7 97.86 1
1 2 4 6 7
7 98.37 1 1 2
4 6 6 7 102.03
1 1 2 4 6
6 6 96.32 1 1
2 4 5 7 7
109.22 1 1 2 4
5 6 7 109.86 1
1 2 4 5 6
6 98.59 1 1 2
4 5 5 7 109.46
1 1 2 4 5
5 6 98 1 1
2 4 5 5 5
85.54 1 1 2 4
4 7 7 95.93 1
1 2 4 4 6
7 97.44 1 1 2
4 4 6 6 96.83
1 1 2 4 4
5 7 107.51 1 1
2 4 4 5 6
98.51 1 1 2 4
4 5 5 87.52 1
1 2 4 4 4
7 99.15 1 1 2
4 4 4 6 97.76
1 1 2 4 4
4 5 74.97 1 1
2 4 4 4 4
113.93 1 1 2 3
7 7 7 111.41 1
1 2 3 6 7
7 115.25 1 1 2
3 6 6 7 112
1 1 2 3 6
6 6 115.25 1 1
2 3 5 7 7
116.3 1 1 2 3
5 6 7 119.81 1
1 2 3 5 6
6 115.71 1 1 2
3 5 5 7 115
1 1 2 3 5
5 6 117.47 1 1
2 3 5 5 5
116.73 1 1 2 3
4 7 7 115.53 1
1 2 3 4 6
7 119.43 1 1 2
3 4 6 6 119.41
1 1 2 3 4
5 7 118.91 1 1
2 3 4 5 6
118.38 1 1 2 3
4 5 5 116.79 1
1 2 3 4 4
7 115.37 1 1 2
3 4 4 6 119.45
1 1 2 3 4
4 5 118.21 1 1
2 3 4 4 4
110.99 1 1 2 3
3 7 7 115.44 1
1 2 3 3 6
7 114.56 1 1 2
3 3 6 6 114.58
1 1 2 3 3
5 7 119.02 1 1
2 3 3 5 6
114.7 1 1 2 3
3 5 5 116.29 1
1 2 3 3 4
7 118.86 1 1 2
3 3 4 6 117.78
1 1 2 3 3
4 5 114.91 1 1
2 3 3 4 4
117.83 1 1 2 3
3 3 7 113.63 1
1 2 3 3 3
6 121.5 1 1 2
3 3 3 5 121.64
1 1 2 3 3
3 4 113.88 1 1
2 3 3 3 3
82.98 1 1 2 2
7 7 7 94.59 1
1 2 2 6 7
7 94.89 1 1 2
2 6 6 7 94.35
1 1 2 2 6
6 6 95.55 1 1
2 2 5 7 7
106.46 1 1 2 2
5 6 7 105.49 1
1 2 2 5 6
6 95.66 1 1 2
2 5 5 7 106.9
1 1 2 2 5
5 6 94.6 1 1
2 2 5 5 5
86.8 1 1 2 2
4 7 7 98.03 1
1 2 2 4 6
7 96.85 1 1 2
2 4 6 6 97.96
1 1 2 2 4
5 7 109.57 1 1
2 2 4 5 6
96.95 1 1 2 2
4 5 5 85.98 1
1 2 2 4 4
7 97.63 1 1 2
2 4 4 6 97.68
1 1 2 2 4
4 5 75.07 1 1
2 2 4 4 4
111.57 1 1 2 2
3 7 7 116.42 1
1 2 2 3 6
7 114.44 1 1 2
2 3 6 6 114.49
1 1 2 2 3
5 7 118.4 1 1
2 2 3 5 6
114.73 1 1 2 2
3 5 5 115.11 1
1 2 2 3 4
7 118.84 1 1 2
2 3 4 6 117.67
1 1 2 2 3
4 5 114.79 1 1
2 2 3 4 4
110.14 1 1 2 2
3 3 7 114.43 1
1 2 2 3 3
6 114.24 1 1 2
2 3 3 5 114.71
1 1 2 2 3
3 4 114.3 1 1
2 2 3 3 3
85.92 1 1 2 2
2 7 7 97.21 1
1 2 2 2 6
7 94.06 1 1 2
2 2 6 6 97.62
1 1 2 2 2
5 7 109.16 1 1
2 2 2 5 6
97.32 1 1 2 2
2 5 5 89.16 1
1 2 2 2 4
7 101.74 1 1 2
2 2 4 6 101.13
1 1 2 2 2
4 5 78.17 1 1
2 2 2 4 4
119.09 1 1 2 2
2 3 7 115.19 1
1 2 2 2 3
6 122.15 1 1 2
2 2 3 5 121.87
1 1 2 2 2
3 4 114.95 1 1
2 2 2 3 3
85.12 1 1 2 2
2 2 7 94.74 1
1 2 2 2 2
6 97.37 1 1 2
2 2 2 5 77.82
1 1 2 2 2
2 4 114.73 1 1
2 2 2 2 3
75.93 1 1 2 2
2 2 2 64.21 1
1 1 7 7 7
7 77.39 1 1 1
6 7 7 7 77.59
1 1 1 6 6
7 7 79.88 1 1
1 6 6 6 7
80.28 1 1 1 6
6 6 6 76.86 1
1 1 5 7 7
7 89.36 1 1 1
5 6 7 7 89.42
1 1 1 5 6
6 7 92.41 1 1
1 5 6 6 6
74.23 1 1 1 5
5 7 7 86.81 1
1 1 5 5 6
7 86.37 1 1 1
5 5 6 6 76.57
1 1 1 5 5
5 7 89.36 1 1
1 5 5 5 6
63.99 1 1 1 5
5 5 5 75.75 1
1 1 4 7 7
7 89.2 1 1 1
4 6 7 7 90.75
1 1 1 4 6
6 7 92.27 1 1
1 4 6 6 6
86.62 1 1 1 4
5 7 7 99.26 1
1 1 4 5 6
7 100.89 1 1 1
4 5 6 6 85.83
1 1 1 4 5
5 7 98.22 1 1
1 4 5 5 6
89.01 1 1 1 4
5 5 5 73.71 1
1 1 4 4 7
7 85.43 1 1 1
4 4 6 7 87.12
1 1 1 4 4
6 6 85.41 1 1
1 4 4 5 7
98.32 1 1 1 4
4 5 6 82.81 1
1 1 4 4 5
5 77 1 1 1
4 4 4 7 89.49
1 1 1 4 4
4 6 89.47 1 1
1 4 4 4 5
64.63 1 1 1 4
4 4 4 89.2 1
1 1 3 7 7
7 99.11 1 1 1
3 6 7 7 101.41
1 1 1 3 6
6 7 105.7 1 1
1 3 6 6 6
85.73 1 1 1 3
5 7 7 96.2 1
1 1 3 5 6
7 96.8 1 1 1
3 5 6 6 90.16
1 1 1 3 5
5 7 101.56 1 1
1 3 5 5 6
76.73 1 1 1 3
5 5 5 99.76 1
1 1 3 4 7
7 109.54 1 1 1
3 4 6 7 111.91
1 1 1 3 4
6 6 98.48 1 1
1 3 4 5 7
108.86 1 1 1 3
4 5 6 102.27 1
1 1 3 4 5
5 99.37 1 1 1
3 4 4 7 109.43
1 1 1 3 4
4 6 94.83 1 1
1 3 4 4 5
102.13 1 1 1 3
4 4 4 85.42 1
1 1 3 3 7
7 97.61 1 1 1
3 3 6 7 97.4
1 1 1 3 3
6 6 90 1 1
1 3 3 5 7
101.06 1 1 1 3
3 5 6 77.72 1
1 1 3 3 5
5 97.62 1 1 1
3 3 4 7 108.28
1 1 1 3 3
4 6 100.45 1 1
1 3 3 4 5
95.25 1 1 1 3
3 4 4 92.1 1
1 1 3 3 3
7 104.05 1 1 1
3 3 3 6 80.81
1 1 1 3 3
3 5 103.72 1 1
1 3 3 3 4
80.03 1 1 1 3
3 3 3 89.42 1
1 1 2 7 7
7 98.73 1 1 1
2 6 7 7 100.45
1 1 1 2 6
6 7 104.84 1 1
1 2 6 6 6
99.67 1 1 1 2
5 7 7 109.63 1
1 1 2 5 6
7 111.41 1 1 1
2 5 6 6 98.57
1 1 1 2 5
5 7 109.88 1 1
1 2 5 5 6
100.71 1 1 1 2
5 5 5 85.27 1
1 1 2 4 7
7 96.36 1 1 1
2 4 6 7 97.3
1 1 1 2 4
6 6 97.94 1 1
1 2 4 5 7
108.55 1 1 1 2
4 5 6 95.45 1
1 1 2 4 5
5 90.32 1 1 1
2 4 4 7 101.63
1 1 1 2 4
4 6 101.11 1 1
1 2 4 4 5
76.72 1 1 1 2
4 4 4 120.2 1
1 1 2 3 7
7 119.92 1 1 1
2 3 6 7 124.94
1 1 1 2 3
6 6 119.35 1 1
1 2 3 5 7
118.74 1 1 1 2
3 5 6 122.58 1
1 1 2 3 5
5 119.04 1 1 1
2 3 4 7 118.14
1 1 1 2 3
4 6 115.88 1 1
1 2 3 4 5
122.84 1 1 1 2
3 4 4 118.25 1
1 1 2 3 3
7 121.9 1 1 1
2 3 3 6 121.49
1 1 1 2 3
3 5 113.97 1 1
1 2 3 3 4
127.56 1 1 1 2
3 3 3 85.71 1
1 1 2 2 7
7 97.51 1 1 1
2 2 6 7 97.78
1 1 1 2 2
6 6 98.15 1 1
1 2 2 5 7
109.13 1 1 1 2
2 5 6 95.43 1
1 1 2 2 5
5 90.5 1 1 1
2 2 4 7 100.79
1 1 1 2 2
4 6 101.18 1 1
1 2 2 4 5
77.73 1 1 1 2
2 4 4 117.77 1
1 1 2 2 3
7 120.55 1 1 1
2 2 3 6 114.98
1 1 1 2 2
3 5 122.05 1 1
1 2 2 3 4
114.89 1 1 1 2
2 3 3 92.94 1
1 1 2 2 2
7 105.32 1 1 1
2 2 2 6 104.92
1 1 1 2 2
2 5 80.09 1 1
1 2 2 2 4
128.41 1 1 1 2
2 2 3 80.72 1
1 1 2 2 2
2 64.14 1 1 1
1 7 7 7 78.3
1 1 1 1 6
7 7 77.47 1 1
1 1 6 6 7
80.14 1 1 1 1
6 6 6 73.66 1
1 1 1 5 7
7 87.91 1 1 1
1 5 6 7 87.52
1 1 1 1 5
6 6 74.1 1 1
1 1 5 5 7
87 1 1 1 1
5 5 6 64.35 1
1 1 1 5 5
5 73.34 1 1 1
1 4 7 7 86.75
1 1 1 1 4
6 7 86.8 1 1
1 1 4 6 6
83.23 1 1 1 1
4 5 7 96.74 1
1 1 1 4 5
6 82.79 1 1 1
1 4 5 5 73.35
1 1 1 1 4
4 7 87.03 1 1
1 1 4 4 6
82.83 1 1 1 1
4 4 5 63.8 1
1 1 1 4 4
4 85.62 1 1 1
1 3 7 7 97.45
1 1 1 1 3
6 7 96.48 1 1
1 1 3 6 6
86.93 1 1 1 1
3 5 7 99.06 1
1 1 1 3 5
6 77.6 1 1 1
1 3 5 5 94.64
1 1 1 1 3
4 7 106.57 1 1
1 1 3 4 6
96.82 1 1 1 1
3 4 5 95.47 1
1 1 1 3 4
4 86.3 1 1 1
1 3 3 7 96.36
1 1 1 1 3
3 6 78.51 1 1
1 1 3 3 5
95.03 1 1 1 1
3 3 4 79.99 1
1 1 1 3 3
3 86 1 1 1
1 2 7 7 97.24
1 1 1 1 2
6 7 96.64 1 1
1 1 2 6 6
94.82 1 1 1 1
2 5 7 105.69 1
1 1 1 2 5
6 94.65 1 1 1
1 2 5 5 86.46
1 1 1 1 2
4 7 98.84 1 1
1 1 2 4 6
96.64 1 1 1 1
2 4 5 78.01 1
1 1 1 2 4
4 117.08 1 1 1
1 2 3 7 113.95
1 1 1 1 2
3 6 117.23 1 1
1 1 2 3 5
117.26 1 1 1 1
2 3 4 113.5 1
1 1 1 2 3
3 85.88 1 1 1
1 2 2 7 97.01
1 1 1 1 2
2 6 95.06 1 1
1 1 2 2 5
78.15 1 1 1 1
2 2 4 116.1 1
1 1 1 2 2
3 80.37 1 1 1
1 2 2 2 62.06
1 1 1 1 1
7 7 75.13 1 1
1 1 1 6 7
74.74 1 1 1 1
1 6 6 73.5 1
1 1 1 1 5
7 86.76 1 1 1
1 1 5 6 61.75
1 1 1 1 1
5 5 73.42 1 1
1 1 1 4 7
87.17 1 1 1 1
1 4 6 83.54 1
1 1 1 1 4
5 61.49 1 1 1
1 1 4 4 86.88
1 1 1 1 1
3 7 98 1 1
1 1 1 3 6
74.88 1 1 1 1
1 3 5 98.44 1
1 1 1 1 3
4 75.47 1 1 1
1 1 3 3 86.38
1 1 1 1 1
2 7 97.67 1 1
1 1 1 2 6
97.74 1 1 1 1
1 2 5 76.14 1
1 1 1 1 2
4 121.01 1 1 1
1 1 2 3 75.03
1 1 1 1 1
2 2 61.56 1 1
1 1 1 1 7
75.87 1 1 1 1
1 1 6 62.16 1
1 1 1 1 1
5 61.6 1 1 1
1 1 1 4 75.69
1 1 1 1 1
1 3 74.59 1 1
1 1 1 1 2
48.26 1 1 1 1
1 1 1
