44.12 7 7 7 7
7 7 7 51.15 6
7 7 7 7 7
7 50.73 6 6 7
7 7 7 7 52.92
6 6 6 7 7
7 7 52.69 6 6
6 6 7 7 7
51.26 6 6 6 6
6 7 7 50.96 6
6 6 6 6 6
7 43.8 6 6 6
6 6 6 6 51.23
5 7 7 7 7
7 7 57.28 5 6
7 7 7 7 7
58.43 5 6 6 7
7 7 7 60.19 5
6 6 6 7 7
7 60.31 5 6 6
6 6 7 7 58.88
5 6 6 6 6
6 7 57.58 5 6
6 6 6 6 6
51.07 5 5 7 7
7 7 7 58.49 5
5 6 7 7 7
7 58.05 5 5 6
6 7 7 7 59.97
5 5 6 6 6
7 7 59.79 5 5
6 6 6 6 7
58.89 5 5 6 6
6 6 6 52.81 5
5 5 7 7 7
7 59.63 5 5 5
6 7 7 7 60.27
5 5 5 6 6
7 7 62.17 5 5
5 6 6 6 7
61.63 5 5 5 6
6 6 6 52.1 5
5 5 5 7 7
7 60.52 5 5 5
5 6 7 7 60.29
5 5 5 5 6
6 7 61.47 5 5
5 5 6 6 6
51.58 5 5 5 5
5 7 7 58.78 5
5 5 5 5 6
7 58.6 5 5 5
5 5 6 6 51.25
5 5 5 5 5
5 7 58.6 5 5
5 5 5 5 6
43.36 5 5 5 5
5 5 5 51.09 4
7 7 7 7 7
7 56.58 4 6 7
7 7 7 7 57.24
4 6 6 7 7
7 7 58.94 4 6
6 6 7 7 7
59.92 4 6 6 6
6 7 7 59.15 4
6 6 6 6 6
7 58.77 4 6 6
6 6 6 6 57.12
4 5 7 7 7
7 7 61.22 4 5
6 7 7 7 7
63.98 4 5 6 6
7 7 7 63.43 4
5 6 6 6 7
7 66.13 4 5 6
6 6 6 7 64.97
4 5 6 6 6
6 6 58.64 4 5
5 7 7 7 7
63.65 4 5 5 6
7 7 7 64.53 4
5 5 6 6 7
7 66.85 4 5 5
6 6 6 7 66.88
4 5 5 6 6
6 6 58.62 4 5
5 5 7 7 7
64.02 4 5 5 5
6 7 7 67.23 4
5 5 5 6 6
7 67.87 4 5 5
5 6 6 6 60.58
4 5 5 5 5
7 7 65.77 4 5
5 5 5 6 7
66.65 4 5 5 5
5 6 6 59.42 4
5 5 5 5 5
7 64.45 4 5 5
5 5 5 6 58.83
4 5 5 5 5
5 5 51.45 4 4
7 7 7 7 7
57.9 4 4 6 7
7 7 7 59.04 4
4 6 6 7 7
7 59.63 4 4 6
6 6 7 7 60.4
4 4 6 6 6
6 7 59.25 4 4
6 6 6 6 6
58.28 4 4 5 7
7 7 7 64.41 4
4 5 6 7 7
7 65.03 4 4 5
6 6 7 7 66.91
4 4 5 6 6
6 7 67 4 4
5 6 6 6 6
59.2 4 4 5 5
7 7 7 64.56 4
4 5 5 6 7
7 64.14 4 4 5
5 6 6 7 66.34
4 4 5 5 6
6 6 60.2 4 4
5 5 5 7 7
66.21 4 4 5 5
5 6 7 68.05 4
4 5 5 5 6
6 60.21 4 4 5
5 5 5 7 67.27
4 4 5 5 5
5 6 58.84 4 4
5 5 5 5 5
53.4 4 4 4 7
7 7 7 59.06 4
4 4 6 7 7
7 59.94 4 4 4
6 6 7 7 62.01
4 4 4 6 6
6 7 61.15 4 4
4 6 6 6 6
58.68 4 4 4 5
7 7 7 64.98 4
4 4 5 6 7
7 66.43 4 4 4
5 6 6 7 67.98
4 4 4 5 6
6 6 59.96 4 4
4 5 5 7 7
66.86 4 4 4 5
5 6 7 69.09 4
4 4 5 5 6
6 60.87 4 4 4
5 5 5 7 67.21
4 4 4 5 5
5 6 61.3 4 4
4 5 5 5 5
52.46 4 4 4 4
7 7 7 59.64 4
4 4 4 6 7
7 59.75 4 4 4
4 6 6 7 61.48
4 4 4 4 6
6 6 60.37 4 4
4 4 5 7 7
66.15 4 4 4 4
5 6 7 67.22 4
4 4 4 5 6
6 59.49 4 4 4
4 5 5 7 67.83
4 4 4 4 5
5 6 61.69 4 4
4 4 5 5 5
51.39 4 4 4 4
4 7 7 57.93 4
4 4 4 4 6
7 58.61 4 4 4
4 4 6 6 58.25
4 4 4 4 4
5 7 63.79 4 4
4 4 4 5 6
59.47 4 4 4 4
4 5 5 51.33 4
4 4 4 4 4
7 59.23 4 4 4
4 4 4 6 58.43
4 4 4 4 4
4 5 43.77 4 4
4 4 4 4 4
51.34 3 7 7 7
7 7 7 57.56 3
6 7 7 7 7
7 56.32 3 6 6
7 7 7 7 59.51
3 6 6 6 7
7 7 56.36 3 6
6 6 6 7 7
57.86 3 6 6 6
6 6 7 50.95 3
6 6 6 6 6
6 57.31 3 5 7
7 7 7 7 61.46
3 5 6 7 7
7 7 63.42 3 5
6 6 7 7 7
65 3 5 6 6
6 7 7 63.13 3
5 6 6 6 6
7 64.27 3 5 6
6 6 6 6 56.86
3 5 5 7 7
7 7 62.19 3 5
5 6 7 7 7
63.54 3 5 5 6
6 7 7 65.44 3
5 5 6 6 6
7 62.56 3 5 5
6 6 6 6 59.99
3 5 5 5 7
7 7 64.86 3 5
5 5 6 7 7
64.38 3 5 5 5
6 6 7 67.85 3
5 5 5 6 6
6 57.04 3 5 5
5 5 7 7 63.35
3 5 5 5 5
6 7 63.31 3 5
5 5 5 6 6
59.03 3 5 5 5
5 5 7 64.55 3
5 5 5 5 5
6 50.98 3 5 5
5 5 5 5 56.54
3 4 7 7 7
7 7 62.94 3 4
6 7 7 7 7
62.75 3 4 6 6
7 7 7 65.2 3
4 6 6 6 7
7 63.24 3 4 6
6 6 6 7 64.48
3 4 6 6 6
6 6 62.85 3 4
5 7 7 7 7
67.12 3 4 5 6
7 7 7 68.8 3
4 5 6 6 7
7 69.52 3 4 5
6 6 6 7 69.2
3 4 5 6 6
6 6 62.57 3 4
5 5 7 7 7
67.27 3 4 5 5
6 7 7 67.73 3
4 5 5 6 6
7 70.5 3 4 5
5 6 6 6 64.53
3 4 5 5 5
7 7 70.67 3 4
5 5 5 6 7
70.58 3 4 5 5
5 6 6 63.53 3
4 5 5 5 5
7 68.98 3 4 5
5 5 5 6 64.03
3 4 5 5 5
5 5 58.44 3 4
4 7 7 7 7
64.12 3 4 4 6
7 7 7 62.74 3
4 4 6 6 7
7 66.24 3 4 4
6 6 6 7 65.22
3 4 4 6 6
6 6 64.14 3 4
4 5 7 7 7
69.24 3 4 4 5
6 7 7 70.11 3
4 4 5 6 6
7 72.09 3 4 4
5 6 6 6 63.84
3 4 4 5 5
7 7 69.23 3 4
4 5 5 6 7
70.34 3 4 4 5
5 6 6 66.39 3
4 4 5 5 5
7 71.79 3 4 4
5 5 5 6 64.29
3 4 4 5 5
5 5 59.26 3 4
4 4 7 7 7
64.89 3 4 4 4
6 7 7 64.47 3
4 4 4 6 6
7 67.54 3 4 4
4 6 6 6 65.48
3 4 4 4 5
7 7 69.99 3 4
4 4 5 6 7
71.09 3 4 4 4
5 6 6 65.26 3
4 4 4 5 5
7 71.04 3 4 4
4 5 5 6 67.52
3 4 4 4 5
5 5 59.99 3 4
4 4 4 7 7
65.54 3 4 4 4
4 6 7 65.71 3
4 4 4 4 6
6 65.62 3 4 4
4 4 5 7 68.99
3 4 4 4 4
5 6 65.72 3 4
4 4 4 5 5
58.23 3 4 4 4
4 4 7 64.12 3
4 4 4 4 4
6 64.64 3 4 4
4 4 4 5 58.32
3 4 4 4 4
4 4 50.7 3 3
7 7 7 7 7
56.83 3 3 6 7
7 7 7 57.72 3
3 6 6 7 7
7 57.4 3 3 6
6 6 7 7 56.75
3 3 6 6 6
6 7 50.93 3 3
6 6 6 6 6
56.18 3 3 5 7
7 7 7 61.69 3
3 5 6 7 7
7 63.6 3 3 5
6 6 7 7 63.42
3 3 5 6 6
6 7 63.44 3 3
5 6 6 6 6
56.82 3 3 5 5
7 7 7 64.11 3
3 5 5 6 7
7 63.58 3 3 5
5 6 6 7 63.1
3 3 5 5 6
6 6 57.42 3 3
5 5 5 7 7
61.34 3 3 5 5
5 6 7 63.4 3
3 5 5 5 6
6 57.66 3 3 5
5 5 5 7 63.78
3 3 5 5 5
5 6 50.43 3 3
5 5 5 5 5
58.79 3 3 4 7
7 7 7 64.11 3
3 4 6 7 7
7 65.06 3 3 4
6 6 7 7 64.53
3 3 4 6 6
6 7 64.11 3 3
4 6 6 6 6
63.66 3 3 4 5
7 7 7 67.97 3
3 4 5 6 7
7 69.63 3 3 4
5 6 6 7 69.27
3 3 4 5 6
6 6 63.68 3 3
4 5 5 7 7
70.18 3 3 4 5
5 6 7 70.82 3
3 4 5 5 6
6 64.83 3 3 4
5 5 5 7 69.64
3 3 4 5 5
5 6 63.69 3 3
4 5 5 5 5
58.41 3 3 4 4
7 7 7 64.02 3
3 4 4 6 7
7 65.03 3 3 4
4 6 6 7 63.46
3 3 4 4 6
6 6 63.86 3 3
4 4 5 7 7
69.65 3 3 4 4
5 6 7 69.7 3
3 4 4 5 6
6 64.32 3 3 4
4 5 5 7 69.97
3 3 4 4 5
5 6 64.61 3 3
4 4 5 5 5
59.69 3 3 4 4
4 7 7 65.68 3
3 4 4 4 6
7 65.69 3 3 4
4 4 6 6 66.4
3 3 4 4 4
5 7 71.11 3 3
4 4 4 5 6
66.54 3 3 4 4
4 5 5 60.88 3
3 4 4 4 4
7 65.86 3 3 4
4 4 4 6 67
3 3 4 4 4
4 5 58.05 3 3
4 4 4 4 4
52.7 3 3 3 7
7 7 7 59.03 3
3 3 6 7 7
7 57 3 3 3
6 6 7 7 59.84
3 3 3 6 6
6 7 52.34 3 3
3 6 6 6 6
58.17 3 3 3 5
7 7 7 64.09 3
3 3 5 6 7
7 63.01 3 3 3
5 6 6 7 65.2
3 3 3 5 6
6 6 56.83 3 3
3 5 5 7 7
63.28 3 3 3 5
5 6 7 61.68 3
3 3 5 5 6
6 58.48 3 3 3
5 5 5 7 65.1
3 3 3 5 5
5 6 52.85 3 3
3 5 5 5 5
58.84 3 3 3 4
7 7 7 65.7 3
3 3 4 6 7
7 62.2 3 3 3
4 6 6 7 66
3 3 3 4 6
6 6 65.41 3 3
3 4 5 7 7
70.25 3 3 3 4
5 6 7 69.5 3
3 3 4 5 6
6 63.02 3 3 3
4 5 5 7 70.34
3 3 3 4 5
5 6 64.86 3 3
3 4 5 5 5
60.37 3 3 3 4
4 7 7 65.76 3
3 3 4 4 6
7 63.99 3 3 3
4 4 6 6 65.75
3 3 3 4 4
5 7 71.46 3 3
3 4 4 5 6
63.53 3 3 3 4
4 5 5 61.28 3
3 3 4 4 4
7 67.81 3 3 3
4 4 4 6 68.35
3 3 3 4 4
4 5 60.81 3 3
3 4 4 4 4
52.46 3 3 3 3
7 7 7 57.27 3
3 3 3 6 7
7 56.96 3 3 3
3 6 6 7 52.39
3 3 3 3 6
6 6 57.48 3 3
3 3 5 7 7
62.16 3 3 3 3
5 6 7 62.23 3
3 3 3 5 6
6 56.47 3 3 3
3 5 5 7 61.74
3 3 3 3 5
5 6 52.65 3 3
3 3 5 5 5
60.68 3 3 3 3
4 7 7 63.04 3
3 3 3 4 6
7 64.67 3 3 3
3 4 6 6 65.61
3 3 3 3 4
5 7 69.16 3 3
3 3 4 5 6
65.57 3 3 3 3
4 5 5 60.32 3
3 3 3 4 4
7 64.93 3 3 3
3 4 4 6 64.85
3 3 3 3 4
4 5 61.89 3 3
3 3 4 4 4
50.62 3 3 3 3
3 7 7 56.63 3
3 3 3 3 6
7 51.13 3 3 3
3 3 6 6 56.51
3 3 3 3 3
5 7 62.74 3 3
3 3 3 5 6
51.09 3 3 3 3
3 5 5 58.96 3
3 3 3 3 4
7 63.65 3 3 3
3 3 4 6 64.95
3 3 3 3 3
4 5 59.04 3 3
3 3 3 4 4
51.2 3 3 3 3
3 3 7 51.48 3
3 3 3 3 3
6 51.06 3 3 3
3 3 3 5 58.89
3 3 3 3 3
3 4 43.33 3 3
3 3 3 3 3
50.73 2 7 7 7
7 7 7 57.7 2
6 7 7 7 7
7 57.1 2 6 6
7 7 7 7 60.12
2 6 6 6 7
7 7 56.64 2 6
6 6 6 7 7
58.38 2 6 6 6
6 6 7 51.41 2
6 6 6 6 6
6 57.07 2 5 7
7 7 7 7 62.55
2 5 6 7 7
7 7 61.82 2 5
6 6 7 7 7
65.7 2 5 6 6
6 7 7 63.06 2
5 6 6 6 6
7 64.38 2 5 6
6 6 6 6 58.65
2 5 5 7 7
7 7 63.69 2 5
5 6 7 7 7
64.17 2 5 5 6
6 7 7 65.92 2
5 5 6 6 6
7 64.69 2 5 5
6 6 6 6 59.7
2 5 5 5 7
7 7 65.15 2 5
5 5 6 7 7
66.18 2 5 5 5
6 6 7 67.32 2
5 5 5 6 6
6 59.15 2 5 5
5 5 7 7 66.25
2 5 5 5 5
6 7 65.91 2 5
5 5 5 6 6
58.76 2 5 5 5
5 5 7 64.59 2
5 5 5 5 5
6 58.67 2 5 5
5 5 5 5 58.23
2 4 7 7 7
7 7 62.24 2 4
6 7 7 7 7
63.81 2 4 6 6
7 7 7 64.55 2
4 6 6 6 7
7 62.52 2 4 6
6 6 6 7 65.15
2 4 6 6 6
6 6 63.07 2 4
5 7 7 7 7
67.31 2 4 5 6
7 7 7 68.32 2
4 5 6 6 7
7 70.91 2 4 5
6 6 6 7 68.93
2 4 5 6 6
6 6 63.92 2 4
5 5 7 7 7
68.21 2 4 5 5
6 7 7 70.04 2
4 5 5 6 6
7 72.08 2 4 5
5 6 6 6 65.7
2 4 5 5 5
7 7 69.22 2 4
5 5 5 6 7
71.61 2 4 5 5
5 6 6 65.6 2
4 5 5 5 5
7 70.16 2 4 5
5 5 5 6 65.76
2 4 5 5 5
5 5 57.2 2 4
4 7 7 7 7
61.79 2 4 4 6
7 7 7 63.62 2
4 4 6 6 7
7 65.17 2 4 4
6 6 6 7 63.21
2 4 4 6 6
6 6 62.1 2 4
4 5 7 7 7
67.69 2 4 4 5
6 7 7 68.41 2
4 4 5 6 6
7 70.36 2 4 4
5 6 6 6 64.35
2 4 4 5 5
7 7 69.81 2 4
4 5 5 6 7
69.98 2 4 4 5
5 6 6 64.89 2
4 4 5 5 5
7 70.82 2 4 4
5 5 5 6 66.04
2 4 4 5 5
5 5 59.5 2 4
4 4 7 7 7
65.12 2 4 4 4
6 7 7 65.55 2
4 4 4 6 6
7 67.15 2 4 4
4 6 6 6 64.69
2 4 4 4 5
7 7 70.14 2 4
4 4 5 6 7
70.46 2 4 4 4
5 6 6 66.98 2
4 4 4 5 5
7 71.95 2 4 4
4 5 5 6 67.56
2 4 4 4 5
5 5 57.1 2 4
4 4 4 7 7
61.84 2 4 4 4
4 6 7 62.73 2
4 4 4 4 6
6 62.78 2 4 4
4 4 5 7 68.54
2 4 4 4 4
5 6 64.34 2 4
4 4 4 5 5
58.31 2 4 4 4
4 4 7 64.48 2
4 4 4 4 4
6 64.46 2 4 4
4 4 4 5 51.47
2 4 4 4 4
4 4 64.6 2 3
7 7 7 7 7
62.41 2 3 6 7
7 7 7 64.46 2
3 6 6 7 7
7 63.4 2 3 6
6 6 7 7 64.29
2 3 6 6 6
6 7 56.48 2 3
6 6 6 6 6
66.55 2 3 5 7
7 7 7 66.55 2
3 5 6 7 7
7 70.59 2 3 5
6 6 7 7 67.51
2 3 5 6 6
6 7 71.2 2 3
5 6 6 6 6
67.5 2 3 5 5
7 7 7 66.75 2
3 5 5 6 7
7 71.38 2 3 5
5 6 6 7 69.66
2 3 5 5 6
6 6 71.28 2 3
5 5 5 7 7
68.68 2 3 5 5
5 6 7 72.91 2
3 5 5 5 6
6 68.22 2 3 5
5 5 5 7 68.03
2 3 5 5 5
5 6 69.77 2 3
5 5 5 5 5
67.55 2 3 4 7
7 7 7 67.02 2
3 4 6 7 7
7 70.41 2 3 4
6 6 7 7 68.32
2 3 4 6 6
6 7 70.98 2 3
4 6 6 6 6
72.14 2 3 4 5
7 7 7 72.39 2
3 4 5 6 7
7 75.25 2 3 4
5 6 6 7 72.78
2 3 4 5 6
6 6 73.13 2 3
4 5 5 7 7
72.36 2 3 4 5
5 6 7 76.26 2
3 4 5 5 6
6 75.57 2 3 4
5 5 5 7 75.94
2 3 4 5 5
5 6 73.86 2 3
4 5 5 5 5
67.95 2 3 4 4
7 7 7 68.01 2
3 4 4 6 7
7 70.35 2 3 4
4 6 6 7 67.87
2 3 4 4 6
6 6 72.68 2 3
4 4 5 7 7
72.71 2 3 4 4
5 6 7 76.85 2
3 4 4 5 6
6 73.57 2 3 4
4 5 5 7 73.61
2 3 4 4 5
5 6 75.26 2 3
4 4 5 5 5
69.91 2 3 4 4
4 7 7 70.38 2
3 4 4 4 6
7 72.64 2 3 4
4 4 6 6 75.67
2 3 4 4 4
5 7 75.81 2 3
4 4 4 5 6
75.56 2 3 4 4
4 5 5 67.87 2
3 4 4 4 4
7 67.4 2 3 4
4 4 4 6 74.35
2 3 4 4 4
4 5 70.38 2 3
4 4 4 4 4
60.98 2 3 3 7
7 7 7 63.81 2
3 3 6 7 7
7 63.83 2 3 3
6 6 7 7 64.68
2 3 3 6 6
6 7 58.91 2 3
3 6 6 6 6
66.82 2 3 3 5
7 7 7 69 2
3 3 5 6 7
7 69.23 2 3 3
5 6 6 7 70.9
2 3 3 5 6
6 6 67.26 2 3
3 5 5 7 7
69.01 2 3 3 5
5 6 7 69.55 2
3 3 5 5 6
6 68.13 2 3 3
5 5 5 7 69.61
2 3 3 5 5
5 6 67.99 2 3
3 5 5 5 5
67.05 2 3 3 4
7 7 7 69.29 2
3 3 4 6 7
7 68.75 2 3 3
4 6 6 7 69.91
2 3 3 4 6
6 6 72.66 2 3
3 4 5 7 7
73.14 2 3 3 4
5 6 7 74.36 2
3 3 4 5 6
6 72.41 2 3 3
4 5 5 7 74.72
2 3 3 4 5
5 6 73.41 2 3
3 4 5 5 5
66.49 2 3 3 4
4 7 7 69.32 2
3 3 4 4 6
7 70.15 2 3 3
4 4 6 6 71.4
2 3 3 4 4
5 7 75.37 2 3
3 4 4 5 6
74.14 2 3 3 4
4 5 5 69.98 2
3 3 4 4 4
7 72.23 2 3 3
4 4 4 6 75.83
2 3 3 4 4
4 5 68.09 2 3
3 4 4 4 4
66.25 2 3 3 3
7 7 7 62.78 2
3 3 3 6 7
7 66.34 2 3 3
3 6 6 7 59.61
2 3 3 3 6
6 6 70.18 2 3
3 3 5 7 7
68.9 2 3 3 3
5 6 7 72.35 2
3 3 3 5 6
6 69.94 2 3 3
3 5 5 7 67.93
2 3 3 3 5
5 6 72.65 2 3
3 3 5 5 5
70.64 2 3 3 3
4 7 7 69.82 2
3 3 3 4 6
7 71.54 2 3 3
3 4 6 6 74.56
2 3 3 3 4
5 7 76.04 2 3
3 3 4 5 6
76.44 2 3 3 3
4 5 5 72.05 2
3 3 3 4 4
7 69.14 2 3 3
3 4 4 6 76.43
2 3 3 3 4
4 5 73.74 2 3
3 3 4 4 4
62.65 2 3 3 3
3 7 7 65.43 2
3 3 3 3 6
7 60.11 2 3 3
3 3 6 6 67.92
2 3 3 3 3
5 7 69.68 2 3
3 3 3 5 6
67.23 2 3 3 3
3 5 5 68.92 2
3 3 3 3 4
7 70.15 2 3 3
3 3 4 6 73.32
2 3 3 3 3
4 5 69.84 2 3
3 3 3 4 4
64.69 2 3 3 3
3 3 7 58.41 2
3 3 3 3 3
6 70.66 2 3 3
3 3 3 5 69.35
2 3 3 3 3
3 4 59.32 2 3
3 3 3 3 3
51.24 2 2 7 7
7 7 7 56.71 2
2 6 7 7 7
7 57.55 2 2 6
6 7 7 7 57.59
2 2 6 6 6
7 7 57.68 2 2
6 6 6 6 7
51.82 2 2 6 6
6 6 6 59.13 2
2 5 7 7 7
7 63.96 2 2 5
6 7 7 7 64.51
2 2 5 6 6
7 7 63.63 2 2
5 6 6 6 7
65.04 2 2 5 6
6 6 6 57.72 2
2 5 5 7 7
7 64.06 2 2 5
5 6 7 7 65.7
2 2 5 5 6
6 7 64.39 2 2
5 5 6 6 6
59.95 2 2 5 5
5 7 7 66.06 2
2 5 5 5 6
7 65.85 2 2 5
5 5 6 6 59.99
2 2 5 5 5
5 7 65.21 2 2
5 5 5 5 6
57.87 2 2 5 5
5 5 5 57.48 2
2 4 7 7 7
7 62.89 2 2 4
6 7 7 7 62.4
2 2 4 6 6
7 7 62.72 2 2
4 6 6 6 7
63.36 2 2 4 6
6 6 6 63.73 2
2 4 5 7 7
7 67.93 2 2 4
5 6 7 7 69.93
2 2 4 5 6
6 7 70.27 2 2
4 5 6 6 6
64.45 2 2 4 5
5 7 7 68.73 2
2 4 5 5 6
7 70.25 2 2 4
5 5 6 6 66.32
2 2 4 5 5
5 7 71.49 2 2
4 5 5 5 6
66.34 2 2 4 5
5 5 5 57.37 2
2 4 4 7 7
7 63.3 2 2 4
4 6 7 7 61.71
2 2 4 4 6
6 7 64.24 2 2
4 4 6 6 6
63.71 2 2 4 4
5 7 7 68.82 2
2 4 4 5 6
7 70.25 2 2 4
4 5 6 6 63.37
2 2 4 4 5
5 7 70.03 2 2
4 4 5 5 6
65.4 2 2 4 4
5 5 5 56.91 2
2 4 4 4 7
7 61.89 2 2 4
4 4 6 7 63.1
2 2 4 4 4
6 6 63.81 2 2
4 4 4 5 7
70.17 2 2 4 4
4 5 6 64.98 2
2 4 4 4 5
5 57.21 2 2 4
4 4 4 7 63.91
2 2 4 4 4
4 6 64.67 2 2
4 4 4 4 5
51.39 2 2 4 4
4 4 4 62.71 2
2 3 7 7 7
7 64.29 2 2 3
6 7 7 7 63.79
2 2 3 6 6
7 7 64.22 2 2
3 6 6 6 7
58.49 2 2 3 6
6 6 6 67.73 2
2 3 5 7 7
7 68.95 2 2 3
5 6 7 7 69.49
2 2 3 5 6
6 7 69.49 2 2
3 5 6 6 6
68.44 2 2 3 5
5 7 7 69.71 2
2 3 5 5 6
7 69.28 2 2 3
5 5 6 6 70.09
2 2 3 5 5
5 7 71.92 2 2
3 5 5 5 6
68.43 2 2 3 5
5 5 5 66.01 2
2 3 4 7 7
7 69.75 2 2 3
4 6 7 7 68.85
2 2 3 4 6
6 7 69.63 2 2
3 4 6 6 6
72.1 2 2 3 4
5 7 7 75.14 2
2 3 4 5 6
7 73.77 2 2 3
4 5 6 6 72.92
2 2 3 4 5
5 7 75.63 2 2
3 4 5 5 6
75.54 2 2 3 4
5 5 5 66.26 2
2 3 4 4 7
7 70.2 2 2 3
4 4 6 7 69.33
2 2 3 4 4
6 6 73.55 2 2
3 4 4 5 7
75.85 2 2 3 4
4 5 6 73.79 2
2 3 4 4 5
5 66.71 2 2 3
4 4 4 7 70.62
2 2 3 4 4
4 6 75.2 2 2
3 4 4 4 5
68.49 2 2 3 4
4 4 4 61.82 2
2 3 3 7 7
7 63.28 2 2 3
3 6 7 7 63.23
2 2 3 3 6
6 7 58.46 2 2
3 3 6 6 6
67.52 2 2 3 3
5 7 7 68.88 2
2 3 3 5 6
7 67.88 2 2 3
3 5 6 6 67.23
2 2 3 3 5
5 7 69.75 2 2
3 3 5 5 6
67.97 2 2 3 3
5 5 5 66.64 2
2 3 3 4 7
7 69.06 2 2 3
3 4 6 7 70.57
2 2 3 3 4
6 6 73.83 2 2
3 3 4 5 7
75.26 2 2 3 3
4 5 6 73.66 2
2 3 3 4 5
5 67.44 2 2 3
3 4 4 7 68.77
2 2 3 3 4
4 6 74.67 2 2
3 3 4 4 5
67.44 2 2 3 3
4 4 4 63.55 2
2 3 3 3 7
7 66.01 2 2 3
3 3 6 7 60.56
2 2 3 3 3
6 6 68.64 2 2
3 3 3 5 7
72.21 2 2 3 3
3 5 6 66.57 2
2 3 3 3 5
5 69.92 2 2 3
3 3 4 7 70.86
2 2 3 3 3
4 6 74.7 2 2
3 3 3 4 5
69.23 2 2 3 3
3 4 4 63.56 2
2 3 3 3 3
7 59.87 2 2 3
3 3 3 6 67.65
2 2 3 3 3
3 5 70.3 2 2
3 3 3 3 4
58.7 2 2 3 3
3 3 3 52.17 2
2 2 7 7 7
7 58.17 2 2 2
6 7 7 7 57.26
2 2 2 6 6
7 7 59.75 2 2
2 6 6 6 7
52.51 2 2 2 6
6 6 6 60.09 2
2 2 5 7 7
7 65.38 2 2 2
5 6 7 7 64.88
2 2 2 5 6
6 7 65.79 2 2
2 5 6 6 6
59.71 2 2 2 5
5 7 7 66 2
2 2 5 5 6
7 64.08 2 2 2
5 5 6 6 61.84
2 2 2 5 5
5 7 67.3 2 2
2 5 5 5 6
62.33 2 2 2 5
5 5 5 58.59 2
2 2 4 7 7
7 64.01 2 2 2
4 6 7 7 63.16
2 2 2 4 6
6 7 65.64 2 2
2 4 6 6 6
65.16 2 2 2 4
5 7 7 71.14 2
2 2 4 5 6
7 69.6 2 2 2
4 5 6 6 66.24
2 2 2 4 5
5 7 69.91 2 2
2 4 5 5 6
67.75 2 2 2 4
5 5 5 57.48 2
2 2 4 4 7
7 62.85 2 2 2
4 4 6 7 61.11
2 2 2 4 4
6 6 63.76 2 2
2 4 4 5 7
69.52 2 2 2 4
4 5 6 64.36 2
2 2 4 4 5
5 58.72 2 2 2
4 4 4 7 66.21
2 2 2 4 4
4 6 64.24 2 2
2 4 4 4 5
52.23 2 2 2 4
4 4 4 65.03 2
2 2 3 7 7
7 63.57 2 2 2
3 6 7 7 65.98
2 2 2 3 6
6 7 58.84 2 2
2 3 6 6 6
70.58 2 2 2 3
5 7 7 69.11 2
2 2 3 5 6
7 71.92 2 2 2
3 5 6 6 71.16
2 2 2 3 5
5 7 69.57 2 2
2 3 5 5 6
74.96 2 2 2 3
5 5 5 70.84 2
2 2 3 4 7
7 69.91 2 2 2
3 4 6 7 72.69
2 2 2 3 4
6 6 76.51 2 2
2 3 4 5 7
74.68 2 2 2 3
4 5 6 76.05 2
2 2 3 4 5
5 70.22 2 2 2
3 4 4 7 68.41
2 2 2 3 4
4 6 75.38 2 2
2 3 4 4 5
71.94 2 2 2 3
4 4 4 63.17 2
2 2 3 3 7
7 64.59 2 2 2
3 3 6 7 60.68
2 2 2 3 3
6 6 68.5 2 2
2 3 3 5 7
70.86 2 2 2 3
3 5 6 69.72 2
2 2 3 3 5
5 69.34 2 2 2
3 3 4 7 71.58
2 2 2 3 3
4 6 75.67 2 2
2 3 3 4 5
67.2 2 2 2 3
3 4 4 67.25 2
2 2 3 3 3
7 60.72 2 2 2
3 3 3 6 74.3
2 2 2 3 3
3 5 73.94 2 2
2 3 3 3 4
61.43 2 2 2 3
3 3 3 52.18 2
2 2 2 7 7
7 57.26 2 2 2
2 6 7 7 57.36
2 2 2 2 6
6 7 52.96 2 2
2 2 6 6 6
60.74 2 2 2 2
5 7 7 65.14 2
2 2 2 5 6
7 64.5 2 2 2
2 5 6 6 60.94
2 2 2 2 5
5 7 64.41 2 2
2 2 5 5 6
61.62 2 2 2 2
5 5 5 57.37 2
2 2 2 4 7
7 60.78 2 2 2
2 4 6 7 61.92
2 2 2 2 4
6 6 65.01 2 2
2 2 4 5 7
69.98 2 2 2 2
4 5 6 65.85 2
2 2 2 4 5
5 57.42 2 2 2
2 4 4 7 61.73
2 2 2 2 4
4 6 63.92 2 2
2 2 4 4 5
53.22 2 2 2 2
4 4 4 63.81 2
2 2 2 3 7
7 63.97 2 2 2
2 3 6 7 60.14
2 2 2 2 3
6 6 68.78 2 2
2 2 3 5 7
70.34 2 2 2 2
3 5 6 69.98 2
2 2 2 3 5
5 67.51 2 2 2
2 3 4 7 68.56
2 2 2 2 3
4 6 73.75 2 2
2 2 3 4 5
66.96 2 2 2 2
3 4 4 63.58 2
2 2 2 3 3
7 59.32 2 2 2
2 3 3 6 69.13
2 2 2 2 3
3 5 68.11 2 2
2 2 3 3 4
60.82 2 2 2 2
3 3 3 51 2
2 2 2 2 7
7 57.17 2 2 2
2 2 6 7 51.18
2 2 2 2 2
6 6 59.41 2 2
2 2 2 5 7
63.98 2 2 2 2
2 5 6 57.83 2
2 2 2 2 5
5 56.42 2 2 2
2 2 4 7 62.7
2 2 2 2 2
4 6 64.25 2 2
2 2 2 4 5
51.83 2 2 2 2
2 4 4 64.29 2
2 2 2 2 3
7 58.83 2 2 2
2 2 3 6 70.45
2 2 2 2 2
3 5 69.93 2 2
2 2 2 3 4
58.94 2 2 2 2
2 3 3 51.51 2
2 2 2 2 2
7 50.72 2 2 2
2 2 2 6 58.53
2 2 2 2 2
2 5 51.21 2 2
2 2 2 2 4
58.62 2 2 2 2
2 2 3 43.54 2
2 2 2 2 2
2 50.44 1 7 7
7 7 7 7 56.31
1 6 7 7 7
7 7 58.39 1 6
6 7 7 7 7
59 1 6 6 6
7 7 7 60.68 1
6 6 6 6 7
7 58.8 1 6 6
6 6 6 7 58.75
1 6 6 6 6
6 6 56.68 1 5
7 7 7 7 7
63.16 1 5 6 7
7 7 7 64.36 1
5 6 6 7 7
7 64.58 1 5 6
6 6 7 7 65.89
1 5 6 6 6
6 7 64.04 1 5
6 6 6 6 6
57.68 1 5 5 7
7 7 7 62.37 1
5 5 6 7 7
7 63.96 1 5 5
6 6 7 7 65.72
1 5 5 6 6
6 7 66.59 1 5
5 6 6 6 6
59.47 1 5 5 5
7 7 7 65.48 1
5 5 5 6 7
7 66.61 1 5 5
5 6 6 7 67.79
1 5 5 5 6
6 6 56.16 1 5
5 5 5 7 7
62.9 1 5 5 5
5 6 7 64.99 1
5 5 5 5 6
6 59.2 1 5 5
5 5 5 7 64.59
1 5 5 5 5
5 6 51.61 1 5
5 5 5 5 5
56.93 1 4 7 7
7 7 7 62.97 1
4 6 7 7 7
7 63.68 1 4 6
6 7 7 7 65.64
1 4 6 6 6
7 7 65.63 1 4
6 6 6 6 7
63.81 1 4 6 6
6 6 6 60.82 1
4 5 7 7 7
7 67.73 1 4 5
6 7 7 7 67.35
1 4 5 6 6
7 7 70.26 1 4
5 6 6 6 7
70.66 1 4 5 6
6 6 6 62.88 1
4 5 5 7 7
7 69.19 1 4 5
5 6 7 7 69.88
1 4 5 5 6
6 7 70.95 1 4
5 5 6 6 6
65.03 1 4 5 5
5 7 7 70.38 1
4 5 5 5 6
7 71.24 1 4 5
5 5 6 6 62.84
1 4 5 5 5
5 7 69.17 1 4
5 5 5 5 6
64.01 1 4 5 5
5 5 5 56.82 1
4 4 7 7 7
7 62.22 1 4 4
6 7 7 7 63.98
1 4 4 6 6
7 7 65.15 1 4
4 6 6 6 7
66.79 1 4 4 6
6 6 6 62.32 1
4 4 5 7 7
7 68.09 1 4 4
5 6 7 7 70.42
1 4 4 5 6
6 7 71.09 1 4
4 5 6 6 6
61.98 1 4 4 5
5 7 7 68.78 1
4 4 5 5 6
7 69.42 1 4 4
5 5 6 6 65.4
1 4 4 5 5
5 7 69.92 1 4
4 5 5 5 6
63.16 1 4 4 5
5 5 5 59.01 1
4 4 4 7 7
7 64.88 1 4 4
4 6 7 7 67.38
1 4 4 4 6
6 7 67.93 1 4
4 4 6 6 6
64.91 1 4 4 4
5 7 7 71.16 1
4 4 4 5 6
7 71.15 1 4 4
4 5 6 6 65.58
1 4 4 4 5
5 7 70.85 1 4
4 4 5 5 6
67.38 1 4 4 4
5 5 5 56.4 1
4 4 4 4 7
7 63.01 1 4 4
4 4 6 7 65.12
1 4 4 4 4
6 6 63.59 1 4
4 4 4 5 7
69.6 1 4 4 4
4 5 6 63 1
4 4 4 4 5
5 57.96 1 4 4
4 4 4 7 64.89
1 4 4 4 4
4 6 63.71 1 4
4 4 4 4 5
51.54 1 4 4 4
4 4 4 62.3 1
3 7 7 7 7
7 68.21 1 3 6
7 7 7 7 67.85
1 3 6 6 7
7 7 71.26 1 3
6 6 6 7 7
70.25 1 3 6 6
6 6 7 70.51 1
3 6 6 6 6
6 62.36 1 3 5
7 7 7 7 67.27
1 3 5 6 7
7 7 67.67 1 3
5 6 6 7 7
69.71 1 3 5 6
6 6 7 66.52 1
3 5 6 6 6
6 65.15 1 3 5
5 7 7 7 69.53
1 3 5 5 6
7 7 70.38 1 3
5 5 6 6 7
72.78 1 3 5 5
6 6 6 62.05 1
3 5 5 5 7
7 68.93 1 3 5
5 5 6 7 69.07
1 3 5 5 5
6 6 65.75 1 3
5 5 5 5 7
69.88 1 3 5 5
5 5 6 57.06 1
3 5 5 5 5
5 67.25 1 3 4
7 7 7 7 71.71
1 3 4 6 7
7 7 73.17 1 3
4 6 6 7 7
74.9 1 3 4 6
6 6 7 72 1
3 4 6 6 6
6 67.28 1 3 4
5 7 7 7 72.38
1 3 4 5 6
7 7 73.75 1 3
4 5 6 6 7
75.13 1 3 4 5
6 6 6 69.86 1
3 4 5 5 7
7 74.81 1 3 4
5 5 6 7 75.7
1 3 4 5 5
6 6 67.98 1 3
4 5 5 5 7
73.79 1 3 4 5
5 5 6 70.26 1
3 4 5 5 5
5 67.75 1 3 4
4 7 7 7 72.66
1 3 4 4 6
7 7 73.01 1 3
4 4 6 6 7
76.08 1 3 4 4
6 6 6 67.76 1
3 4 4 5 7
7 72.41 1 3 4
4 5 6 7 72.82
1 3 4 4 5
6 6 69.88 1 3
4 4 5 5 7
75.81 1 3 4 4
5 5 6 67.84 1
3 4 4 5 5
5 70.34 1 3 4
4 4 7 7 75.05
1 3 4 4 4
6 7 76.63 1 3
4 4 4 6 6
69.37 1 3 4 4
4 5 7 75.42 1
3 4 4 4 5
6 72.43 1 3 4
4 4 5 5 69.77
1 3 4 4 4
4 7 74.18 1 3
4 4 4 4 6
67.95 1 3 4 4
4 4 5 69.94 1
3 4 4 4 4
4 61.49 1 3 3
7 7 7 7 65.77
1 3 3 6 7
7 7 66.82 1 3
3 6 6 7 7
68.04 1 3 3 6
6 6 7 68.73 1
3 3 6 6 6
6 64.25 1 3 3
5 7 7 7 69.78
1 3 3 5 6
7 7 69.96 1 3
3 5 6 6 7
69.99 1 3 3 5
6 6 6 63.46 1
3 3 5 5 7
7 69.87 1 3 3
5 5 6 7 68.97
1 3 3 5 5
6 6 64.94 1 3
3 5 5 5 7
69.59 1 3 3 5
5 5 6 59.09 1
3 3 5 5 5
5 67.63 1 3 3
4 7 7 7 71.82
1 3 3 4 6
7 7 72.29 1 3
3 4 6 6 7
72.81 1 3 3 4
6 6 6 70.1 1
3 3 4 5 7
7 75.52 1 3 3
4 5 6 7 74.17
1 3 3 4 5
6 6 69.49 1 3
3 4 5 5 7
73.67 1 3 3 4
5 5 6 70.03 1
3 3 4 5 5
5 68.26 1 3 3
4 4 7 7 71.44
1 3 3 4 4
6 7 73.65 1 3
3 4 4 6 6
70.22 1 3 3 4
4 5 7 75.17 1
3 3 4 4 5
6 69.27 1 3 3
4 4 5 5 69.62
1 3 3 4 4
4 7 74.48 1 3
3 4 4 4 6
72.35 1 3 3 4
4 4 5 67.65 1
3 3 4 4 4
4 65.57 1 3 3
3 7 7 7 71.18
1 3 3 3 6
7 7 69.92 1 3
3 3 6 6 7
72.44 1 3 3 3
6 6 6 63.49 1
3 3 3 5 7
7 69.35 1 3 3
3 5 6 7 67.34
1 3 3 3 5
6 6 66.88 1 3
3 3 5 5 7
72.14 1 3 3 3
5 5 6 60.2 1
3 3 3 5 5
5 70 1 3 3
3 4 7 7 75.63
1 3 3 3 4
6 7 74.39 1 3
3 3 4 6 6
69.54 1 3 3 3
4 5 7 74.91 1
3 3 3 4 5
6 71.42 1 3 3
3 4 5 5 71.53
1 3 3 3 4
4 7 77.05 1 3
3 3 4 4 6
69.74 1 3 3 3
4 4 5 72.94 1
3 3 3 4 4
4 61.88 1 3 3
3 3 7 7 68.17
1 3 3 3 3
6 7 67.74 1 3
3 3 3 6 6
64.86 1 3 3 3
3 5 7 68.62 1
3 3 3 3 5
6 60.06 1 3 3
3 3 5 5 69.32
1 3 3 3 3
4 7 73.45 1 3
3 3 3 4 6
69.85 1 3 3 3
3 4 5 68.27 1
3 3 3 3 4
4 63.32 1 3 3
3 3 3 7 69.94
1 3 3 3 3
3 6 59.21 1 3
3 3 3 3 5
70.03 1 3 3 3
3 3 4 58.96 1
3 3 3 3 3
3 63.1 1 2 7
7 7 7 7 69.24
1 2 6 7 7
7 7 68.96 1 2
6 6 7 7 7
69.95 1 2 6 6
6 7 7 68.87 1
2 6 6 6 6
7 70.37 1 2 6
6 6 6 6 68.54
1 2 5 7 7
7 7 71.75 1 2
5 6 7 7 7
72.95 1 2 5 6
6 7 7 74.32 1
2 5 6 6 6
7 73.16 1 2 5
6 6 6 6 68.47
1 2 5 5 7
7 7 72.23 1 2
5 5 6 7 7
73.92 1 2 5 5
6 6 7 76.04 1
2 5 5 6 6
6 70.77 1 2 5
5 5 7 7 75.76
1 2 5 5 5
6 7 75.24 1 2
5 5 5 6 6
68.97 1 2 5 5
5 5 7 73.94 1
2 5 5 5 5
6 69.69 1 2 5
5 5 5 5 61.9
1 2 4 7 7
7 7 67.83 1 2
4 6 7 7 7
66.83 1 2 4 6
6 7 7 69.49 1
2 4 6 6 6
7 67.59 1 2 4
6 6 6 6 66.86
1 2 4 5 7
7 7 71.95 1 2
4 5 6 7 7
73.58 1 2 4 5
6 6 7 74.77 1
2 4 5 6 6
6 67.03 1 2 4
5 5 7 7 73.18
1 2 4 5 5
6 7 71.38 1 2
4 5 5 6 6
69.88 1 2 4 5
5 5 7 75.37 1
2 4 5 5 5
6 68.46 1 2 4
5 5 5 5 65.13
1 2 4 4 7
7 7 70.92 1 2
4 4 6 7 7
71.31 1 2 4 4
6 6 7 72.46 1
2 4 4 6 6
6 69.31 1 2 4
4 5 7 7 75.2
1 2 4 4 5
6 7 77.15 1 2
4 4 5 6 6
71.3 1 2 4 4
5 5 7 74.76 1
2 4 4 5 5
6 72.66 1 2 4
4 5 5 5 62.97
1 2 4 4 4
7 7 67.99 1 2
4 4 4 6 7
68.49 1 2 4 4
4 6 6 68.76 1
2 4 4 4 5
7 74.3 1 2 4
4 4 5 6 68.57
1 2 4 4 4
5 5 65.23 1 2
4 4 4 4 7
70.8 1 2 4 4
4 4 6 69.54 1
2 4 4 4 4
5 57.18 1 2 4
4 4 4 4 76.68
1 2 3 7 7
7 7 76.56 1 2
3 6 7 7 7
78.49 1 2 3 6
6 7 7 77.82 1
2 3 6 6 6
7 78.77 1 2 3
6 6 6 6 76.23
1 2 3 5 7
7 7 75.69 1 2
3 5 6 7 7
78.91 1 2 3 5
6 6 7 77.63 1
2 3 5 6 6
6 77.8 1 2 3
5 5 7 7 79.08
1 2 3 5 5
6 7 82.77 1 2
3 5 5 6 6
77.55 1 2 3 5
5 5 7 77.77 1
2 3 5 5 5
6 79.45 1 2 3
5 5 5 5 76.14
1 2 3 4 7
7 7 76.42 1 2
3 4 6 7 7
78.8 1 2 3 4
6 6 7 76.37 1
2 3 4 6 6
6 75.31 1 2 3
4 5 7 7 75.46
1 2 3 4 5
6 7 77.45 1 2
3 4 5 6 6
78.59 1 2 3 4
5 5 7 78.49 1
2 3 4 5 5
6 76.98 1 2 3
4 5 5 5 78.59
1 2 3 4 4
7 7 79.16 1 2
3 4 4 6 7
81.26 1 2 3 4
4 6 6 79.5 1
2 3 4 4 5
7 79.13 1 2 3
4 4 5 6 81.86
1 2 3 4 4
5 5 76.84 1 2
3 4 4 4 7
76.94 1 2 3 4
4 4 6 77.68 1
2 3 4 4 4
5 78.82 1 2 3
4 4 4 4 75.3
1 2 3 3 7
7 7 77.96 1 2
3 3 6 7 7
78.85 1 2 3 3
6 6 7 79.44 1
2 3 3 6 6
6 78.37 1 2 3
3 5 7 7 80.19
1 2 3 3 5
6 7 80.55 1 2
3 3 5 6 6
78.27 1 2 3 3
5 5 7 79.79 1
2 3 3 5 5
6 78.21 1 2 3
3 5 5 5 74.3
1 2 3 3 4
7 7 76.93 1 2
3 3 4 6 7
76.33 1 2 3 3
4 6 6 76.95 1
2 3 3 4 5
7 79.89 1 2 3
3 4 5 6 78.06
1 2 3 3 4
5 5 77.69 1 2
3 3 4 4 7
80.19 1 2 3 3
4 4 6 80.89 1
2 3 3 4 4
5 74.98 1 2 3
3 4 4 4 81.48
1 2 3 3 3
7 7 80.92 1 2
3 3 3 6 7
82.67 1 2 3 3
3 6 6 78.77 1
2 3 3 3 5
7 79.25 1 2 3
3 3 5 6 82.81
1 2 3 3 3
5 5 80.26 1 2
3 3 3 4 7
78.82 1 2 3 3
3 4 6 79.15 1
2 3 3 3 4
5 83.43 1 2 3
3 3 4 4 77.97
1 2 3 3 3
3 7 78.64 1 2
3 3 3 3 6
80.17 1 2 3 3
3 3 5 76.93 1
2 3 3 3 3
4 82.3 1 2 3
3 3 3 3 61.37
1 2 2 7 7
7 7 67.27 1 2
2 6 7 7 7
66.66 1 2 2 6
6 7 7 67.46 1
2 2 6 6 6
7 68.25 1 2 2
6 6 6 6 66.68
1 2 2 5 7
7 7 71.74 1 2
2 5 6 7 7
73.81 1 2 2 5
6 6 7 72.47 1
2 2 5 6 6
6 67.49 1 2 2
5 5 7 7 72.68
1 2 2 5 5
6 7 73.44 1 2
2 5 5 6 6
71.49 1 2 2 5
5 5 7 74.83 1
2 2 5 5 5
6 67.3 1 2 2
5 5 5 5 63.7
1 2 2 4 7
7 7 70.13 1 2
2 4 6 7 7
69.24 1 2 2 4
6 6 7 70.32 1
2 2 4 6 6
6 69.73 1 2 2
4 5 7 7 74.06
1 2 2 4 5
6 7 75.5 1 2
2 4 5 6 6
69.21 1 2 2 4
5 5 7 76.43 1
2 2 4 5 5
6 72.37 1 2 2
4 5 5 5 63.25
1 2 2 4 4
7 7 68.33 1 2
2 4 4 6 7
69.55 1 2 2 4
4 6 6 68.59 1
2 2 4 4 5
7 73.54 1 2 2
4 4 5 6 69.57
1 2 2 4 4
5 5 64.28 1 2
2 4 4 4 7
69.55 1 2 2 4
4 4 6 69.53 1
2 2 4 4 4
5 57.84 1 2 2
4 4 4 4 74.83
1 2 2 3 7
7 7 78.15 1 2
2 3 6 7 7
78.86 1 2 2 3
6 6 7 79.11 1
2 2 3 6 6
6 74.82 1 2 2
3 5 7 7 77.2
1 2 2 3 5
6 7 76.93 1 2
2 3 5 6 6
77.59 1 2 2 3
5 5 7 80.02 1
2 2 3 5 5
6 75.35 1 2 2
3 5 5 5 77.86
1 2 2 3 4
7 7 78.68 1 2
2 3 4 6 7
81.32 1 2 2 3
4 6 6 78.11 1
2 2 3 4 5
7 78.44 1 2 2
3 4 5 6 80.56
1 2 2 3 4
5 5 77.67 1 2
2 3 4 4 7
80.64 1 2 2 3
4 4 6 76.31 1
2 2 3 4 4
5 78.14 1 2 2
3 4 4 4 75.23
1 2 2 3 3
7 7 76.9 1 2
2 3 3 6 7
77.03 1 2 2 3
3 6 6 78.03 1
2 2 3 3 5
7 80.09 1 2 2
3 3 5 6 76.7
1 2 2 3 3
5 5 77.77 1 2
2 3 3 4 7
78.55 1 2 2 3
3 4 6 79.08 1
2 2 3 3 4
5 76.56 1 2 2
3 3 4 4 78.22
1 2 2 3 3
3 7 82.07 1 2
2 3 3 3 6
77.14 1 2 2 3
3 3 5 80.86 1
2 2 3 3 3
4 76.99 1 2 2
3 3 3 3 65.4
1 2 2 2 7
7 7 71.2 1 2
2 2 6 7 7
70.04 1 2 2 2
6 6 7 72.64 1
2 2 2 6 6
6 70.11 1 2 2
2 5 7 7 75.58
1 2 2 2 5
6 7 75.54 1 2
2 2 5 6 6
72.23 1 2 2 2
5 5 7 77.05 1
2 2 2 5 5
6 74.11 1 2 2
2 5 5 5 63.82
1 2 2 2 4
7 7 69.65 1 2
2 2 4 6 7
67.18 1 2 2 2
4 6 6 70.1 1
2 2 2 4 5
7 75.04 1 2 2
2 4 5 6 68.42
1 2 2 2 4
5 5 66.46 1 2
2 2 4 4 7
72.14 1 2 2 2
4 4 6 71.28 1
2 2 2 4 4
5 59.49 1 2 2
2 4 4 4 80.84
1 2 2 2 3
7 7 79.35 1 2
2 2 3 6 7
82.4 1 2 2 2
3 6 6 80.73 1
2 2 2 3 5
7 78.63 1 2 2
2 3 5 6 83.4
1 2 2 2 3
5 5 79.27 1 2
2 2 3 4 7
77.14 1 2 2 2
3 4 6 79.12 1
2 2 2 3 4
5 83.34 1 2 2
2 3 4 4 79.42
1 2 2 2 3
3 7 81.26 1 2
2 2 3 3 6
80.58 1 2 2 2
3 3 5 77.6 1
2 2 2 3 3
4 86.79 1 2 2
2 3 3 3 64.32
1 2 2 2 2
7 7 67.17 1 2
2 2 2 6 7
67.15 1 2 2 2
2 6 6 69.1 1
2 2 2 2 5
7 73.89 1 2 2
2 2 5 6 68.85
1 2 2 2 2
5 5 65.02 1 2
2 2 2 4 7
68.67 1 2 2 2
2 4 6 70.42 1
2 2 2 2 4
5 59.98 1 2 2
2 2 4 4 78.44
1 2 2 2 2
3 7 79.72 1 2
2 2 2 3 6
75.79 1 2 2 2
2 3 5 79.57 1
2 2 2 2 3
4 76.49 1 2 2
2 2 3 3 64.84
1 2 2 2 2
2 7 70.12 1 2
2 2 2 2 6
70.37 1 2 2 2
2 2 5 58.75 1
2 2 2 2 2
4 81.98 1 2 2
2 2 2 3 57.84
1 2 2 2 2
2 2 51.75 1 1
7 7 7 7 7
58.91 1 1 6 7
7 7 7 58.48 1
1 6 6 7 7
7 59.98 1 1 6
6 6 7 7 60.84
1 1 6 6 6
6 7 59.57 1 1
6 6 6 6 6
57 1 1 5 7
7 7 7 63.64 1
1 5 6 7 7
7 64.52 1 1 5
6 6 7 7 65.31
1 1 5 6 6
6 7 66.26 1 1
5 6 6 6 6
56.76 1 1 5 5
7 7 7 64.82 1
1 5 5 6 7
7 63.06 1 1 5
5 6 6 7 65.47
1 1 5 5 6
6 6 57.3 1 1
5 5 5 7 7
65.07 1 1 5 5
5 6 7 63.41 1
1 5 5 5 6
6 57.19 1 1 5
5 5 5 7 64.47
1 1 5 5 5
5 6 51.07 1 1
5 5 5 5 5
57.92 1 1 4 7
7 7 7 63.66 1
1 4 6 7 7
7 64.25 1 1 4
6 6 7 7 66.02
1 1 4 6 6
6 7 65.75 1 1
4 6 6 6 6
62.03 1 1 4 5
7 7 7 68.85 1
1 4 5 6 7
7 68.44 1 1 4
5 6 6 7 71.03
1 1 4 5 6
6 6 63.02 1 1
4 5 5 7 7
70.22 1 1 4 5
5 6 7 69.37 1
1 4 5 5 6
6 62.91 1 1 4
5 5 5 7 70.08
1 1 4 5 5
5 6 63.5 1 1
4 5 5 5 5
57.58 1 1 4 4
7 7 7 64.58 1
1 4 4 6 7
7 63.75 1 1 4
4 6 6 7 66.99
1 1 4 4 6
6 6 62.74 1 1
4 4 5 7 7
70.34 1 1 4 4
5 6 7 70.23 1
1 4 4 5 6
6 62.81 1 1 4
4 5 5 7 70.74
1 1 4 4 5
5 6 62.69 1 1
4 4 5 5 5
56.67 1 1 4 4
4 7 7 64.18 1
1 4 4 4 6
7 64.6 1 1 4
4 4 6 6 63.21
1 1 4 4 4
5 7 69.42 1 1
4 4 4 5 6
63.12 1 1 4 4
4 5 5 56.51 1
1 4 4 4 4
7 63.68 1 1 4
4 4 4 6 62.61
1 1 4 4 4
4 5 51.39 1 1
4 4 4 4 4
61.64 1 1 3 7
7 7 7 66.76 1
1 3 6 7 7
7 66.8 1 1 3
6 6 7 7 70.22
1 1 3 6 6
6 7 68.01 1 1
3 6 6 6 6
63.33 1 1 3 5
7 7 7 68.45 1
1 3 5 6 7
7 70.27 1 1 3
5 6 6 7 73
1 1 3 5 6
6 6 62.19 1 1
3 5 5 7 7
68.54 1 1 3 5
5 6 7 69.94 1
1 3 5 5 6
6 64.42 1 1 3
5 5 5 7 69.86
1 1 3 5 5
5 6 58.78 1 1
3 5 5 5 5
66.88 1 1 3 4
7 7 7 72.76 1
1 3 4 6 7
7 72.25 1 1 3
4 6 6 7 75.44
1 1 3 4 6
6 6 69.69 1 1
3 4 5 7 7
74.82 1 1 3 4
5 6 7 75.36 1
1 3 4 5 6
6 69.82 1 1 3
4 5 5 7 73.83
1 1 3 4 5
5 6 70.18 1 1
3 4 5 5 5
67.93 1 1 3 4
4 7 7 72.55 1
1 3 4 4 6
7 74 1 1 3
4 4 6 6 70.42
1 1 3 4 4
5 7 75.19 1 1
3 4 4 5 6
68.12 1 1 3 4
4 5 5 67.28 1
1 3 4 4 4
7 73.19 1 1 3
4 4 4 6 70.86
1 1 3 4 4
4 5 66.58 1 1
3 4 4 4 4
61.86 1 1 3 3
7 7 7 67.7 1
1 3 3 6 7
7 67.25 1 1 3
3 6 6 7 68.19
1 1 3 3 6
6 6 64.19 1 1
3 3 5 7 7
70.27 1 1 3 3
5 6 7 69.79 1
1 3 3 5 6
6 64.02 1 1 3
3 5 5 7 69.28
1 1 3 3 5
5 6 58.68 1 1
3 3 5 5 5
66.94 1 1 3 3
4 7 7 73.4 1
1 3 3 4 6
7 73.79 1 1 3
3 4 6 6 69.79
1 1 3 3 4
5 7 74.97 1 1
3 3 4 5 6
68.13 1 1 3 3
4 5 5 67.05 1
1 3 3 4 4
7 73.2 1 1 3
3 4 4 6 69.16
1 1 3 3 4
4 5 67.26 1 1
3 3 4 4 4
62.77 1 1 3 3
3 7 7 69.46 1
1 3 3 3 6
7 67.45 1 1 3
3 3 6 6 65.41
1 1 3 3 3
5 7 71.28 1 1
3 3 3 5 6
59.08 1 1 3 3
3 5 5 69.65 1
1 3 3 3 4
7 76.82 1 1 3
3 3 4 6 71.93
1 1 3 3 3
4 5 69.59 1 1
3 3 3 4 4
62.77 1 1 3 3
3 3 7 68.3 1
1 3 3 3 3
6 60.85 1 1 3
3 3 3 5 68.41
1 1 3 3 3
3 4 58.48 1 1
3 3 3 3 3
62.24 1 1 2 7
7 7 7 66.44 1
1 2 6 7 7
7 67.46 1 1 2
6 6 7 7 69.05
1 1 2 6 6
6 7 67.12 1 1
2 6 6 6 6
66.89 1 1 2 5
7 7 7 72.83 1
1 2 5 6 7
7 72.46 1 1 2
5 6 6 7 74.82
1 1 2 5 6
6 6 67.46 1 1
2 5 5 7 7
73.72 1 1 2 5
5 6 7 73.12 1
1 2 5 5 6
6 68.31 1 1 2
5 5 5 7 73.1
1 1 2 5 5
5 6 67.61 1 1
2 5 5 5 5
63.41 1 1 2 4
7 7 7 69.29 1
1 2 4 6 7
7 70.96 1 1 2
4 6 6 7 71.55
1 1 2 4 6
6 6 71.3 1 1
2 4 5 7 7
74.45 1 1 2 4
5 6 7 75.3 1
1 2 4 5 6
6 69.61 1 1 2
4 5 5 7 75.12
1 1 2 4 5
5 6 69.71 1 1
2 4 5 5 5
63.42 1 1 2 4
4 7 7 68.83 1
1 2 4 4 6
7 68.3 1 1 2
4 4 6 6 68.12
1 1 2 4 4
5 7 74.66 1 1
2 4 4 5 6
69.61 1 1 2 4
4 5 5 63.91 1
1 2 4 4 4
7 70.01 1 1 2
4 4 4 6 70.23
1 1 2 4 4
4 5 59.09 1 1
2 4 4 4 4
75.45 1 1 2 3
7 7 7 73.69 1
1 2 3 6 7
7 78.03 1 1 2
3 6 6 7 75.58
1 1 2 3 6
6 6 78.25 1 1
2 3 5 7 7
77.34 1 1 2 3
5 6 7 80.72 1
1 2 3 5 6
6 78.13 1 1 2
3 5 5 7 76.83
1 1 2 3 5
5 6 78.64 1 1
2 3 5 5 5
77.93 1 1 2 3
4 7 7 77.84 1
1 2 3 4 6
7 80.37 1 1 2
3 4 6 6 79.87
1 1 2 3 4
5 7 80.22 1 1
2 3 4 5 6
80.71 1 1 2 3
4 5 5 78.88 1
1 2 3 4 4
7 76.34 1 1 2
3 4 4 6 80.06
1 1 2 3 4
4 5 79.79 1 1
2 3 4 4 4
76.1 1 1 2 3
3 7 7 77.36 1
1 2 3 3 6
7 76.06 1 1 2
3 3 6 6 76.89
1 1 2 3 3
5 7 78.82 1 1
2 3 3 5 6
77.13 1 1 2 3
3 5 5 78.44 1
1 2 3 3 4
7 79.15 1 1 2
3 3 4 6 78.31
1 1 2 3 3
4 5 77.98 1 1
2 3 3 4 4
79.4 1 1 2 3
3 3 7 77.1 1
1 2 3 3 3
6 81.27 1 1 2
3 3 3 5 82.52
1 1 2 3 3
3 4 77.65 1 1
2 3 3 3 3
60.93 1 1 2 2
7 7 7 68.32 1
1 2 2 6 7
7 67.19 1 1 2
2 6 6 7 67.14
1 1 2 2 6
6 6 68.92 1 1
2 2 5 7 7
72.93 1 1 2 2
5 6 7 73.1 1
1 2 2 5 6
6 67.73 1 1 2
2 5 5 7 73.61
1 1 2 2 5
5 6 67.8 1 1
2 2 5 5 5
63.7 1 1 2 2
4 7 7 70.37 1
1 2 2 4 6
7 70.08 1 1 2
2 4 6 6 69.69
1 1 2 2 4
5 7 76 1 1
2 2 4 5 6
69.44 1 1 2 2
4 5 5 62.72 1
1 2 2 4 4
7 69.03 1 1 2
2 4 4 6 69.98
1 1 2 2 4
4 5 58.28 1 1
2 2 4 4 4
75.46 1 1 2 2
3 7 7 76.82 1
1 2 2 3 6
7 78.16 1 1 2
2 3 6 6 78.5
1 1 2 2 3
5 7 78.63 1 1
2 2 3 5 6
77.16 1 1 2 2
3 5 5 77.29 1
1 2 2 3 4
7 78.94 1 1 2
2 3 4 6 78.94
1 1 2 2 3
4 5 76.77 1 1
2 2 3 4 4
74.81 1 1 2 2
3 3 7 77.79 1
1 2 2 3 3
6 77.87 1 1 2
2 3 3 5 77.01
1 1 2 2 3
3 4 77.34 1 1
2 2 3 3 3
63.59 1 1 2 2
2 7 7 69.27 1
1 2 2 2 6
7 68.25 1 1 2
2 2 6 6 68.28
1 1 2 2 2
5 7 75.29 1 1
2 2 2 5 6
68.25 1 1 2 2
2 5 5 65.9 1
1 2 2 2 4
7 71.06 1 1 2
2 2 4 6 71.25
1 1 2 2 2
4 5 60.01 1 1
2 2 2 4 4
79.59 1 1 2 2
2 3 7 77.12 1
1 2 2 2 3
6 82.14 1 1 2
2 2 3 5 80.79
1 1 2 2 2
3 4 77.04 1 1
2 2 2 3 3
63.39 1 1 2 2
2 2 7 68.11 1
1 2 2 2 2
6 69.44 1 1 2
2 2 2 5 59.73
1 1 2 2 2
2 4 76.44 1 1
2 2 2 2 3
58.6 1 1 2 2
2 2 2 52.74 1
1 1 7 7 7
7 58.56 1 1 1
6 7 7 7 59.95
1 1 1 6 6
7 7 61.81 1 1
1 6 6 6 7
62.01 1 1 1 6
6 6 6 58.86 1
1 1 5 7 7
7 65.27 1 1 1
5 6 7 7 66
1 1 1 5 6
6 7 67.41 1 1
1 5 6 6 6
58.04 1 1 1 5
5 7 7 64.07 1
1 1 5 5 6
7 64.02 1 1 1
5 5 6 6 59.31
1 1 1 5 5
5 7 67.03 1 1
1 5 5 5 6
52.85 1 1 1 5
5 5 5 59.08 1
1 1 4 7 7
7 65.54 1 1 1
4 6 7 7 66.18
1 1 1 4 6
6 7 66.79 1 1
1 4 6 6 6
64.01 1 1 1 4
5 7 7 71.08 1
1 1 4 5 6
7 70.94 1 1 1
4 5 6 6 63.28
1 1 1 4 5
5 7 70.85 1 1
1 4 5 5 6
64.64 1 1 1 4
5 5 5 56.68 1
1 1 4 4 7
7 63.67 1 1 1
4 4 6 7 64.54
1 1 1 4 4
6 6 64.26 1 1
1 4 4 5 7
70.61 1 1 1 4
4 5 6 61.69 1
1 1 4 4 5
5 59.27 1 1 1
4 4 4 7 65.27
1 1 1 4 4
4 6 66.45 1 1
1 4 4 4 5
52.12 1 1 1 4
4 4 4 65.23 1
1 1 3 7 7
7 70.57 1 1 1
3 6 7 7 70.76
1 1 1 3 6
6 7 73.57 1 1
1 3 6 6 6
63.7 1 1 1 3
5 7 7 68.72 1
1 1 3 5 6
7 69.98 1 1 1
3 5 6 6 66.1
1 1 1 3 5
5 7 72.62 1 1
1 3 5 5 6
59.47 1 1 1 3
5 5 5 70.61 1
1 1 3 4 7
7 75.86 1 1 1
3 4 6 7 75.63
1 1 1 3 4
6 6 68.87 1 1
1 3 4 5 7
75.54 1 1 1 3
4 5 6 71.75 1
1 1 3 4 5
5 69.86 1 1 1
3 4 4 7 75.06
1 1 1 3 4
4 6 67.29 1 1
1 3 4 4 5
72.18 1 1 1 3
4 4 4 62.72 1
1 1 3 3 7
7 69.25 1 1 1
3 3 6 7 69.77
1 1 1 3 3
6 6 65.58 1 1
1 3 3 5 7
72.85 1 1 1 3
3 5 6 59.75 1
1 1 3 3 5
5 69.59 1 1 1
3 3 4 7 75.87
1 1 1 3 3
4 6 71.79 1 1
1 3 3 4 5
67.98 1 1 1 3
3 4 4 67.87 1
1 1 3 3 3
7 73.67 1 1 1
3 3 3 6 61.97
1 1 1 3 3
3 5 74.12 1 1
1 3 3 3 4
61.05 1 1 1 3
3 3 3 66.3 1
1 1 2 7 7
7 69.49 1 1 1
2 6 7 7 71.71
1 1 1 2 6
6 7 73.35 1 1
1 2 6 6 6
70.48 1 1 1 2
5 7 7 76.5 1
1 1 2 5 6
7 77.01 1 1 1
2 5 6 6 70.79
1 1 1 2 5
5 7 76.7 1 1
1 2 5 5 6
72.24 1 1 1 2
5 5 5 62.41 1
1 1 2 4 7
7 68.62 1 1 1
2 4 6 7 68.17
1 1 1 2 4
6 6 68.51 1 1
1 2 4 5 7
75.71 1 1 1 2
4 5 6 66.84 1
1 1 2 4 5
5 65.13 1 1 1
2 4 4 7 72.45
1 1 1 2 4
4 6 73.36 1 1
1 2 4 4 5
58.4 1 1 1 2
4 4 4 80.44 1
1 1 2 3 7
7 80.7 1 1 1
2 3 6 7 84.57
1 1 1 2 3
6 6 80.56 1 1
1 2 3 5 7
80.09 1 1 1 2
3 5 6 82.85 1
1 1 2 3 5
5 80.44 1 1 1
2 3 4 7 79.44
1 1 1 2 3
4 6 76.9 1 1
1 2 3 4 5
83.13 1 1 1 2
3 4 4 80.05 1
1 1 2 3 3
7 80.78 1 1 1
2 3 3 6 81.75
1 1 1 2 3
3 5 75.23 1 1
1 2 3 3 4
87.01 1 1 1 2
3 3 3 63.67 1
1 1 2 2 7
7 69.55 1 1 1
2 2 6 7 69.02
1 1 1 2 2
6 6 69.1 1 1
1 2 2 5 7
75.29 1 1 1 2
2 5 6 68.29 1
1 1 2 2 5
5 65.52 1 1 1
2 2 4 7 71.81
1 1 1 2 2
4 6 72.49 1 1
1 2 2 4 5
59.38 1 1 1 2
2 4 4 79.05 1
1 1 2 2 3
7 81.22 1 1 1
2 2 3 6 75.89
1 1 1 2 2
3 5 80.28 1 1
1 2 2 3 4
75.99 1 1 1 2
2 3 3 67.24 1
1 1 2 2 2
7 74.09 1 1 1
2 2 2 6 74.13
1 1 1 2 2
2 5 61.42 1 1
1 2 2 2 4
85.62 1 1 1 2
2 2 3 60.9 1
1 1 2 2 2
2 53.07 1 1 1
1 7 7 7 60.74
1 1 1 1 6
7 7 60.02 1 1
1 1 6 6 7
61.11 1 1 1 1
6 6 6 57.38 1
1 1 1 5 7
7 64.95 1 1 1
1 5 6 7 64.64
1 1 1 1 5
6 6 57.15 1 1
1 1 5 5 7
64.61 1 1 1 1
5 5 6 52.74 1
1 1 1 5 5
5 56.21 1 1 1
1 4 7 7 62.9
1 1 1 1 4
6 7 64.93 1 1
1 1 4 6 6
61.99 1 1 1 1
4 5 7 69.05 1
1 1 1 4 5
6 60.91 1 1 1
1 4 5 5 57.27
1 1 1 1 4
4 7 64.36 1 1
1 1 4 4 6
62.04 1 1 1 1
4 4 5 52.58 1
1 1 1 4 4
4 62.98 1 1 1
1 3 7 7 68.08
1 1 1 1 3
6 7 69.73 1 1
1 1 3 6 6
64.33 1 1 1 1
3 5 7 70.93 1
1 1 1 3 5
6 60.59 1 1 1
1 3 5 5 68.13
1 1 1 1 3
4 7 72.86 1 1
1 1 3 4 6
68.65 1 1 1 1
3 4 5 67.19 1
1 1 1 3 4
4 63.42 1 1 1
1 3 3 7 69.66
1 1 1 1 3
3 6 59.86 1 1
1 1 3 3 5
66.53 1 1 1 1
3 3 4 61.33 1
1 1 1 3 3
3 63.39 1 1 1
1 2 7 7 68.32
1 1 1 1 2
6 7 69.89 1 1
1 1 2 6 6
66.96 1 1 1 1
2 5 7 73.36 1
1 1 1 2 5
6 67.29 1 1 1
1 2 5 5 64.4
1 1 1 1 2
4 7 70.48 1 1
1 1 2 4 6
69.54 1 1 1 1
2 4 5 58.96 1
1 1 1 2 4
4 77.36 1 1 1
1 2 3 7 77.55
1 1 1 1 2
3 6 79.35 1 1
1 1 2 3 5
79.52 1 1 1 1
2 3 4 77 1
1 1 1 2 3
3 63.59 1 1 1
1 2 2 7 70.17
1 1 1 1 2
2 6 67.46 1 1
1 1 2 2 5
59.45 1 1 1 1
2 2 4 76.55 1
1 1 1 2 2
3 60.95 1 1 1
1 2 2 2 50.99
1 1 1 1 1
7 7 57.93 1 1
1 1 1 6 7
58.67 1 1 1 1
1 6 6 56.84 1
1 1 1 1 5
7 64.58 1 1 1
1 1 5 6 51.45
1 1 1 1 1
5 5 57.69 1 1
1 1 1 4 7
63.88 1 1 1 1
1 4 6 63.11 1
1 1 1 1 4
5 50.88 1 1 1
1 1 4 4 64.99
1 1 1 1 1
3 7 70.69 1 1
1 1 1 3 6
58.26 1 1 1 1
1 3 5 69.47 1
1 1 1 1 3
4 57.84 1 1 1
1 1 3 3 64.92
1 1 1 1 1
2 7 70.51 1 1
1 1 1 2 6
71.53 1 1 1 1
1 2 5 58.82 1
1 1 1 1 2
4 82.66 1 1 1
1 1 2 3 58.87
1 1 1 1 1
2 2 50.65 1 1
1 1 1 1 7
58.26 1 1 1 1
1 1 6 50.93 1
1 1 1 1 1
5 50.87 1 1 1
1 1 1 4 58.53
1 1 1 1 1
1 3 58.62 1 1
1 1 1 1 2
44.35 1 1 1 1
1 1 1
