49.98 7 7 7 7
7 7 7 72.67 6
7 7 7 7 7
7 72.23 6 6 7
7 7 7 7 74.35
6 6 6 7 7
7 7 74.18 6 6
6 6 7 7 7
72.71 6 6 6 6
6 7 7 72.22 6
6 6 6 6 6
7 49.98 6 6 6
6 6 6 6 72.43
5 7 7 7 7
7 7 93.48 5 6
7 7 7 7 7
94.93 5 6 6 7
7 7 7 96.49 5
6 6 6 7 7
7 96.8 5 6 6
6 6 7 7 94.93
5 6 6 6 6
6 7 95.11 5 6
6 6 6 6 6
72.32 5 5 7 7
7 7 7 94.43 5
5 6 7 7 7
7 94.95 5 5 6
6 7 7 7 96.62
5 5 6 6 6
7 7 96.38 5 5
6 6 6 6 7
94.89 5 5 6 6
6 6 6 74.12 5
5 5 7 7 7
7 96.67 5 5 5
6 7 7 7 96.74
5 5 5 6 6
7 7 98.38 5 5
5 6 6 6 7
98.58 5 5 5 6
6 6 6 74.29 5
5 5 5 7 7
7 97.02 5 5 5
5 6 7 7 96.63
5 5 5 5 6
6 7 98.75 5 5
5 5 6 6 6
72.38 5 5 5 5
5 7 7 95.17 5
5 5 5 5 6
7 94.97 5 5 5
5 5 6 6 72.62
5 5 5 5 5
5 7 94.54 5 5
5 5 5 5 6
49.97 5 5 5 5
5 5 5 72.79 4
7 7 7 7 7
7 93.82 4 6 7
7 7 7 7 94.99
4 6 6 7 7
7 7 96.66 4 6
6 6 7 7 7
96.45 4 6 6 6
6 7 7 94.86 4
6 6 6 6 6
7 94.56 4 6 6
6 6 6 6 93.84
4 5 7 7 7
7 7 114.1 4 5
6 7 7 7 7
116.01 4 5 6 6
7 7 7 118.13 4
5 6 6 6 7
7 118.12 4 5 6
6 6 6 7 116.11
4 5 6 6 6
6 6 94.98 4 5
5 7 7 7 7
116.26 4 5 5 6
7 7 7 117.48 4
5 5 6 6 7
7 118.92 4 5 5
6 6 6 7 119.02
4 5 5 6 6
6 6 96.37 4 5
5 5 7 7 7
118.44 4 5 5 5
6 7 7 119.22 4
5 5 5 6 6
7 120.65 4 5 5
5 6 6 6 96.58
4 5 5 5 5
7 7 118.24 4 5
5 5 5 6 7
118.66 4 5 5 5
5 6 6 94.79 4
5 5 5 5 5
7 115.98 4 5 5
5 5 5 6 94.73
4 5 5 5 5
5 5 72.57 4 4
7 7 7 7 7
94.64 4 4 6 7
7 7 7 95.12 4
4 6 6 7 7
7 96.92 4 4 6
6 6 7 7 96.63
4 4 6 6 6
6 7 94.85 4 4
6 6 6 6 6
95.24 4 4 5 7
7 7 7 116.13 4
4 5 6 7 7
7 117.07 4 4 5
6 6 7 7 118.61
4 4 5 6 6
6 7 119.37 4 4
5 6 6 6 6
94.54 4 4 5 5
7 7 7 117.28 4
4 5 5 6 7
7 116.8 4 4 5
5 6 6 7 118.89
4 4 5 5 6
6 6 96.48 4 4
5 5 5 7 7
118.65 4 4 5 5
5 6 7 118.81 4
4 5 5 5 6
6 96.72 4 4 5
5 5 5 7 119.31
4 4 5 5 5
5 6 95.03 4 4
5 5 5 5 5
74.28 4 4 4 7
7 7 7 96.38 4
4 4 6 7 7
7 96.92 4 4 4
6 6 7 7 98.39
4 4 4 6 6
6 7 98.48 4 4
4 6 6 6 6
96.57 4 4 4 5
7 7 7 118.31 4
4 4 5 6 7
7 118.68 4 4 4
5 6 6 7 120.61
4 4 4 5 6
6 6 96.68 4 4
4 5 5 7 7
119.08 4 4 4 5
5 6 7 118.76 4
4 4 5 5 6
6 98.52 4 4 4
5 5 5 7 120.94
4 4 4 5 5
5 6 98.48 4 4
4 5 5 5 5
74.08 4 4 4 4
7 7 7 96.65 4
4 4 4 6 7
7 96.87 4 4 4
4 6 6 7 98.64
4 4 4 4 6
6 6 96.71 4 4
4 4 5 7 7
117.83 4 4 4 4
5 6 7 119.17 4
4 4 4 5 6
6 97.1 4 4 4
4 5 5 7 118.92
4 4 4 4 5
5 6 98.57 4 4
4 4 5 5 5
72.61 4 4 4 4
4 7 7 95.43 4
4 4 4 4 6
7 94.8 4 4 4
4 4 6 6 94.73
4 4 4 4 4
5 7 116.17 4 4
4 4 4 5 6
94.85 4 4 4 4
4 5 5 72.59 4
4 4 4 4 4
7 94.34 4 4 4
4 4 4 6 94.32
4 4 4 4 4
4 5 50 4 4
4 4 4 4 4
72.25 3 7 7 7
7 7 7 93.66 3
6 7 7 7 7
7 94.48 3 6 6
7 7 7 7 96.4
3 6 6 6 7
7 7 94.75 3 6
6 6 6 7 7
94.78 3 6 6 6
6 6 7 72.87 3
6 6 6 6 6
6 93.91 3 5 7
7 7 7 7 114.34
3 5 6 7 7
7 7 115.95 3 5
6 6 7 7 7
117.69 3 5 6 6
6 7 7 116.08 3
5 6 6 6 6
7 116.44 3 5 6
6 6 6 6 94.27
3 5 5 7 7
7 7 115.51 3 5
5 6 7 7 7
116.94 3 5 5 6
6 7 7 118.42 3
5 5 6 6 6
7 116.7 3 5 5
6 6 6 6 96.58
3 5 5 5 7
7 7 117.73 3 5
5 5 6 7 7
118.67 3 5 5 5
6 6 7 120.59 3
5 5 5 6 6
6 94.21 3 5 5
5 5 7 7 115.65
3 5 5 5 5
6 7 116.76 3 5
5 5 5 6 6
95.05 3 5 5 5
5 5 7 116.54 3
5 5 5 5 5
6 72.3 3 5 5
5 5 5 5 93.84
3 4 7 7 7
7 7 115.29 3 4
6 7 7 7 7
115.91 3 4 6 6
7 7 7 117.86 3
4 6 6 6 7
7 116.06 3 4 6
6 6 6 7 116.5
3 4 6 6 6
6 6 115.32 3 4
5 7 7 7 7
135.57 3 4 5 6
7 7 7 137.29 3
4 5 6 6 7
7 139.13 3 4 5
6 6 6 7 137.55
3 4 5 6 6
6 6 116.19 3 4
5 5 7 7 7
137.67 3 4 5 5
6 7 7 138.11 3
4 5 5 6 6
7 139.56 3 4 5
5 6 6 6 118
3 4 5 5 5
7 7 138.79 3 4
5 5 5 6 7
139.79 3 4 5 5
5 6 6 116.07 3
4 5 5 5 5
7 136.99 3 4 5
5 5 5 6 116.64
3 4 5 5 5
5 5 95.11 3 4
4 7 7 7 7
116 3 4 4 6
7 7 7 117.04 3
4 4 6 6 7
7 118.77 3 4 4
6 6 6 7 117.12
3 4 4 6 6
6 6 116.41 3 4
4 5 7 7 7
136.28 3 4 4 5
6 7 7 138.73 3
4 4 5 6 6
7 140.51 3 4 4
5 6 6 6 117.48
3 4 4 5 5
7 7 138.35 3 4
4 5 5 6 7
139.04 3 4 4 5
5 6 6 118.91 3
4 4 5 5 5
7 140.3 3 4 4
5 5 5 6 116.81
3 4 4 5 5
5 5 96.4 3 4
4 4 7 7 7
117.44 3 4 4 4
6 7 7 118.56 3
4 4 4 6 6
7 120.88 3 4 4
4 6 6 6 118.04
3 4 4 4 5
7 7 138.52 3 4
4 4 5 6 7
140.16 3 4 4 4
5 6 6 118.73 3
4 4 4 5 5
7 140.45 3 4 4
4 5 5 6 120.54
3 4 4 4 5
5 5 96.83 3 4
4 4 4 7 7
118.08 3 4 4 4
4 6 7 119 3
4 4 4 4 6
6 117.74 3 4 4
4 4 5 7 138.29
3 4 4 4 4
5 6 118.33 3 4
4 4 4 5 5
94.76 3 4 4 4
4 4 7 116.43 3
4 4 4 4 4
6 116.07 3 4 4
4 4 4 5 95
3 4 4 4 4
4 4 72.46 3 3
7 7 7 7 7
94.24 3 3 6 7
7 7 7 94.73 3
3 6 6 7 7
7 94.52 3 3 6
6 6 7 7 94.97
3 3 6 6 6
6 7 72.71 3 3
6 6 6 6 6
94.72 3 3 5 7
7 7 7 115.66 3
3 5 6 7 7
7 117.03 3 3 5
6 6 7 7 116.84
3 3 5 6 6
6 7 116.61 3 3
5 6 6 6 6
94.64 3 3 5 5
7 7 7 116.51 3
3 5 5 6 7
7 116.83 3 3 5
5 6 6 7 116.92
3 3 5 5 6
6 6 94.28 3 3
5 5 5 7 7
116.29 3 3 5 5
5 6 7 116.87 3
3 5 5 5 6
6 94.66 3 3 5
5 5 5 7 116.51
3 3 5 5 5
5 6 72.46 3 3
5 5 5 5 5
94.57 3 3 4 7
7 7 7 116.85 3
3 4 6 7 7
7 117.34 3 3 4
6 6 7 7 117.39
3 3 4 6 6
6 7 116.64 3 3
4 6 6 6 6
116.72 3 3 4 5
7 7 7 138.16 3
3 4 5 6 7
7 139.52 3 3 4
5 6 6 7 138.98
3 3 4 5 6
6 6 116.76 3 3
4 5 5 7 7
138.87 3 3 4 5
5 6 7 139.34 3
3 4 5 5 6
6 117.28 3 3 4
5 5 5 7 139.44
3 3 4 5 5
5 6 116.48 3 3
4 5 5 5 5
94.49 3 3 4 4
7 7 7 117 3
3 4 4 6 7
7 116.7 3 3 4
4 6 6 7 116.91
3 3 4 4 6
6 6 116.86 3 3
4 4 5 7 7
137.62 3 3 4 4
5 6 7 138.95 3
3 4 4 5 6
6 116.78 3 3 4
4 5 5 7 138.9
3 3 4 4 5
5 6 116.95 3 3
4 4 5 5 5
96.57 3 3 4 4
4 7 7 119.1 3
3 4 4 4 6
7 119.04 3 3 4
4 4 6 6 118.82
3 3 4 4 4
5 7 139.43 3 3
4 4 4 5 6
118.99 3 3 4 4
4 5 5 96.91 3
3 4 4 4 4
7 118.76 3 3 4
4 4 4 6 118.59
3 3 4 4 4
4 5 94.97 3 3
4 4 4 4 4
74.45 3 3 3 7
7 7 7 96.39 3
3 3 6 7 7
7 94.28 3 3 3
6 6 7 7 96.65
3 3 3 6 6
6 7 74.16 3 3
3 6 6 6 6
96.49 3 3 3 5
7 7 7 117.26 3
3 3 5 6 7
7 116.37 3 3 3
5 6 6 7 118.62
3 3 3 5 6
6 6 94.71 3 3
3 5 5 7 7
116.53 3 3 3 5
5 6 7 114.92 3
3 3 5 5 6
6 96.7 3 3 3
5 5 5 7 118.77
3 3 3 5 5
5 6 74.17 3 3
3 5 5 5 5
96.29 3 3 3 4
7 7 7 118.78 3
3 3 4 6 7
7 117.14 3 3 3
4 6 6 7 119.34
3 3 3 4 6
6 6 118.51 3 3
3 4 5 7 7
139.98 3 3 3 4
5 6 7 138.77 3
3 3 4 5 6
6 116.39 3 3 3
4 5 5 7 139.1
3 3 3 4 5
5 6 118.89 3 3
3 4 5 5 5
96.51 3 3 3 4
4 7 7 119.42 3
3 3 4 4 6
7 117.04 3 3 3
4 4 6 6 118.92
3 3 3 4 4
5 7 140.58 3 3
3 4 4 5 6
116.97 3 3 3 4
4 5 5 98.66 3
3 3 4 4 4
7 121.14 3 3 3
4 4 4 6 120.45
3 3 3 4 4
4 5 98.5 3 3
3 4 4 4 4
74.29 3 3 3 3
7 7 7 94.71 3
3 3 3 6 7
7 94.26 3 3 3
3 6 6 7 74.29
3 3 3 3 6
6 6 94.79 3 3
3 3 5 7 7
115.41 3 3 3 3
5 6 7 115.13 3
3 3 3 5 6
6 94.72 3 3 3
3 5 5 7 114.95
3 3 3 3 5
5 6 74.32 3 3
3 3 5 5 5
96.92 3 3 3 3
4 7 7 117.08 3
3 3 3 4 6
7 116.73 3 3 3
3 4 6 6 116.76
3 3 3 3 4
5 7 137.08 3 3
3 3 4 5 6
117.36 3 3 3 3
4 5 5 96.69 3
3 3 3 4 4
7 117.03 3 3 3
3 4 4 6 117.1
3 3 3 3 4
4 5 98.55 3 3
3 3 4 4 4
72.51 3 3 3 3
3 7 7 93.94 3
3 3 3 3 6
7 72.43 3 3 3
3 3 6 6 93.84
3 3 3 3 3
5 7 114.93 3 3
3 3 3 5 6
72.21 3 3 3 3
3 5 5 95.35 3
3 3 3 3 4
7 116.55 3 3 3
3 3 4 6 116.89
3 3 3 3 3
4 5 95.15 3 3
3 3 3 4 4
72.47 3 3 3 3
3 3 7 72.33 3
3 3 3 3 3
6 72.61 3 3 3
3 3 3 5 95.22
3 3 3 3 3
3 4 50 3 3
3 3 3 3 3
72.54 2 7 7 7
7 7 7 93.6 2
6 7 7 7 7
7 94.39 2 6 6
7 7 7 7 96.47
2 6 6 6 7
7 7 94.71 2 6
6 6 6 7 7
95.03 2 6 6 6
6 6 7 72.11 2
6 6 6 6 6
6 93.92 2 5 7
7 7 7 7 115.35
2 5 6 7 7
7 7 115.83 2 5
6 6 7 7 7
118.09 2 5 6 6
6 7 7 116.03 2
5 6 6 6 6
7 116.77 2 5 6
6 6 6 6 94.7
2 5 5 7 7
7 7 115.66 2 5
5 6 7 7 7
116.79 2 5 5 6
6 7 7 119.23 2
5 5 6 6 6
7 117.24 2 5 5
6 6 6 6 96.64
2 5 5 5 7
7 7 118.18 2 5
5 5 6 7 7
118.69 2 5 5 5
6 6 7 120.88 2
5 5 5 6 6
6 96.25 2 5 5
5 5 7 7 118.18
2 5 5 5 5
6 7 119.06 2 5
5 5 5 6 6
94.67 2 5 5 5
5 5 7 116.17 2
5 5 5 5 5
6 95.02 2 5 5
5 5 5 5 93.72
2 4 7 7 7
7 7 113.62 2 4
6 7 7 7 7
115.67 2 4 6 6
7 7 7 117 2
4 6 6 6 7
7 115.51 2 4 6
6 6 6 7 116.15
2 4 6 6 6
6 6 115.53 2 4
5 7 7 7 7
135.72 2 4 5 6
7 7 7 137.52 2
4 5 6 6 7
7 138.56 2 4 5
6 6 6 7 137
2 4 5 6 6
6 6 116.02 2 4
5 5 7 7 7
135.86 2 4 5 5
6 7 7 138.31 2
4 5 5 6 6
7 140.29 2 4 5
5 6 6 6 117.83
2 4 5 5 5
7 7 138.2 2 4
5 5 5 6 7
139.84 2 4 5 5
5 6 6 118.18 2
4 5 5 5 5
7 138.61 2 4 5
5 5 5 6 116.32
2 4 5 5 5
5 5 94.27 2 4
4 7 7 7 7
115.62 2 4 4 6
7 7 7 116.83 2
4 4 6 6 7
7 119.34 2 4 4
6 6 6 7 117.16
2 4 4 6 6
6 6 115.53 2 4
4 5 7 7 7
137.55 2 4 4 5
6 7 7 138.16 2
4 4 5 6 6
7 139.54 2 4 4
5 6 6 6 116.98
2 4 4 5 5
7 7 137.94 2 4
4 5 5 6 7
139.32 2 4 4 5
5 6 6 118.82 2
4 4 5 5 5
7 140.44 2 4 4
5 5 5 6 118.75
2 4 4 5 5
5 5 96.82 2 4
4 4 7 7 7
118.06 2 4 4 4
6 7 7 118.61 2
4 4 4 6 6
7 120.61 2 4 4
4 6 6 6 117.84
2 4 4 4 5
7 7 138.98 2 4
4 4 5 6 7
139.83 2 4 4 4
5 6 6 119.17 2
4 4 4 5 5
7 140.27 2 4 4
4 5 5 6 120.9
2 4 4 4 5
5 5 94.34 2 4
4 4 4 7 7
115.97 2 4 4 4
4 6 7 116.57 2
4 4 4 4 6
6 115.77 2 4 4
4 4 5 7 137.25
2 4 4 4 4
5 6 116.82 2 4
4 4 4 5 5
94.81 2 4 4 4
4 4 7 116.4 2
4 4 4 4 4
6 116.1 2 4 4
4 4 4 5 72.58
2 4 4 4 4
4 4 115.28 2 3
7 7 7 7 7
114.81 2 3 6 7
7 7 7 118.16 2
3 6 6 7 7
7 116.35 2 3 6
6 6 7 7 116.62
2 3 6 6 6
6 7 93.78 2 3
6 6 6 6 6
135.32 2 3 5 7
7 7 7 136.32 2
3 5 6 7 7
7 139.45 2 3 5
6 6 7 7 137.71
2 3 5 6 6
6 7 137.13 2 3
5 6 6 6 6
137.47 2 3 5 5
7 7 7 137.06 2
3 5 5 6 7
7 139.63 2 3 5
5 6 6 7 138.26
2 3 5 5 6
6 6 139.38 2 3
5 5 5 7 7
138.78 2 3 5 5
5 6 7 142.23 2
3 5 5 5 6
6 137.54 2 3 5
5 5 5 7 137.38
2 3 5 5 5
5 6 137.58 2 3
5 5 5 5 5
135.54 2 3 4 7
7 7 7 136.09 2
3 4 6 7 7
7 139.32 2 3 4
6 6 7 7 136.61
2 3 4 6 6
6 7 137.44 2 3
4 6 6 6 6
156.13 2 3 4 5
7 7 7 157.99 2
3 4 5 6 7
7 160.47 2 3 4
5 6 6 7 158.69
2 3 4 5 6
6 6 157.48 2 3
4 5 5 7 7
157.95 2 3 4 5
5 6 7 161.4 2
3 4 5 5 6
6 159.66 2 3 4
5 5 5 7 160.64
2 3 4 5 5
5 6 158.49 2 3
4 5 5 5 5
137.15 2 3 4 4
7 7 7 136.62 2
3 4 4 6 7
7 140.56 2 3 4
4 6 6 7 137.64
2 3 4 4 6
6 6 157.57 2 3
4 4 5 7 7
158.45 2 3 4 4
5 6 7 161.57 2
3 4 4 5 6
6 159.19 2 3 4
4 5 5 7 158.26
2 3 4 4 5
5 6 160.78 2 3
4 4 5 5 5
139.07 2 3 4 4
4 7 7 138.63 2
3 4 4 4 6
7 142.14 2 3 4
4 4 6 6 160.14
2 3 4 4 4
5 7 159.99 2 3
4 4 4 5 6
161.2 2 3 4 4
4 5 5 137.08 2
3 4 4 4 4
7 137.25 2 3 4
4 4 4 6 157.81
2 3 4 4 4
4 5 137.64 2 3
4 4 4 4 4
114.74 2 3 3 7
7 7 7 117.49 2
3 3 6 7 7
7 117.01 2 3 3
6 6 7 7 116.86
2 3 3 6 6
6 7 94.87 2 3
3 6 6 6 6
135.82 2 3 3 5
7 7 7 138.71 2
3 3 5 6 7
7 139.39 2 3 3
5 6 6 7 139.03
2 3 3 5 6
6 6 137.25 2 3
3 5 5 7 7
139.21 2 3 3 5
5 6 7 138.82 2
3 3 5 5 6
6 137.16 2 3 3
5 5 5 7 139.26
2 3 3 5 5
5 6 137.15 2 3
3 5 5 5 5
136.12 2 3 3 4
7 7 7 138.53 2
3 3 4 6 7
7 138.45 2 3 3
4 6 6 7 137.96
2 3 3 4 6
6 6 157.75 2 3
3 4 5 7 7
159.96 2 3 3 4
5 6 7 160.36 2
3 3 4 5 6
6 158.85 2 3 3
4 5 5 7 160.73
2 3 3 4 5
5 6 158.56 2 3
3 4 5 5 5
137.36 2 3 3 4
4 7 7 139.24 2
3 3 4 4 6
7 139.02 2 3 3
4 4 6 6 158.42
2 3 3 4 4
5 7 160.92 2 3
3 4 4 5 6
159.48 2 3 3 4
4 5 5 139.06 2
3 3 4 4 4
7 141.32 2 3 3
4 4 4 6 160.54
2 3 3 4 4
4 5 136.91 2 3
3 4 4 4 4
119.24 2 3 3 3
7 7 7 116.57 2
3 3 3 6 7
7 118.95 2 3 3
3 6 6 7 96.75
2 3 3 3 6
6 6 139.86 2 3
3 3 5 7 7
139.24 2 3 3 3
5 6 7 140.9 2
3 3 3 5 6
6 138.88 2 3 3
3 5 5 7 137.15
2 3 3 3 5
5 6 141.13 2 3
3 3 5 5 5
139.79 2 3 3 3
4 7 7 138.55 2
3 3 3 4 6
7 140.49 2 3 3
3 4 6 6 160.98
2 3 3 3 4
5 7 160.36 2 3
3 3 4 5 6
160.12 2 3 3 3
4 5 5 140.96 2
3 3 3 4 4
7 138.72 2 3 3
3 4 4 6 162.07
2 3 3 3 4
4 5 143.2 2 3
3 3 4 4 4
117.07 2 3 3 3
3 7 7 116.35 2
3 3 3 3 6
7 96.71 2 3 3
3 3 6 6 136.53
2 3 3 3 3
5 7 137.36 2 3
3 3 3 5 6
137.33 2 3 3 3
3 5 5 138.33 2
3 3 3 3 4
7 138.33 2 3 3
3 3 4 6 158.32
2 3 3 3 3
4 5 138.61 2 3
3 3 3 4 4
116.14 2 3 3 3
3 3 7 94.87 2
3 3 3 3 3
6 138.24 2 3 3
3 3 3 5 137.69
2 3 3 3 3
3 4 95.02 2 3
3 3 3 3 3
72.16 2 2 7 7
7 7 7 94.46 2
2 6 7 7 7
7 94.35 2 2 6
6 7 7 7 94.84
2 2 6 6 6
7 7 94.73 2 2
6 6 6 6 7
72.37 2 2 6 6
6 6 6 95.06 2
2 5 7 7 7
7 116.96 2 2 5
6 7 7 7 117.14
2 2 5 6 6
7 7 117.28 2 2
5 6 6 6 7
116.96 2 2 5 6
6 6 6 95.01 2
2 5 5 7 7
7 116.83 2 2 5
5 6 7 7 116.44
2 2 5 5 6
6 7 117.49 2 2
5 5 6 6 6
96.84 2 2 5 5
5 7 7 119.07 2
2 5 5 5 6
7 119.08 2 2 5
5 5 6 6 96.73
2 2 5 5 5
5 7 118.67 2 2
5 5 5 5 6
94.92 2 2 5 5
5 5 5 94.73 2
2 4 7 7 7
7 115.61 2 2 4
6 7 7 7 116.79
2 2 4 6 6
7 7 116.31 2 2
4 6 6 6 7
117.16 2 2 4 6
6 6 6 117.09 2
2 4 5 7 7
7 137.71 2 2 4
5 6 7 7 139.21
2 2 4 5 6
6 7 138.82 2 2
4 5 6 6 6
117.04 2 2 4 5
5 7 7 138.1 2
2 4 5 5 6
7 139.03 2 2 4
5 5 6 6 119.25
2 2 4 5 5
5 7 140.47 2 2
4 5 5 5 6
118.25 2 2 4 5
5 5 5 94.57 2
2 4 4 7 7
7 116.76 2 2 4
4 6 7 7 116.71
2 2 4 4 6
6 7 116.89 2 2
4 4 6 6 6
116.79 2 2 4 4
5 7 7 139.08 2
2 4 4 5 6
7 138.83 2 2 4
4 5 6 6 117.37
2 2 4 4 5
5 7 139.2 2 2
4 4 5 5 6
119.21 2 2 4 4
5 5 5 94.58 2
2 4 4 4 7
7 116.73 2 2 4
4 4 6 7 116.66
2 2 4 4 4
6 6 117.11 2 2
4 4 4 5 7
139.2 2 2 4 4
4 5 6 117.26 2
2 4 4 4 5
5 94.49 2 2 4
4 4 4 7 116.82
2 2 4 4 4
4 6 116.76 2 2
4 4 4 4 5
72.39 2 2 4 4
4 4 4 115.03 2
2 3 7 7 7
7 117.03 2 2 3
6 7 7 7 116.96
2 2 3 6 6
7 7 116.31 2 2
3 6 6 6 7
95 2 2 3 6
6 6 6 135.67 2
2 3 5 7 7
7 138.11 2 2 3
5 6 7 7 138.18
2 2 3 5 6
6 7 138.39 2 2
3 5 6 6 6
136.87 2 2 3 5
5 7 7 139 2
2 3 5 5 6
7 138.95 2 2 3
5 5 6 6 139.54
2 2 3 5 5
5 7 140.91 2 2
3 5 5 5 6
136.92 2 2 3 5
5 5 5 136.12 2
2 3 4 7 7
7 138.99 2 2 3
4 6 7 7 138.56
2 2 3 4 6
6 7 139.31 2 2
3 4 6 6 6
156.77 2 2 3 4
5 7 7 159.81 2
2 3 4 5 6
7 160.05 2 2 3
4 5 6 6 157.76
2 2 3 4 5
5 7 161.01 2 2
3 4 5 5 6
160.72 2 2 3 4
5 5 5 137.05 2
2 3 4 4 7
7 139.29 2 2 3
4 4 6 7 138.7
2 2 3 4 4
6 6 157.82 2 2
3 4 4 5 7
160.57 2 2 3 4
4 5 6 158.83 2
2 3 4 4 5
5 137.4 2 2 3
4 4 4 7 138.54
2 2 3 4 4
4 6 158.78 2 2
3 4 4 4 5
136.92 2 2 3 4
4 4 4 115.2 2
2 3 3 7 7
7 116.69 2 2 3
3 6 7 7 116.68
2 2 3 3 6
6 7 94.64 2 2
3 3 6 6 6
137.19 2 2 3 3
5 7 7 139.17 2
2 3 3 5 6
7 139 2 2 3
3 5 6 6 136.59
2 2 3 3 5
5 7 138.39 2 2
3 3 5 5 6
136.7 2 2 3 3
5 5 5 137.24 2
2 3 3 4 7
7 139.04 2 2 3
3 4 6 7 138.51
2 2 3 3 4
6 6 158.81 2 2
3 3 4 5 7
160.62 2 2 3 3
4 5 6 159.1 2
2 3 3 4 5
5 136.96 2 2 3
3 4 4 7 139.44
2 2 3 3 4
4 6 158.97 2 2
3 3 4 4 5
136.7 2 2 3 3
4 4 4 116.86 2
2 3 3 3 7
7 118.69 2 2 3
3 3 6 7 96.93
2 2 3 3 3
6 6 138.87 2 2
3 3 3 5 7
140.66 2 2 3 3
3 5 6 136.61 2
2 3 3 3 5
5 138.58 2 2 3
3 3 4 7 141.04
2 2 3 3 3
4 6 161.37 2 2
3 3 3 4 5
139.37 2 2 3 3
3 4 4 116.49 2
2 3 3 3 3
7 96.45 2 2 3
3 3 3 6 137.37
2 2 3 3 3
3 5 138.26 2 2
3 3 3 3 4
94.8 2 2 3 3
3 3 3 74.21 2
2 2 7 7 7
7 96.43 2 2 2
6 7 7 7 94.64
2 2 2 6 6
7 7 96.67 2 2
2 6 6 6 7
74.41 2 2 2 6
6 6 6 96.75 2
2 2 5 7 7
7 118.63 2 2 2
5 6 7 7 116.51
2 2 2 5 6
6 7 118.83 2 2
2 5 6 6 6
96.92 2 2 2 5
5 7 7 118.69 2
2 2 5 5 6
7 116.87 2 2 2
5 5 6 6 98.56
2 2 2 5 5
5 7 121.06 2 2
2 5 5 5 6
98.48 2 2 2 5
5 5 5 96.37 2
2 2 4 7 7
7 117.53 2 2 2
4 6 7 7 116.27
2 2 2 4 6
6 7 118.87 2 2
2 4 6 6 6
118.25 2 2 2 4
5 7 7 139.58 2
2 2 4 5 6
7 139.33 2 2 2
4 5 6 6 119.18
2 2 2 4 5
5 7 140.2 2 2
2 4 5 5 6
120.61 2 2 2 4
5 5 5 94.38 2
2 2 4 4 7
7 116.63 2 2 2
4 4 6 7 114.4
2 2 2 4 4
6 6 117.32 2 2
2 4 4 5 7
138.96 2 2 2 4
4 5 6 116.81 2
2 2 4 4 5
5 96.61 2 2 2
4 4 4 7 118.65
2 2 2 4 4
4 6 118.73 2 2
2 4 4 4 5
74.19 2 2 2 4
4 4 4 118.46 2
2 2 3 7 7
7 116.39 2 2 2
3 6 7 7 119.14
2 2 2 3 6
6 7 96.45 2 2
2 3 6 6 6
139.84 2 2 2 3
5 7 7 137.49 2
2 2 3 5 6
7 140.44 2 2 2
3 5 6 6 141
2 2 2 3 5
5 7 138.93 2 2
2 3 5 5 6
143.04 2 2 2 3
5 5 5 139.68 2
2 2 3 4 7
7 138.64 2 2 2
3 4 6 7 141.01
2 2 2 3 4
6 6 160.64 2 2
2 3 4 5 7
160.15 2 2 2 3
4 5 6 162.18 2
2 2 3 4 5
5 138.4 2 2 2
3 4 4 7 137.38
2 2 2 3 4
4 6 160.23 2 2
2 3 4 4 5
141.16 2 2 2 3
4 4 4 116.99 2
2 2 3 3 7
7 118.09 2 2 2
3 3 6 7 97.16
2 2 2 3 3
6 6 138.64 2 2
2 3 3 5 7
140.83 2 2 2 3
3 5 6 138.33 2
2 2 3 3 5
5 138.9 2 2 2
3 3 4 7 140.67
2 2 2 3 3
4 6 161.22 2 2
2 3 3 4 5
137.19 2 2 2 3
3 4 4 121.01 2
2 2 3 3 3
7 98.66 2 2 2
3 3 3 6 142.37
2 2 2 3 3
3 5 142.94 2 2
2 3 3 3 4
98.52 2 2 2 3
3 3 3 74.27 2
2 2 2 7 7
7 94.52 2 2 2
2 6 7 7 94.55
2 2 2 2 6
6 7 74.15 2 2
2 2 6 6 6
96.84 2 2 2 2
5 7 7 117.09 2
2 2 2 5 6
7 117 2 2 2
2 5 6 6 96.68
2 2 2 2 5
5 7 116.91 2 2
2 2 5 5 6
98.64 2 2 2 2
5 5 5 94.25 2
2 2 2 4 7
7 114.93 2 2 2
2 4 6 7 115.41
2 2 2 2 4
6 6 116.95 2 2
2 2 4 5 7
137.59 2 2 2 2
4 5 6 116.95 2
2 2 2 4 5
5 94.69 2 2 2
2 4 4 7 114.92
2 2 2 2 4
4 6 117.26 2 2
2 2 4 4 5
74.35 2 2 2 2
4 4 4 116.86 2
2 2 2 3 7
7 116.88 2 2 2
2 3 6 7 96.66
2 2 2 2 3
6 6 137.44 2 2
2 2 3 5 7
138.23 2 2 2 2
3 5 6 138.69 2
2 2 2 3 5
5 137.38 2 2 2
2 3 4 7 137.71
2 2 2 2 3
4 6 158.72 2 2
2 2 3 4 5
137.15 2 2 2 2
3 4 4 116.63 2
2 2 2 3 3
7 96.82 2 2 2
2 3 3 6 138.88
2 2 2 2 3
3 5 136.89 2 2
2 2 3 3 4
98.51 2 2 2 2
3 3 3 72.41 2
2 2 2 2 7
7 93.9 2 2 2
2 2 6 7 72.5
2 2 2 2 2
6 6 94.93 2 2
2 2 2 5 7
116.22 2 2 2 2
2 5 6 94.67 2
2 2 2 2 5
5 93.91 2 2 2
2 2 4 7 114.59
2 2 2 2 2
4 6 116.31 2 2
2 2 2 4 5
72.71 2 2 2 2
2 4 4 116.38 2
2 2 2 2 3
7 95.47 2 2 2
2 2 3 6 137.19
2 2 2 2 2
3 5 137.72 2 2
2 2 2 3 4
94.99 2 2 2 2
2 3 3 72.5 2
2 2 2 2 2
7 72.54 2 2 2
2 2 2 6 94.84
2 2 2 2 2
2 5 72.37 2 2
2 2 2 2 4
94.87 2 2 2 2
2 2 3 50 2
2 2 2 2 2
2 72.4 1 7 7
7 7 7 7 93.86
1 6 7 7 7
7 7 95.08 1 6
6 7 7 7 7
96.51 1 6 6 6
7 7 7 96.82 1
6 6 6 6 7
7 95.03 1 6 6
6 6 6 7 94.65
1 6 6 6 6
6 6 93.63 1 5
7 7 7 7 7
115.03 1 5 6 7
7 7 7 116.52 1
5 6 6 7 7
7 117.51 1 5 6
6 6 7 7 118.28
1 5 6 6 6
6 7 116.16 1 5
6 6 6 6 6
94.66 1 5 5 7
7 7 7 116.21 1
5 5 6 7 7
7 116.32 1 5 5
6 6 7 7 118.69
1 5 5 6 6
6 7 119.34 1 5
5 6 6 6 6
96.72 1 5 5 5
7 7 7 117.83 1
5 5 5 6 7
7 118.91 1 5 5
5 6 6 7 120.88
1 5 5 5 6
6 6 94.94 1 5
5 5 5 7 7
116.23 1 5 5 5
5 6 7 116.98 1
5 5 5 5 6
6 94.7 1 5 5
5 5 5 7 115.82
1 5 5 5 5
5 6 72.37 1 5
5 5 5 5 5
93.72 1 4 7 7
7 7 7 115.24 1
4 6 7 7 7
7 116.69 1 4 6
6 7 7 7 118.35
1 4 6 6 6
7 7 118.49 1 4
6 6 6 6 7
116.03 1 4 6 6
6 6 6 114.33 1
4 5 7 7 7
7 135.15 1 4 5
6 7 7 7 136.75
1 4 5 6 6
7 7 138.4 1 4
5 6 6 6 7
138.61 1 4 5 6
6 6 6 115.85 1
4 5 5 7 7
7 137.26 1 4 5
5 6 7 7 137.54
1 4 5 5 6
6 7 139.88 1 4
5 5 6 6 6
117.6 1 4 5 5
5 7 7 138.85 1
4 5 5 5 6
7 139.89 1 4 5
5 5 6 6 116.39
1 4 5 5 5
5 7 137.69 1 4
5 5 5 5 6
116.31 1 4 5 5
5 5 5 94.21 1
4 4 7 7 7
7 116.12 1 4 4
6 7 7 7 116.15
1 4 4 6 6
7 7 118.74 1 4
4 6 6 6 7
119.09 1 4 4 6
6 6 6 115.88 1
4 4 5 7 7
7 137.4 1 4 4
5 6 7 7 138.24
1 4 4 5 6
6 7 139.67 1 4
4 5 6 6 6
116.82 1 4 4 5
5 7 7 137.2 1
4 4 5 5 6
7 138.15 1 4 4
5 5 6 6 118.48
1 4 4 5 5
5 7 139.78 1 4
4 5 5 5 6
116.79 1 4 4 5
5 5 5 96.59 1
4 4 4 7 7
7 117.85 1 4 4
4 6 7 7 118.66
1 4 4 4 6
6 7 120.64 1 4
4 4 6 6 6
117.73 1 4 4 4
5 7 7 139.28 1
4 4 4 5 6
7 140.8 1 4 4
4 5 6 6 118.81
1 4 4 4 5
5 7 139.41 1 4
4 4 5 5 6
120.55 1 4 4 4
5 5 5 94.78 1
4 4 4 4 7
7 116.01 1 4 4
4 4 6 7 116.86
1 4 4 4 4
6 6 116.21 1 4
4 4 4 5 7
137.76 1 4 4 4
4 5 6 116.97 1
4 4 4 4 5
5 94.9 1 4 4
4 4 4 7 116.66
1 4 4 4 4
4 6 116.01 1 4
4 4 4 4 5
72.17 1 4 4 4
4 4 4 115.33 1
3 7 7 7 7
7 135.42 1 3 6
7 7 7 7 137.82
1 3 6 6 7
7 7 139.22 1 3
6 6 6 7 7
137.76 1 3 6 6
6 6 7 137.97 1
3 6 6 6 6
6 114.75 1 3 5
7 7 7 7 136.06
1 3 5 6 7
7 7 136.59 1 3
5 6 6 7 7
139.13 1 3 5 6
6 6 7 136.76 1
3 5 6 6 6
6 117.82 1 3 5
5 7 7 7 139.18
1 3 5 5 6
7 7 140.09 1 3
5 5 6 6 7
142 1 3 5 5
6 6 6 116.23 1
3 5 5 5 7
7 137.42 1 3 5
5 5 6 7 137.76
1 3 5 5 5
6 6 116.06 1 3
5 5 5 5 7
137.54 1 3 5 5
5 5 6 93.71 1
3 5 5 5 5
5 135.37 1 3 4
7 7 7 7 155.42
1 3 4 6 7
7 7 157.22 1 3
4 6 6 7 7
159.38 1 3 4 6
6 6 7 157.71 1
3 4 6 6 6
6 136.11 1 3 4
5 7 7 7 156.9
1 3 4 5 6
7 7 158.19 1 3
4 5 6 6 7
160.27 1 3 4 5
6 6 6 138.73 1
3 4 5 5 7
7 160.57 1 3 4
5 5 6 7 161.29
1 3 4 5 5
6 6 137.16 1 3
4 5 5 5 7
158.32 1 3 4 5
5 5 6 137.74 1
3 4 5 5 5
5 136.92 1 3 4
4 7 7 7 157.45
1 3 4 4 6
7 7 159.18 1 3
4 4 6 6 7
161.21 1 3 4 4
6 6 6 136.97 1
3 4 4 5 7
7 158.29 1 3 4
4 5 6 7 158.33
1 3 4 4 5
6 6 139.67 1 3
4 4 5 5 7
160.77 1 3 4 4
5 5 6 137.64 1
3 4 4 5 5
5 138.94 1 3 4
4 4 7 7 159.89
1 3 4 4 4
6 7 160.55 1 3
4 4 4 6 6
139.04 1 3 4 4
4 5 7 160.41 1
3 4 4 4 5
6 142.25 1 3 4
4 4 5 5 136.47
1 3 4 4 4
4 7 157.76 1 3
4 4 4 4 6
137.5 1 3 4 4
4 4 5 137.51 1
3 4 4 4 4
4 114.95 1 3 3
7 7 7 7 135.76
1 3 3 6 7
7 7 136.64 1 3
3 6 6 7 7
136.98 1 3 3 6
6 6 7 137.21 1
3 3 6 6 6
6 116.6 1 3 3
5 7 7 7 138.94
1 3 3 5 6
7 7 138.5 1 3
3 5 6 6 7
139.32 1 3 3 5
6 6 6 117.35 1
3 3 5 5 7
7 138.59 1 3 3
5 5 6 7 139.1
1 3 3 5 5
6 6 116.91 1 3
3 5 5 5 7
139.27 1 3 3 5
5 5 6 95.02 1
3 3 5 5 5
5 136.63 1 3 3
4 7 7 7 157.23
1 3 3 4 6
7 7 158.89 1 3
3 4 6 6 7
158.68 1 3 3 4
6 6 6 138.29 1
3 3 4 5 7
7 159.78 1 3 3
4 5 6 7 161.02
1 3 3 4 5
6 6 137.92 1 3
3 4 5 5 7
159.48 1 3 3 4
5 5 6 138.4 1
3 3 4 5 5
5 137.3 1 3 3
4 4 7 7 157.89
1 3 3 4 4
6 7 159.74 1 3
3 4 4 6 6
139.52 1 3 3 4
4 5 7 161.28 1
3 3 4 4 5
6 138.82 1 3 3
4 4 5 5 138.59
1 3 3 4 4
4 7 160.12 1 3
3 4 4 4 6
141.11 1 3 3 4
4 4 5 136.45 1
3 3 4 4 4
4 118.88 1 3 3
3 7 7 7 140.08
1 3 3 3 6
7 7 139.24 1 3
3 3 6 6 7
141.33 1 3 3 3
6 6 6 116.63 1
3 3 3 5 7
7 138.61 1 3 3
3 5 6 7 137.48
1 3 3 3 5
6 6 118.94 1 3
3 3 5 5 7
141.26 1 3 3 3
5 5 6 96.58 1
3 3 3 5 5
5 140.32 1 3 3
3 4 7 7 161.12
1 3 3 3 4
6 7 160.22 1 3
3 3 4 6 6
138.05 1 3 3 3
4 5 7 159.36 1
3 3 3 4 5
6 140.92 1 3 3
3 4 5 5 140.24
1 3 3 3 4
4 7 162.4 1 3
3 3 4 4 6
138.87 1 3 3 3
4 4 5 142.92 1
3 3 3 4 4
4 117 1 3 3
3 3 7 7 136.85
1 3 3 3 3
6 7 136.68 1 3
3 3 3 6 6
117.05 1 3 3 3
3 5 7 137.45 1
3 3 3 3 5
6 96.54 1 3 3
3 3 5 5 137.4
1 3 3 3 3
4 7 157.52 1 3
3 3 3 4 6
138.28 1 3 3 3
3 4 5 138.04 1
3 3 3 3 4
4 116.55 1 3 3
3 3 3 7 137.55
1 3 3 3 3
3 6 95.03 1 3
3 3 3 3 5
137.49 1 3 3 3
3 3 4 94.56 1
3 3 3 3 3
3 114.51 1 2 7
7 7 7 7 135.36
1 2 6 7 7
7 7 137.13 1 2
6 6 7 7 7
138.45 1 2 6 6
6 7 7 137.61 1
2 6 6 6 6
7 137.66 1 2 6
6 6 6 6 135.13
1 2 5 7 7
7 7 155.69 1 2
5 6 7 7 7
156.77 1 2 5 6
6 7 7 159.37 1
2 5 6 6 6
7 158.55 1 2 5
6 6 6 6 137.22
1 2 5 5 7
7 7 157.19 1 2
5 5 6 7 7
159.9 1 2 5 5
6 6 7 160.85 1
2 5 5 6 6
6 138.87 1 2 5
5 5 7 7 159.67
1 2 5 5 5
6 7 161.26 1 2
5 5 5 6 6
136.99 1 2 5 5
5 5 7 157.6 1
2 5 5 5 5
6 137.67 1 2 5
5 5 5 5 114.3
1 2 4 7 7
7 7 135.17 1 2
4 6 7 7 7
136.85 1 2 4 6
6 7 7 138.82 1
2 4 6 6 6
7 136.52 1 2 4
6 6 6 6 135.65
1 2 4 5 7
7 7 157.19 1 2
4 5 6 7 7
158.61 1 2 4 5
6 6 7 159.99 1
2 4 5 6 6
6 137.34 1 2 4
5 5 7 7 158.32
1 2 4 5 5
6 7 158.92 1 2
4 5 5 6 6
138.79 1 2 4 5
5 5 7 160.41 1
2 4 5 5 5
6 137.14 1 2 4
5 5 5 5 117.47
1 2 4 4 7
7 7 139.12 1 2
4 4 6 7 7
140.23 1 2 4 4
6 6 7 142.55 1
2 4 4 6 6
6 138.66 1 2 4
4 5 7 7 159.69
1 2 4 4 5
6 7 161.59 1 2
4 4 5 6 6
140.08 1 2 4 4
5 5 7 161.25 1
2 4 4 5 5
6 142.49 1 2 4
4 5 5 5 115.98
1 2 4 4 4
7 7 137.16 1 2
4 4 4 6 7
138.38 1 2 4 4
4 6 6 137.7 1
2 4 4 4 5
7 158.46 1 2 4
4 4 5 6 138.06
1 2 4 4 4
5 5 116.42 1 2
4 4 4 4 7
137.69 1 2 4 4
4 4 6 137.39 1
2 4 4 4 4
5 93.77 1 2 4
4 4 4 4 175.73
1 2 3 7 7
7 7 176.87 1 2
3 6 7 7 7
179.44 1 2 3 6
6 7 7 177.59 1
2 3 6 6 6
7 178.16 1 2 3
6 6 6 6 177.07
1 2 3 5 7
7 7 177 1 2
3 5 6 7 7
180.5 1 2 3 5
6 6 7 178.65 1
2 3 5 6 6
6 179.39 1 2 3
5 5 7 7 180.01
1 2 3 5 5
6 7 183.73 1 2
3 5 5 6 6
178.15 1 2 3 5
5 5 7 178.9 1
2 3 5 5 5
6 178.75 1 2 3
5 5 5 5 175.64
1 2 3 4 7
7 7 177.43 1 2
3 4 6 7 7
180.73 1 2 3 4
6 6 7 178.67 1
2 3 4 6 6
6 177.96 1 2 3
4 5 7 7 177.63
1 2 3 4 5
6 7 179.43 1 2
3 4 5 6 6
180.29 1 2 3 4
5 5 7 180.04 1
2 3 4 5 5
6 178.44 1 2 3
4 5 5 5 179.07
1 2 3 4 4
7 7 180.35 1 2
3 4 4 6 7
183.23 1 2 3 4
4 6 6 180.46 1
2 3 4 4 5
7 179.82 1 2 3
4 4 5 6 182.95
1 2 3 4 4
5 5 177.87 1 2
3 4 4 4 7
178.99 1 2 3 4
4 4 6 178.55 1
2 3 4 4 4
5 178.79 1 2 3
4 4 4 4 176.02
1 2 3 3 7
7 7 179.44 1 2
3 3 6 7 7
179.38 1 2 3 3
6 6 7 179.49 1
2 3 3 6 6
6 178.85 1 2 3
3 5 7 7 181.82
1 2 3 3 5
6 7 181 1 2
3 3 5 6 6
178.99 1 2 3 3
5 5 7 181.91 1
2 3 3 5 5
6 179.52 1 2 3
3 5 5 5 176.18
1 2 3 3 4
7 7 179.52 1 2
3 3 4 6 7
179.19 1 2 3 3
4 6 6 179.15 1
2 3 3 4 5
7 181.5 1 2 3
3 4 5 6 178.9
1 2 3 3 4
5 5 178.07 1 2
3 3 4 4 7
182.24 1 2 3 3
4 4 6 182.09 1
2 3 3 4 4
5 177.02 1 2 3
3 4 4 4 182.66
1 2 3 3 3
7 7 180.82 1 2
3 3 3 6 7
183.04 1 2 3 3
3 6 6 180.99 1
2 3 3 3 5
7 179.07 1 2 3
3 3 5 6 182.7
1 2 3 3 3
5 5 181.63 1 2
3 3 3 4 7
180.82 1 2 3 3
3 4 6 180.36 1
2 3 3 3 4
5 185.45 1 2 3
3 3 4 4 179.17
1 2 3 3 3
3 7 179.11 1 2
3 3 3 3 6
179.8 1 2 3 3
3 3 5 179.5 1
2 3 3 3 3
4 180.93 1 2 3
3 3 3 3 114.57
1 2 2 7 7
7 7 135.93 1 2
2 6 7 7 7
137.11 1 2 2 6
6 7 7 137.07 1
2 2 6 6 6
7 136.13 1 2 2
6 6 6 6 135.7
1 2 2 5 7
7 7 157.01 1 2
2 5 6 7 7
158.16 1 2 2 5
6 6 7 158.41 1
2 2 5 6 6
6 136.76 1 2 2
5 5 7 7 158.6
1 2 2 5 5
6 7 159.52 1 2
2 5 5 6 6
139.08 1 2 2 5
5 5 7 160.3 1
2 2 5 5 5
6 137.21 1 2 2
5 5 5 5 116.69
1 2 2 4 7
7 7 138.88 1 2
2 4 6 7 7
138.88 1 2 2 4
6 6 7 139.43 1
2 2 4 6 6
6 137.68 1 2 2
4 5 7 7 160.61
1 2 2 4 5
6 7 160.15 1 2
2 4 5 6 6
138.84 1 2 2 4
5 5 7 161.35 1
2 2 4 5 5
6 140.64 1 2 2
4 5 5 5 116.65
1 2 2 4 4
7 7 138.74 1 2
2 4 4 6 7
138.13 1 2 2 4
4 6 6 138.03 1
2 2 4 4 5
7 159.97 1 2 2
4 4 5 6 139.18
1 2 2 4 4
5 5 117.06 1 2
2 4 4 4 7
138.79 1 2 2 4
4 4 6 138.02 1
2 2 4 4 4
5 94.57 1 2 2
4 4 4 4 176.51
1 2 2 3 7
7 7 179.45 1 2
2 3 6 7 7
179.77 1 2 2 3
6 6 7 179.21 1
2 2 3 6 6
6 176.49 1 2 2
3 5 7 7 179.01
1 2 2 3 5
6 7 179.29 1 2
2 3 5 6 6
179.46 1 2 2 3
5 5 7 181.88 1
2 2 3 5 5
6 177.83 1 2 2
3 5 5 5 180.43
1 2 2 3 4
7 7 181.32 1 2
2 3 4 6 7
181.79 1 2 2 3
4 6 6 179.81 1
2 2 3 4 5
7 181.69 1 2 2
3 4 5 6 182.33
1 2 2 3 4
5 5 179.38 1 2
2 3 4 4 7
180.45 1 2 2 3
4 4 6 178.58 1
2 2 3 4 4
5 180.75 1 2 2
3 4 4 4 177.67
1 2 2 3 3
7 7 178.82 1 2
2 3 3 6 7
179.1 1 2 2 3
3 6 6 178.78 1
2 2 3 3 5
7 181.45 1 2 2
3 3 5 6 178.88
1 2 2 3 3
5 5 178.57 1 2
2 3 3 4 7
181.2 1 2 2 3
3 4 6 180.86 1
2 2 3 3 4
5 179.04 1 2 2
3 3 4 4 181.7
1 2 2 3 3
3 7 183.04 1 2
2 3 3 3 6
178.56 1 2 2 3
3 3 5 183.29 1
2 2 3 3 3
4 178.83 1 2 2
3 3 3 3 118.52
1 2 2 2 7
7 7 139.31 1 2
2 2 6 7 7
138.66 1 2 2 2
6 6 7 141.1 1
2 2 2 6 6
6 139.47 1 2 2
2 5 7 7 161.18
1 2 2 2 5
6 7 160.05 1 2
2 2 5 6 6
141.01 1 2 2 2
5 5 7 162.53 1
2 2 2 5 5
6 143.26 1 2 2
2 5 5 5 116.41
1 2 2 2 4
7 7 139.15 1 2
2 2 4 6 7
136.49 1 2 2 2
4 6 6 138.18 1
2 2 2 4 5
7 160.15 1 2 2
2 4 5 6 139.77
1 2 2 2 4
5 5 118.98 1 2
2 2 4 4 7
141.24 1 2 2 2
4 4 6 140.54 1
2 2 2 4 4
5 96.46 1 2 2
2 4 4 4 182.46
1 2 2 2 3
7 7 180.59 1 2
2 2 3 6 7
183.41 1 2 2 2
3 6 6 182.77 1
2 2 2 3 5
7 181.45 1 2 2
2 3 5 6 185.1
1 2 2 2 3
5 5 181.2 1 2
2 2 3 4 7
178.9 1 2 2 2
3 4 6 181.06 1
2 2 2 3 4
5 183.54 1 2 2
2 3 4 4 181.41
1 2 2 2 3
3 7 183.36 1 2
2 2 3 3 6
183.42 1 2 2 2
3 3 5 179.13 1
2 2 2 3 3
4 187.46 1 2 2
2 3 3 3 117.02
1 2 2 2 2
7 7 136.73 1 2
2 2 2 6 7
137.61 1 2 2 2
2 6 6 137.96 1
2 2 2 2 5
7 158.6 1 2 2
2 2 5 6 139.46
1 2 2 2 2
5 5 117.14 1 2
2 2 2 4 7
137.26 1 2 2 2
2 4 6 138.24 1
2 2 2 2 4
5 96.5 1 2 2
2 2 4 4 180.17
1 2 2 2 2
3 7 179.59 1 2
2 2 2 3 6
178.87 1 2 2 2
2 3 5 179.98 1
2 2 2 2 3
4 179.21 1 2 2
2 2 3 3 116.32
1 2 2 2 2
2 7 137.31 1 2
2 2 2 2 6
137.21 1 2 2 2
2 2 5 94.89 1
2 2 2 2 2
4 180.29 1 2 2
2 2 2 3 95.07
1 2 2 2 2
2 2 72.45 1 1
7 7 7 7 7
94.83 1 1 6 7
7 7 7 94.53 1
1 6 6 7 7
7 96.95 1 1 6
6 6 7 7 96.75
1 1 6 6 6
6 7 95.01 1 1
6 6 6 6 6
93.97 1 1 5 7
7 7 7 116.81 1
1 5 6 7 7
7 117.56 1 1 5
6 6 7 7 118.45
1 1 5 6 6
6 7 118.67 1 1
5 6 6 6 6
94.77 1 1 5 5
7 7 7 116.74 1
1 5 5 6 7
7 116.62 1 1 5
5 6 6 7 118.95
1 1 5 5 6
6 6 94.44 1 1
5 5 5 7 7
117.13 1 1 5 5
5 6 7 116.64 1
1 5 5 5 6
6 94.76 1 1 5
5 5 5 7 116.8
1 1 5 5 5
5 6 72.68 1 1
5 5 5 5 5
94.35 1 1 4 7
7 7 7 116.68 1
1 4 6 7 7
7 116.65 1 1 4
6 6 7 7 118.47
1 1 4 6 6
6 7 119 1 1
4 6 6 6 6
115.88 1 1 4 5
7 7 7 138.15 1
1 4 5 6 7
7 137.72 1 1 4
5 6 6 7 140.15
1 1 4 5 6
6 6 116.17 1 1
4 5 5 7 7
139.01 1 1 4 5
5 6 7 138.86 1
1 4 5 5 6
6 116.62 1 1 4
5 5 5 7 139.34
1 1 4 5 5
5 6 116.57 1 1
4 5 5 5 5
95.06 1 1 4 4
7 7 7 116.7 1
1 4 4 6 7
7 117.17 1 1 4
4 6 6 7 119.3
1 1 4 4 6
6 6 116.06 1 1
4 4 5 7 7
138.86 1 1 4 4
5 6 7 138.83 1
1 4 4 5 6
6 116.65 1 1 4
4 5 5 7 139.38
1 1 4 4 5
5 6 116.44 1 1
4 4 5 5 5
95.01 1 1 4 4
4 7 7 116.98 1
1 4 4 4 6
7 117.38 1 1 4
4 4 6 6 116.37
1 1 4 4 4
5 7 139.03 1 1
4 4 4 5 6
116.88 1 1 4 4
4 5 5 93.97 1
1 4 4 4 4
7 117.39 1 1 4
4 4 4 6 116.46
1 1 4 4 4
4 5 72.5 1 1
4 4 4 4 4
114.68 1 1 3 7
7 7 7 135.89 1
1 3 6 7 7
7 136.88 1 1 3
6 6 7 7 139.06
1 1 3 6 6
6 7 137.42 1 1
3 6 6 6 6
116.81 1 1 3 5
7 7 7 137.95 1
1 3 5 6 7
7 139.46 1 1 3
5 6 6 7 140.89
1 1 3 5 6
6 6 116.4 1 1
3 5 5 7 7
138.24 1 1 3 5
5 6 7 138.44 1
1 3 5 5 6
6 116.93 1 1 3
5 5 5 7 138.04
1 1 3 5 5
5 6 94.83 1 1
3 5 5 5 5
136.03 1 1 3 4
7 7 7 157.14 1
1 3 4 6 7
7 157.56 1 1 3
4 6 6 7 159.99
1 1 3 4 6
6 6 139.25 1 1
3 4 5 7 7
160.3 1 1 3 4
5 6 7 160.83 1
1 3 4 5 6
6 138.93 1 1 3
4 5 5 7 160.16
1 1 3 4 5
5 6 139.29 1 1
3 4 5 5 5
137.17 1 1 3 4
4 7 7 158.13 1
1 3 4 4 6
7 159.44 1 1 3
4 4 6 6 138.43
1 1 3 4 4
5 7 159.28 1 1
3 4 4 5 6
139.02 1 1 3 4
4 5 5 137.13 1
1 3 4 4 4
7 158.48 1 1 3
4 4 4 6 139.36
1 1 3 4 4
4 5 137.12 1 1
3 4 4 4 4
114.86 1 1 3 3
7 7 7 136.95 1
1 3 3 6 7
7 137.28 1 1 3
3 6 6 7 137.22
1 1 3 3 6
6 6 116.48 1 1
3 3 5 7 7
138.89 1 1 3 3
5 6 7 138.09 1
1 3 3 5 6
6 116.47 1 1 3
3 5 5 7 138.87
1 1 3 3 5
5 6 94.71 1 1
3 3 5 5 5
136.83 1 1 3 3
4 7 7 158.89 1
1 3 3 4 6
7 159.91 1 1 3
3 4 6 6 138.67
1 1 3 3 4
5 7 160.44 1 1
3 3 4 5 6
139.28 1 1 3 3
4 5 5 137.11 1
1 3 3 4 4
7 159.19 1 1 3
3 4 4 6 139.37
1 1 3 3 4
4 5 136.95 1 1
3 3 4 4 4
117.08 1 1 3 3
3 7 7 138.81 1
1 3 3 3 6
7 137.45 1 1 3
3 3 6 6 119.02
1 1 3 3 3
5 7 141.28 1 1
3 3 3 5 6
96.39 1 1 3 3
3 5 5 139.02 1
1 3 3 3 4
7 161.3 1 1 3
3 3 4 6 140.98
1 1 3 3 3
4 5 138.56 1 1
3 3 3 4 4
116.83 1 1 3 3
3 3 7 136.83 1
1 3 3 3 3
6 96.99 1 1 3
3 3 3 5 138.9
1 1 3 3 3
3 4 95.26 1 1
3 3 3 3 3
115.21 1 1 2 7
7 7 7 136.25 1
1 2 6 7 7
7 137.18 1 1 2
6 6 7 7 138.83
1 1 2 6 6
6 7 136.84 1 1
2 6 6 6 6
136.38 1 1 2 5
7 7 7 157.92 1
1 2 5 6 7
7 158 1 1 2
5 6 6 7 159.99
1 1 2 5 6
6 6 137.24 1 1
2 5 5 7 7
158.13 1 1 2 5
5 6 7 158.91 1
1 2 5 5 6
6 136.9 1 1 2
5 5 5 7 158.25
1 1 2 5 5
5 6 136.89 1 1
2 5 5 5 5
116.89 1 1 2 4
7 7 7 138.54 1
1 2 4 6 7
7 139.2 1 1 2
4 6 6 7 141.1
1 1 2 4 6
6 6 139.11 1 1
2 4 5 7 7
160.81 1 1 2 4
5 6 7 161.74 1
1 2 4 5 6
6 139.19 1 1 2
4 5 5 7 160.02
1 1 2 4 5
5 6 139.51 1 1
2 4 5 5 5
116.86 1 1 2 4
4 7 7 138.22 1
1 2 4 4 6
7 138.31 1 1 2
4 4 6 6 138.54
1 1 2 4 4
5 7 160.31 1 1
2 4 4 5 6
139.08 1 1 2 4
4 5 5 117.34 1
1 2 4 4 4
7 138.22 1 1 2
4 4 4 6 139.35
1 1 2 4 4
4 5 95.14 1 1
2 4 4 4 4
177.09 1 1 2 3
7 7 7 176.57 1
1 2 3 6 7
7 179.26 1 1 2
3 6 6 7 177.94
1 1 2 3 6
6 6 179.68 1 1
2 3 5 7 7
179.5 1 1 2 3
5 6 7 182.22 1
1 2 3 5 6
6 179.69 1 1 2
3 5 5 7 179.02
1 1 2 3 5
5 6 179.15 1 1
2 3 5 5 5
179.76 1 1 2 3
4 7 7 180.01 1
1 2 3 4 6
7 182.34 1 1 2
3 4 6 6 181.01
1 1 2 3 4
5 7 181.92 1 1
2 3 4 5 6
181.36 1 1 2 3
4 5 5 179.56 1
1 2 3 4 4
7 179.82 1 1 2
3 4 4 6 181.05
1 1 2 3 4
4 5 179.06 1 1
2 3 4 4 4
177.43 1 1 2 3
3 7 7 179.68 1
1 2 3 3 6
7 178.74 1 1 2
3 3 6 6 179.44
1 1 2 3 3
5 7 181.41 1 1
2 3 3 5 6
178.97 1 1 2 3
3 5 5 178.95 1
1 2 3 3 4
7 181.31 1 1 2
3 3 4 6 181.31
1 1 2 3 3
4 5 179.16 1 1
2 3 3 4 4
180.51 1 1 2 3
3 3 7 179.68 1
1 2 3 3 3
6 183.26 1 1 2
3 3 3 5 182.87
1 1 2 3 3
3 4 178.4 1 1
2 3 3 3 3
114.44 1 1 2 2
7 7 7 137.63 1
1 2 2 6 7
7 136.78 1 1 2
2 6 6 7 136.71
1 1 2 2 6
6 6 137.19 1 1
2 2 5 7 7
158.94 1 1 2 2
5 6 7 159.39 1
1 2 2 5 6
6 136.92 1 1 2
2 5 5 7 159.97
1 1 2 2 5
5 6 137.08 1 1
2 2 5 5 5
116.78 1 1 2 2
4 7 7 138.61 1
1 2 2 4 6
7 139.48 1 1 2
2 4 6 6 138.54
1 1 2 2 4
5 7 161.02 1 1
2 2 4 5 6
139.17 1 1 2 2
4 5 5 116.74 1
1 2 2 4 4
7 138.7 1 1 2
2 4 4 6 139.04
1 1 2 2 4
4 5 95.02 1 1
2 2 4 4 4
177.15 1 1 2 2
3 7 7 179.86 1
1 2 2 3 6
7 179.98 1 1 2
2 3 6 6 179.64
1 1 2 2 3
5 7 181 1 1
2 2 3 5 6
179.79 1 1 2 2
3 5 5 179.46 1
1 2 2 3 4
7 181.31 1 1 2
2 3 4 6 181.23
1 1 2 2 3
4 5 179.68 1 1
2 2 3 4 4
177.71 1 1 2 2
3 3 7 179.6 1
1 2 2 3 3
6 178.43 1 1 2
2 3 3 5 179.34
1 1 2 2 3
3 4 179.31 1 1
2 2 3 3 3
116.53 1 1 2 2
2 7 7 139.13 1
1 2 2 2 6
7 137.25 1 1 2
2 2 6 6 138.86
1 1 2 2 2
5 7 160.46 1 1
2 2 2 5 6
139.49 1 1 2 2
2 5 5 118.7 1
1 2 2 2 4
7 141.31 1 1 2
2 2 4 6 140.7
1 1 2 2 2
4 5 96.7 1 1
2 2 2 4 4
181.21 1 1 2 2
2 3 7 179.53 1
1 2 2 2 3
6 182.94 1 1 2
2 2 3 5 184
1 1 2 2 2
3 4 178.76 1 1
2 2 2 3 3
116.9 1 1 2 2
2 2 7 136.75 1
1 2 2 2 2
6 139.14 1 1 2
2 2 2 5 97.02
1 1 2 2 2
2 4 178.99 1 1
2 2 2 2 3
94.81 1 1 2 2
2 2 2 74.24 1
1 1 7 7 7
7 96.62 1 1 1
6 7 7 7 97.1
1 1 1 6 6
7 7 98.45 1 1
1 6 6 6 7
98.55 1 1 1 6
6 6 6 96.56 1
1 1 5 7 7
7 118.8 1 1 1
5 6 7 7 118.8
1 1 1 5 6
6 7 120.9 1 1
1 5 6 6 6
94.31 1 1 1 5
5 7 7 116.84 1
1 1 5 5 6
7 116.83 1 1 1
5 5 6 6 96.25
1 1 1 5 5
5 7 118.64 1 1
1 5 5 5 6
74.25 1 1 1 5
5 5 5 96.57 1
1 1 4 7 7
7 119.35 1 1 1
4 6 7 7 118.77
1 1 1 4 6
6 7 120.46 1 1
1 4 6 6 6
117.84 1 1 1 4
5 7 7 139.57 1
1 1 4 5 6
7 140.16 1 1 1
4 5 6 6 116.03
1 1 1 4 5
5 7 138.63 1 1
1 4 5 5 6
118.82 1 1 1 4
5 5 5 94.69 1
1 1 4 4 7
7 116.7 1 1 1
4 4 6 7 116.77
1 1 1 4 4
6 6 116.61 1 1
1 4 4 5 7
138.66 1 1 1 4
4 5 6 115 1
1 1 4 4 5
5 96.62 1 1 1
4 4 4 7 118.99
1 1 1 4 4
4 6 118.05 1 1
1 4 4 4 5
74.3 1 1 1 4
4 4 4 118.74 1
1 1 3 7 7
7 140.22 1 1 1
3 6 7 7 140.99
1 1 1 3 6
6 7 142.87 1 1
1 3 6 6 6
116.81 1 1 1 3
5 7 7 138.4 1
1 1 3 5 6
7 139.05 1 1 1
3 5 6 6 119.05
1 1 1 3 5
5 7 140.25 1 1
1 3 5 5 6
96.6 1 1 1 3
5 5 5 139.85 1
1 1 3 4 7
7 161.78 1 1 1
3 4 6 7 161.9
1 1 1 3 4
6 6 139.01 1 1
1 3 4 5 7
160.47 1 1 1 3
4 5 6 141.04 1
1 1 3 4 5
5 139.34 1 1 1
3 4 4 7 160.88
1 1 1 3 4
4 6 136.85 1 1
1 3 4 4 5
141.37 1 1 1 3
4 4 4 117.22 1
1 1 3 3 7
7 139.36 1 1 1
3 3 6 7 139.35
1 1 1 3 3
6 6 118.73 1 1
1 3 3 5 7
140.94 1 1 1 3
3 5 6 96.61 1
1 1 3 3 5
5 139.06 1 1 1
3 3 4 7 161.25
1 1 1 3 3
4 6 141.46 1 1
1 3 3 4 5
137.26 1 1 1 3
3 4 4 120.61 1
1 1 3 3 3
7 143.08 1 1 1
3 3 3 6 98.65
1 1 1 3 3
3 5 142.99 1 1
1 3 3 3 4
98.55 1 1 1 3
3 3 3 118.89 1
1 1 2 7 7
7 139.67 1 1 1
2 6 7 7 140.97
1 1 1 2 6
6 7 143.05 1 1
1 2 6 6 6
139.92 1 1 1 2
5 7 7 161.28 1
1 1 2 5 6
7 162.07 1 1 1
2 5 6 6 139.31
1 1 1 2 5
5 7 160.16 1 1
1 2 5 5 6
141.17 1 1 1 2
5 5 5 116.53 1
1 1 2 4 7
7 138.7 1 1 1
2 4 6 7 138.93
1 1 1 2 4
6 6 138.76 1 1
1 2 4 5 7
160.34 1 1 1 2
4 5 6 137.06 1
1 1 2 4 5
5 118.89 1 1 1
2 4 4 7 140.4
1 1 1 2 4
4 6 141.15 1 1
1 2 4 4 5
96.45 1 1 1 2
4 4 4 182.56 1
1 1 2 3 7
7 182.22 1 1 1
2 3 6 7 184.91
1 1 1 2 3
6 6 181.29 1 1
1 2 3 5 7
181.43 1 1 1 2
3 5 6 183.38 1
1 1 2 3 5
5 181.02 1 1 1
2 3 4 7 180.82
1 1 1 2 3
4 6 179.44 1 1
1 2 3 4 5
182.73 1 1 1 2
3 4 4 181.42 1
1 1 2 3 3
7 182.74 1 1 1
2 3 3 6 183.32
1 1 1 2 3
3 5 179.61 1 1
1 2 3 3 4
187.32 1 1 1 2
3 3 3 116.86 1
1 1 2 2 7
7 138.82 1 1 1
2 2 6 7 139.04
1 1 1 2 2
6 6 139.05 1 1
1 2 2 5 7
160.93 1 1 1 2
2 5 6 137.11 1
1 1 2 2 5
5 118.6 1 1 1
2 2 4 7 140.94
1 1 1 2 2
4 6 141.02 1 1
1 2 2 4 5
96.89 1 1 1 2
2 4 4 181.38 1
1 1 2 2 3
7 183.2 1 1 1
2 2 3 6 179.53
1 1 1 2 2
3 5 183.28 1 1
1 2 2 3 4
179.36 1 1 1 2
2 3 3 120.74 1
1 1 2 2 2
7 142.83 1 1 1
2 2 2 6 143.21
1 1 1 2 2
2 5 98.48 1 1
1 2 2 2 4
187.5 1 1 1 2
2 2 3 98.45 1
1 1 2 2 2
2 74.3 1 1 1
1 7 7 7 96.82
1 1 1 1 6
7 7 96.17 1 1
1 1 6 6 7
98.74 1 1 1 1
6 6 6 94.71 1
1 1 1 5 7
7 117.07 1 1 1
1 5 6 7 116.85
1 1 1 1 5
6 6 94.72 1 1
1 1 5 5 7
117.02 1 1 1 1
5 5 6 74.2 1
1 1 1 5 5
5 94.01 1 1 1
1 4 7 7 117
1 1 1 1 4
6 7 117.28 1 1
1 1 4 6 6
115.4 1 1 1 1
4 5 7 137.13 1
1 1 1 4 5
6 114.74 1 1 1
1 4 5 5 94.55
1 1 1 1 4
4 7 117.55 1 1
1 1 4 4 6
114.99 1 1 1 1
4 4 5 74.23 1
1 1 1 4 4
4 116.83 1 1 1
1 3 7 7 138.18
1 1 1 1 3
6 7 138.7 1 1
1 1 3 6 6
116.94 1 1 1 1
3 5 7 138.62 1
1 1 1 3 5
6 96.62 1 1 1
1 3 5 5 137.43
1 1 1 1 3
4 7 158.92 1 1
1 1 3 4 6
137.01 1 1 1 1
3 4 5 137.38 1
1 1 1 3 4
4 116.34 1 1 1
1 3 3 7 139.64
1 1 1 1 3
3 6 96.5 1 1
1 1 3 3 5
137.61 1 1 1 1
3 3 4 98.49 1
1 1 1 3 3
3 116.67 1 1 1
1 2 7 7 138.09
1 1 1 1 2
6 7 138.83 1 1
1 1 2 6 6
136.77 1 1 1 1
2 5 7 158.88 1
1 1 1 2 5
6 137.19 1 1 1
1 2 5 5 116.69
1 1 1 1 2
4 7 138.33 1 1
1 1 2 4 6
137.07 1 1 1 1
2 4 5 96.3 1
1 1 1 2 4
4 179.24 1 1 1
1 2 3 7 178.45
1 1 1 1 2
3 6 179.82 1 1
1 1 2 3 5
179.16 1 1 1 1
2 3 4 179.07 1
1 1 1 2 3
3 117.28 1 1 1
1 2 2 7 138.53
1 1 1 1 2
2 6 137.16 1 1
1 1 2 2 5
96.57 1 1 1 1
2 2 4 179.04 1
1 1 1 2 2
3 98.62 1 1 1
1 2 2 2 72.62
1 1 1 1 1
7 7 95.21 1 1
1 1 1 6 7
94.85 1 1 1 1
1 6 6 93.54 1
1 1 1 1 5
7 116.49 1 1 1
1 1 5 6 72.36
1 1 1 1 1
5 5 93.54 1 1
1 1 1 4 7
116.71 1 1 1 1
1 4 6 115.51 1
1 1 1 1 4
5 72.19 1 1 1
1 1 4 4 116.34
1 1 1 1 1
3 7 138.08 1 1
1 1 1 3 6
94.59 1 1 1 1
1 3 5 137.23 1
1 1 1 1 3
4 95.21 1 1 1
1 1 3 3 116.31
1 1 1 1 1
2 7 137.3 1 1
1 1 1 2 6
137.71 1 1 1 1
1 2 5 94.96 1
1 1 1 1 2
4 180.36 1 1 1
1 1 2 3 94.44
1 1 1 1 1
2 2 72.52 1 1
1 1 1 1 7
95.12 1 1 1 1
1 1 6 72.46 1
1 1 1 1 1
5 72.56 1 1 1
1 1 1 4 94.44
1 1 1 1 1
1 3 95.18 1 1
1 1 1 1 2
50 1 1 1 1
1 1 1
