49.52 7 7 7 7
7 7 69.32 6 7
7 7 7 7 68.69
6 6 7 7 7
7 72.01 6 6 6
7 7 7 68.05 6
6 6 6 7 7
69.4 6 6 6 6
6 7 49.6 6 6
6 6 6 6 69.24
5 7 7 7 7
7 87.09 5 6 7
7 7 7 87.62 5
6 6 7 7 7
91.38 5 6 6 6
7 7 88.07 5 6
6 6 6 7 89.69
5 6 6 6 6
6 68.79 5 5 7
7 7 7 87.96 5
5 6 7 7 7
87.47 5 5 6 6
7 7 91.15 5 5
6 6 6 7 86.9
5 5 6 6 6
6 71.93 5 5 5
7 7 7 90.87 5
5 5 6 7 7
91.32 5 5 5 6
6 7 94.37 5 5
5 6 6 6 68.56
5 5 5 5 7
7 88.61 5 5 5
5 6 7 87.34 5
5 5 5 6 6
69.77 5 5 5 5
5 7 89.18 5 5
5 5 5 6 49.58
5 5 5 5 5
5 69.48 4 7 7
7 7 7 87.16 4
6 7 7 7 7
88.54 4 6 6 7
7 7 91.44 4 6
6 6 7 7 88.44
4 6 6 6 6
7 88.58 4 6 6
6 6 6 87.76 4
5 7 7 7 7
103.86 4 5 6 7
7 7 105.68 4 5
6 6 7 7 108.5
4 5 6 6 6
7 107.37 4 5 6
6 6 6 88.38 4
5 5 7 7 7
106.27 4 5 5 6
7 7 106.76 4 5
5 6 6 7 109.91
4 5 5 6 6
6 91.45 4 5 5
5 7 7 109.01 4
5 5 5 6 7
110.74 4 5 5 5
6 6 88.39 4 5
5 5 5 7 105.79
4 5 5 5 5
6 89.42 4 5 5
5 5 5 68.44 4
4 7 7 7 7
87.87 4 4 6 7
7 7 87.49 4 4
6 6 7 7 90.93
4 4 6 6 6
7 87.72 4 4 6
6 6 6 88.35 4
4 5 7 7 7
105.6 4 4 5 6
7 7 106.45 4 4
5 6 6 7 109.69
4 4 5 6 6
6 87.23 4 4 5
5 7 7 107.19 4
4 5 5 6 7
106.73 4 4 5 5
6 6 91.01 4 4
5 5 5 7 109.99
4 4 5 5 5
6 87.37 4 4 5
5 5 5 72.17 4
4 4 7 7 7
91.41 4 4 4 6
7 7 90.83 4 4
4 6 6 7 94.29
4 4 4 6 6
6 91.48 4 4 4
5 7 7 108.85 4
4 4 5 6 7
110.29 4 4 4 5
6 6 90.7 4 4
4 5 5 7 109.75
4 4 4 5 5
6 94.31 4 4 4
5 5 5 68.58 4
4 4 4 7 7
88.96 4 4 4 4
6 7 87.48 4 4
4 4 6 6 88.01
4 4 4 4 5
7 105.71 4 4 4
4 5 6 87.36 4
4 4 4 5 5
69.48 4 4 4 4
4 7 88.84 4 4
4 4 4 6 89.26
4 4 4 4 4
5 49.49 4 4 4
4 4 4 69.31 3
7 7 7 7 7
86.26 3 6 7 7
7 7 88 3 6
6 7 7 7 88.16
3 6 6 6 7
7 88.79 3 6 6
6 6 7 69.78 3
6 6 6 6 6
86.14 3 5 7 7
7 7 102.19 3 5
6 7 7 7 105.28
3 5 6 6 7
7 104.75 3 5 6
6 6 7 105.6 3
5 6 6 6 6
88.06 3 5 5 7
7 7 105.79 3 5
5 6 7 7 107.34
3 5 5 6 6
7 107.14 3 5 5
6 6 6 88.26 3
5 5 5 7 7
104.56 3 5 5 5
6 7 106.14 3 5
5 5 6 6 88.38
3 5 5 5 5
7 105.23 3 5 5
5 5 6 69.39 3
5 5 5 5 5
87.2 3 4 7 7
7 7 105 3 4
6 7 7 7 105.91
3 4 6 6 7
7 105.5 3 4 6
6 6 7 106.45 3
4 6 6 6 6
104.65 3 4 5 7
7 7 120.29 3 4
5 6 7 7 123.06
3 4 5 6 6
7 123.09 3 4 5
6 6 6 106.22 3
4 5 5 7 7
123.05 3 4 5 5
6 7 125.13 3 4
5 5 6 6 106.13
3 4 5 5 5
7 123.28 3 4 5
5 5 6 106.38 3
4 5 5 5 5
88.02 3 4 4 7
7 7 105.14 3 4
4 6 7 7 106.47
3 4 4 6 6
7 106.55 3 4 4
6 6 6 105.02 3
4 4 5 7 7
120.83 3 4 4 5
6 7 124.03 3 4
4 5 6 6 107.38
3 4 4 5 5
7 124.43 3 4 4
5 5 6 106.17 3
4 4 5 5 5
91.33 3 4 4 4
7 7 108.58 3 4
4 4 6 7 110.45
3 4 4 4 6
6 108.73 3 4 4
4 5 7 123.75 3
4 4 4 5 6
110.35 3 4 4 4
5 5 88.64 3 4
4 4 4 7 105.18
3 4 4 4 4
6 105 3 4 4
4 4 5 88.63 3
4 4 4 4 4
68.27 3 3 7 7
7 7 87.42 3 3
6 7 7 7 84.14
3 3 6 6 7
7 87.89 3 3 6
6 6 7 68.71 3
3 6 6 6 6
87.59 3 3 5 7
7 7 105.96 3 3
5 6 7 7 103.63
3 3 5 6 6
7 107.32 3 3 5
6 6 6 84.16 3
3 5 5 7 7
104.36 3 3 5 5
6 7 101.13 3 3
5 5 6 6 87.86
3 3 5 5 5
7 107.14 3 3 5
5 5 6 68.69 3
3 5 5 5 5
88.01 3 3 4 7
7 7 107.8 3 3
4 6 7 7 103.94
3 3 4 6 6
7 106.8 3 3 4
6 6 6 107.1 3
3 4 5 7 7
124.58 3 3 4 5
6 7 123.02 3 3
4 5 6 6 103.6
3 3 4 5 5
7 123.28 3 3 4
5 5 6 107.26 3
3 4 5 5 5
87.11 3 3 4 4
7 7 106.79 3 3
4 4 6 7 103.35
3 3 4 4 6
6 106.95 3 3 4
4 5 7 124.74 3
3 4 4 5 6
104.64 3 3 4 4
5 5 90.94 3 3
4 4 4 7 110.27
3 3 4 4 4
6 110.11 3 3 4
4 4 5 87.5 3
3 4 4 4 4
71.99 3 3 3 7
7 7 88.08 3 3
3 6 7 7 87.88
3 3 3 6 6
7 72.17 3 3 3
6 6 6 87.76 3
3 3 5 7 7
103.42 3 3 3 5
6 7 103.72 3 3
3 5 6 6 87.42
3 3 3 5 5
7 104.38 3 3 3
5 5 6 72.05 3
3 3 5 5 5
91.45 3 3 3 4
7 7 107.09 3 3
3 4 6 7 107.47
3 3 3 4 6
6 107.02 3 3 3
4 5 7 123.66 3
3 3 4 5 6
107.25 3 3 3 4
5 5 90.92 3 3
3 4 4 7 107.25
3 3 3 4 4
6 106.74 3 3 3
4 4 5 94.39 3
3 3 4 4 4
68.11 3 3 3 3
7 7 86.52 3 3
3 3 6 7 69.13
3 3 3 3 6
6 87.15 3 3 3
3 5 7 104.45 3
3 3 3 5 6
68.41 3 3 3 3
5 5 88.71 3 3
3 3 4 7 105.86
3 3 3 3 4
6 106.71 3 3 3
3 4 5 87.64 3
3 3 3 4 4
69.36 3 3 3 3
3 7 69.24 3 3
3 3 3 6 69.6
3 3 3 3 3
5 89.22 3 3 3
3 3 4 49.64 3
3 3 3 3 3
69.19 2 7 7 7
7 7 86.39 2 6
7 7 7 7 88.43
2 6 6 7 7
7 87.95 2 6 6
6 7 7 88.58 2
6 6 6 6 7
69.64 2 6 6 6
6 6 87.35 2 5
7 7 7 7 104.62
2 5 6 7 7
7 105.64 2 5 6
6 7 7 105.82 2
5 6 6 6 7
106.38 2 5 6 6
6 6 87.89 2 5
5 7 7 7 104.13
2 5 5 6 7
7 106.98 2 5 5
6 6 7 106.83 2
5 5 6 6 6
91.85 2 5 5 5
7 7 109.27 2 5
5 5 6 7 110.1
2 5 5 5 6
6 88.63 2 5 5
5 5 7 105.05 2
5 5 5 5 6
89.27 2 5 5 5
5 5 86.27 2 4
7 7 7 7 102.03
2 4 6 7 7
7 105.52 2 4 6
6 7 7 104.45 2
4 6 6 6 7
105.74 2 4 6 6
6 6 103.36 2 4
5 7 7 7 120.09
2 4 5 6 7
7 122.97 2 4 5
6 6 7 122.57 2
4 5 6 6 6
105.33 2 4 5 5
7 7 121.71 2 4
5 5 6 7 124.34
2 4 5 5 6
6 108.99 2 4 5
5 5 7 123.78 2
4 5 5 5 6
105.15 2 4 5 5
5 5 88.27 2 4
4 7 7 7 105.16
2 4 4 6 7
7 106.61 2 4 4
6 6 7 106.88 2
4 4 6 6 6
106.4 2 4 4 5
7 7 123.19 2 4
4 5 6 7 123.62
2 4 4 5 6
6 106.79 2 4 4
5 5 7 124.07 2
4 4 5 5 6
110.7 2 4 4 5
5 5 87.72 2 4
4 4 7 7 105.01
2 4 4 4 6
7 106.78 2 4 4
4 6 6 105.64 2
4 4 4 5 7
123.79 2 4 4 4
5 6 106.86 2 4
4 4 5 5 88.31
2 4 4 4 4
7 106.17 2 4 4
4 4 6 106.55 2
4 4 4 4 5
69.45 2 4 4 4
4 4 104 2 3
7 7 7 7 104.56
2 3 6 7 7
7 105.41 2 3 6
6 7 7 105.89 2
3 6 6 6 7
87.58 2 3 6 6
6 6 119.87 2 3
5 7 7 7 121.17
2 3 5 6 7
7 122.03 2 3 5
6 6 7 122.16 2
3 5 6 6 6
123.29 2 3 5 5
7 7 122.99 2 3
5 5 6 7 124.31
2 3 5 5 6
6 123.07 2 3 5
5 5 7 122.44 2
3 5 5 5 6
122.09 2 3 5 5
5 5 120.05 2 3
4 7 7 7 121.36
2 3 4 6 7
7 122.05 2 3 4
6 6 7 122.5 2
3 4 6 6 6
136.5 2 3 4 5
7 7 139.95 2 3
4 5 6 7 139.7
2 3 4 5 6
6 139.47 2 3 4
5 5 7 140.65 2
3 4 5 5 6
138.66 2 3 4 5
5 5 122.88 2 3
4 4 7 7 123.18
2 3 4 4 6
7 124.46 2 3 4
4 6 6 138.83 2
3 4 4 5 7
140.04 2 3 4 4
5 6 141.38 2 3
4 4 5 5 123.1
2 3 4 4 4
7 123.59 2 3 4
4 4 6 139.36 2
3 4 4 4 5
123.18 2 3 4 4
4 4 104.95 2 3
3 7 7 7 103.81
2 3 3 6 7
7 106.93 2 3 3
6 6 7 88.39 2
3 3 6 6 6
122.1 2 3 3 5
7 7 123.17 2 3
3 5 6 7 126.18
2 3 3 5 6
6 119.46 2 3 3
5 5 7 120.8 2
3 3 5 5 6
123.04 2 3 3 5
5 5 120.81 2 3
3 4 7 7 120.88
2 3 3 4 6
7 123.75 2 3 3
4 6 6 139.33 2
3 3 4 5 7
140.11 2 3 3 4
5 6 136.38 2 3
3 4 5 5 122.06
2 3 3 4 4
7 122.82 2 3 3
4 4 6 140.77 2
3 3 4 4 5
122.34 2 3 3 4
4 4 107.15 2 3
3 3 7 7 106.89
2 3 3 3 6
7 91.03 2 3 3
3 6 6 122.97 2
3 3 3 5 7
123.55 2 3 3 3
5 6 123.96 2 3
3 3 5 5 123.72
2 3 3 3 4
7 123.7 2 3 3
3 4 6 140.09 2
3 3 3 4 5
126.52 2 3 3 3
4 4 105.53 2 3
3 3 3 7 88.98
2 3 3 3 3
6 123.13 2 3 3
3 3 5 122.64 2
3 3 3 3 4
89.28 2 3 3 3
3 3 68.89 2 2
7 7 7 7 87.29
2 2 6 7 7
7 85.03 2 2 6
6 7 7 87.81 2
2 6 6 6 7
68.94 2 2 6 6
6 6 88.12 2 2
5 7 7 7 107.21
2 2 5 6 7
7 103.98 2 2 5
6 6 7 107.42 2
2 5 6 6 6
87.36 2 2 5 5
7 7 106.31 2 2
5 5 6 7 103.51
2 2 5 5 6
6 90.5 2 2 5
5 5 7 109.47 2
2 5 5 5 6
87.48 2 2 5 5
5 5 87.49 2 2
4 7 7 7 104.79
2 2 4 6 7
7 104.61 2 2 4
6 6 7 106.95 2
2 4 6 6 6
107.71 2 2 4 5
7 7 123.46 2 2
4 5 6 7 123.34
2 2 4 5 6
6 107.19 2 2 4
5 5 7 124.53 2
2 4 5 5 6
110.58 2 2 4 5
5 5 84.75 2 2
4 4 7 7 103.35
2 2 4 4 6
7 99.98 2 2 4
4 6 6 104.09 2
2 4 4 5 7
122.55 2 2 4 4
5 6 104.15 2 2
4 4 5 5 87.98
2 2 4 4 4
7 107.59 2 2 4
4 4 6 107.82 2
2 4 4 4 5
68.93 2 2 4 4
4 4 103.29 2 2
3 7 7 7 103.59
2 2 3 6 7
7 107.17 2 2 3
6 6 7 87.74 2
2 3 6 6 6
120.63 2 2 3 5
7 7 120.82 2 2
3 5 6 7 123.83
2 2 3 5 6
6 122.81 2 2 3
5 5 7 123.22 2
2 3 5 5 6
121.81 2 2 3 5
5 5 121.28 2 2
3 4 7 7 124.27
2 2 3 4 6
7 126.52 2 2 3
4 6 6 138.94 2
2 3 4 5 7
141.07 2 2 3 4
5 6 140.35 2 2
3 4 5 5 119.49
2 2 3 4 4
7 120.55 2 2 3
4 4 6 137.12 2
2 3 4 4 5
123.68 2 2 3 4
4 4 100.85 2 2
3 3 7 7 106.67
2 2 3 3 6
7 87.45 2 2 3
3 6 6 119.73 2
2 3 3 5 7
125.89 2 2 3 3
5 6 118.33 2 2
3 3 5 5 119.47
2 2 3 3 4
7 125.65 2 2 3
3 4 6 139.8 2
2 3 3 4 5
116.69 2 2 3 3
4 4 106.92 2 2
3 3 3 7 90.7
2 2 3 3 3
6 121.83 2 2 3
3 3 5 125.81 2
2 3 3 3 4
87.34 2 2 3 3
3 3 71.8 2 2
2 7 7 7 88.25
2 2 2 6 7
7 88.38 2 2 2
6 6 7 72.01 2
2 2 6 6 6
91.4 2 2 2 5
7 7 106.88 2 2
2 5 6 7 107.66
2 2 2 5 6
6 90.9 2 2 2
5 5 7 106.54 2
2 2 5 5 6
94.32 2 2 2 5
5 5 87.56 2 2
2 4 7 7 104.02
2 2 2 4 6
7 104.1 2 2 2
4 6 6 107.37 2
2 2 4 5 7
122.14 2 2 2 4
5 6 107.56 2 2
2 4 5 5 88.84
2 2 2 4 4
7 103.9 2 2 2
4 4 6 107.81 2
2 2 4 4 5
71.99 2 2 2 4
4 4 106.93 2 2
2 3 7 7 107.76
2 2 2 3 6
7 91.1 2 2 2
3 6 6 123.79 2
2 2 3 5 7
125.58 2 2 2 3
5 6 125.8 2 2
2 3 5 5 121.99
2 2 2 3 4
7 122.7 2 2 2
3 4 6 139.76 2
2 2 3 4 5
122.92 2 2 2 3
4 4 106.1 2 2
2 3 3 7 91.06
2 2 2 3 3
6 126.66 2 2 2
3 3 5 122.66 2
2 2 3 3 4
94.84 2 2 2 3
3 3 68.53 2 2
2 2 7 7 86.78
2 2 2 2 6
7 68.29 2 2 2
2 6 6 88.72 2
2 2 2 5 7
105.67 2 2 2 2
5 6 87.1 2 2
2 2 5 5 85.98
2 2 2 2 4
7 104.38 2 2 2
2 4 6 106.84 2
2 2 2 4 5
68.82 2 2 2 2
4 4 105.83 2 2
2 2 3 7 87.95
2 2 2 2 3
6 122.55 2 2 2
2 3 5 122.89 2
2 2 2 3 4
87.53 2 2 2 2
3 3 69.3 2 2
2 2 2 7 68.88
2 2 2 2 2
6 89.35 2 2 2
2 2 5 69.45 2
2 2 2 2 4
88.93 2 2 2 2
2 3 49.55 2 2
2 2 2 2 69.28
1 7 7 7 7
7 87.17 1 6 7
7 7 7 88.23 1
6 6 7 7 7
91.47 1 6 6 6
7 7 88.63 1 6
6 6 6 7 88.96
1 6 6 6 6
6 86.04 1 5 7
7 7 7 104.46 1
5 6 7 7 7
104.67 1 5 6 6
7 7 108.42 1 5
6 6 6 7 105.23
1 5 6 6 6
6 87.24 1 5 5
7 7 7 105.62 1
5 5 6 7 7
107.21 1 5 5 6
6 7 110.2 1 5
5 6 6 6 87.67
1 5 5 5 7
7 105.32 1 5 5
5 6 7 106.34 1
5 5 5 6 6
88.3 1 5 5 5
5 7 106.19 1 5
5 5 5 6 69.65
1 5 5 5 5
5 86.27 1 4 7
7 7 7 104.49 1
4 6 7 7 7
105 1 4 6 6
7 7 109.05 1 4
6 6 6 7 105.27
1 4 6 6 6
6 102.1 1 4 5
7 7 7 120.19 1
4 5 6 7 7
122.26 1 4 5 6
6 7 124.73 1 4
5 6 6 6 105.24
1 4 5 5 7
7 123.15 1 4 5
5 6 7 124.46 1
4 5 5 6 6
104.9 1 4 5 5
5 7 123.18 1 4
5 5 5 6 105.31
1 4 5 5 5
5 88.61 1 4 4
7 7 7 106.27 1
4 4 6 7 7
107.16 1 4 4 6
6 7 109.77 1 4
4 6 6 6 104.96
1 4 4 5 7
7 122.52 1 4 4
5 6 7 124 1
4 4 5 6 6
107.02 1 4 4 5
5 7 124.88 1 4
4 5 5 6 106.5
1 4 4 5 5
5 88.25 1 4 4
4 7 7 105.38 1
4 4 4 6 7
107.55 1 4 4 4
6 6 105.18 1 4
4 4 5 7 122.58
1 4 4 4 5
6 106.29 1 4 4
4 5 5 88.48 1
4 4 4 4 7
105.85 1 4 4 4
4 6 104.88 1 4
4 4 4 5 69.94
1 4 4 4 4
4 104.67 1 3 7
7 7 7 119.8 1
3 6 7 7 7
123.02 1 3 6 6
7 7 123.14 1 3
6 6 6 7 123.54
1 3 6 6 6
6 104.13 1 3 5
7 7 7 121.72 1
3 5 6 7 7
123.28 1 3 5 6
6 7 122.51 1 3
5 6 6 6 106.1
1 3 5 5 7
7 123.08 1 3 5
5 6 7 123.8 1
3 5 5 6 6
105.71 1 3 5 5
5 7 123.42 1 3
5 5 5 6 87.59
1 3 5 5 5
5 120.22 1 3 4
7 7 7 134.72 1
3 4 6 7 7
138.4 1 3 4 6
6 7 138.85 1 3
4 6 6 6 122.11
1 3 4 5 7
7 137.8 1 3 4
5 6 7 141.6 1
3 4 5 6 6
123.1 1 3 4 5
5 7 140.17 1 3
4 5 5 6 123.31
1 3 4 5 5
5 122.8 1 3 4
4 7 7 137.9 1
3 4 4 6 7
142.12 1 3 4 4
6 6 123.19 1 3
4 4 5 7 140.09
1 3 4 4 5
6 125.16 1 3 4
4 5 5 122.78 1
3 4 4 4 7
138.57 1 3 4 4
4 6 123.21 1 3
4 4 4 5 123.36
1 3 4 4 4
4 103.05 1 3 3
7 7 7 122.05 1
3 3 6 7 7
120.08 1 3 3 6
6 7 123.08 1 3
3 6 6 6 104.69
1 3 3 5 7
7 122.57 1 3 3
5 6 7 120.13 1
3 3 5 6 6
106.89 1 3 3 5
5 7 125.42 1 3
3 5 5 6 88.13
1 3 3 5 5
5 120.35 1 3 3
4 7 7 139.22 1
3 3 4 6 7
138.38 1 3 3 4
6 6 121.09 1 3
3 4 5 7 140.05
1 3 3 4 5
6 124.12 1 3 3
4 5 5 122.95 1
3 3 4 4 7
140.17 1 3 3 4
4 6 122.21 1 3
3 4 4 5 122.47
1 3 3 4 4
4 106.55 1 3 3
3 7 7 122.95 1
3 3 3 6 7
123.08 1 3 3 3
6 6 107.41 1 3
3 3 5 7 122.51
1 3 3 3 5
6 91.66 1 3 3
3 5 5 124.27 1
3 3 3 4 7
139.78 1 3 3 3
4 6 124.28 1 3
3 3 4 5 126.25
1 3 3 3 4
4 105.93 1 3 3
3 3 7 123.24 1
3 3 3 3 6
88.47 1 3 3 3
3 5 122.8 1 3
3 3 3 4 88.98
1 3 3 3 3
3 103.16 1 2 7
7 7 7 119.72 1
2 6 7 7 7
122.45 1 2 6 6
7 7 123.56 1 2
6 6 6 7 123.49
1 2 6 6 6
6 120.55 1 2 5
7 7 7 136.71 1
2 5 6 7 7
138.56 1 2 5 6
6 7 138.99 1 2
5 6 6 6 123.56
1 2 5 5 7
7 139.34 1 2 5
5 6 7 141.09 1
2 5 5 6 6
123.24 1 2 5 5
5 7 138.81 1 2
5 5 5 6 123.13
1 2 5 5 5
5 104.09 1 2 4
7 7 7 121.37 1
2 4 6 7 7
123.04 1 2 4 6
6 7 122.85 1 2
4 6 6 6 121.55
1 2 4 5 7
7 138.77 1 2 4
5 6 7 140.31 1
2 4 5 6 6
123.39 1 2 4 5
5 7 140.35 1 2
4 5 5 6 123.4
1 2 4 5 5
5 105.15 1 2 4
4 7 7 122.03 1
2 4 4 6 7
124.67 1 2 4 4
6 6 123.52 1 2
4 4 5 7 139.63
1 2 4 4 5
6 124.02 1 2 4
4 5 5 105.75 1
2 4 4 4 7
122.81 1 2 4 4
4 6 123.1 1 2
4 4 4 5 87.13
1 2 4 4 4
4 152.23 1 2 3
7 7 7 152.91 1
2 3 6 7 7
154.66 1 2 3 6
6 7 155.64 1 2
3 6 6 6 153.35
1 2 3 5 7
7 154.13 1 2 3
5 6 7 156.36 1
2 3 5 6 6
154.86 1 2 3 5
5 7 155.69 1 2
3 5 5 6 155.77
1 2 3 5 5
5 153.32 1 2 3
4 7 7 154.56 1
2 3 4 6 7
157.43 1 2 3 4
6 6 155 1 2
3 4 5 7 154.58
1 2 3 4 5
6 156.27 1 2 3
4 5 5 154.38 1
2 3 4 4 7
156.33 1 2 3 4
4 6 156.28 1 2
3 4 4 5 154.85
1 2 3 4 4
4 152.31 1 2 3
3 7 7 155 1
2 3 3 6 7
156.4 1 2 3 3
6 6 154.62 1 2
3 3 5 7 155.06
1 2 3 3 5
6 157.96 1 2 3
3 5 5 152.49 1
2 3 3 4 7
154.02 1 2 3 3
4 6 154.21 1 2
3 3 4 5 154.51
1 2 3 3 4
4 158.43 1 2 3
3 3 7 157.76 1
2 3 3 3 6
157.34 1 2 3 3
3 5 156.93 1 2
3 3 3 4 156.73
1 2 3 3 3
3 104.54 1 2 2
7 7 7 120.72 1
2 2 6 7 7
120.28 1 2 2 6
6 7 123.44 1 2
2 6 6 6 120.07
1 2 2 5 7
7 138.5 1 2 2
5 6 7 137.55 1
2 2 5 6 6
122.64 1 2 2 5
5 7 140.52 1 2
2 5 5 6 122.24
1 2 2 5 5
5 104.31 1 2 2
4 7 7 123.12 1
2 2 4 6 7
119.23 1 2 2 4
6 6 120.95 1 2
2 4 5 7 138.89
1 2 2 4 5
6 122.94 1 2 2
4 5 5 107.01 1
2 2 4 4 7
126.19 1 2 2 4
4 6 123.75 1 2
2 4 4 5 88.62
1 2 2 4 4
4 153.77 1 2 2
3 7 7 155.22 1
2 2 3 6 7
157.73 1 2 2 3
6 6 154.14 1 2
2 3 5 7 155.5
1 2 2 3 5
6 155.83 1 2 2
3 5 5 154.46 1
2 2 3 4 7
155.15 1 2 2 3
4 6 155.37 1 2
2 3 4 5 157.19
1 2 2 3 4
4 150.68 1 2 2
3 3 7 157.82 1
2 2 3 3 6
151.11 1 2 2 3
3 5 151.36 1 2
2 3 3 4 157.64
1 2 2 3 3
3 107 1 2 2
2 7 7 121.89 1
2 2 2 6 7
123.39 1 2 2 2
6 6 124.49 1 2
2 2 5 7 139.99
1 2 2 2 5
6 126.14 1 2 2
2 5 5 107.45 1
2 2 2 4 7
122.47 1 2 2 2
4 6 124.21 1 2
2 2 4 5 91.18
1 2 2 2 4
4 157.31 1 2 2
2 3 7 157.18 1
2 2 2 3 6
158.31 1 2 2 2
3 5 157.14 1 2
2 2 3 4 156.92
1 2 2 2 3
3 105.55 1 2 2
2 2 7 123.81 1
2 2 2 2 6
122.07 1 2 2 2
2 5 88.02 1 2
2 2 2 4 157.74
1 2 2 2 2
3 89.36 1 2 2
2 2 2 68.57 1
1 7 7 7 7
88.25 1 1 6 7
7 7 87.62 1 1
6 6 7 7 90.96
1 1 6 6 6
7 87.7 1 1 6
6 6 6 87.62 1
1 5 7 7 7
107 1 1 5 6
7 7 106.8 1 1
5 6 6 7 111.04
1 1 5 6 6
6 85.55 1 1 5
5 7 7 103.55 1
1 5 5 6 7
103.41 1 1 5 5
6 6 87.74 1 1
5 5 5 7 107.85
1 1 5 5 5
6 68.41 1 1 5
5 5 5 87.24 1
1 4 7 7 7
107.5 1 1 4 6
7 7 106.24 1 1
4 6 6 7 109.99
1 1 4 6 6
6 105.62 1 1 4
5 7 7 124.03 1
1 4 5 6 7
124.31 1 1 4 5
6 6 104.48 1 1
4 5 5 7 122.49
1 1 4 5 5
6 107.41 1 1 4
5 5 5 84.39 1
1 4 4 7 7
104.13 1 1 4 4
6 7 103.1 1 1
4 4 6 6 103.72
1 1 4 4 5
7 122.9 1 1 4
4 5 6 100.23 1
1 4 4 5 5
87.95 1 1 4 4
4 7 108.12 1 1
4 4 4 6 106.19
1 1 4 4 4
5 68.63 1 1 4
4 4 4 104.01 1
1 3 7 7 7
119.99 1 1 3 6
7 7 124 1 1
3 6 6 7 122.63
1 1 3 6 6
6 103.82 1 1 3
5 7 7 121.07 1
1 3 5 6 7
122.38 1 1 3 5
6 6 106.91 1 1
3 5 5 7 123.42
1 1 3 5 5
6 88.18 1 1 3
5 5 5 121.45 1
1 3 4 7 7
137.61 1 1 3 4
6 7 139.93 1 1
3 4 6 6 123.2
1 1 3 4 5
7 139.35 1 1 3
4 5 6 125.62 1
1 3 4 5 5
119.64 1 1 3 4
4 7 137.01 1 1
3 4 4 6 120.08
1 1 3 4 4
5 123.18 1 1 3
4 4 4 100.72 1
1 3 3 7 7
119.54 1 1 3 3
6 7 117.51 1 1
3 3 6 6 106.22
1 1 3 3 5
7 125.36 1 1 3
3 5 6 87.78 1
1 3 3 5 5
120.06 1 1 3 3
4 7 138.74 1 1
3 3 4 6 125.9
1 1 3 3 4
5 117.11 1 1 3
3 4 4 106.72 1
1 3 3 3 7
122.55 1 1 3 3
3 6 90.65 1 1
3 3 3 5 125.84
1 1 3 3 3
4 87.52 1 1 3
3 3 3 104.06 1
1 2 7 7 7
121.21 1 1 2 6
7 7 122.44 1 1
2 6 6 7 121.71
1 1 2 6 6
6 121.24 1 1 2
5 7 7 139.01 1
1 2 5 6 7
140.6 1 1 2 5
6 6 119.79 1 1
2 5 5 7 137.38
1 1 2 5 5
6 123.36 1 1 2
5 5 5 104.53 1
1 2 4 7 7
120.83 1 1 2 4
6 7 124.03 1 1
2 4 6 6 123.15
1 1 2 4 5
7 140.29 1 1 2
4 5 6 119.52 1
1 2 4 5 5
107.49 1 1 2 4
4 7 123.07 1 1
2 4 4 6 125.5
1 1 2 4 4
5 88.74 1 1 2
4 4 4 152.83 1
1 2 3 7 7
153.39 1 1 2 3
6 7 155.28 1 1
2 3 6 6 155.32
1 1 2 3 5
7 155.04 1 1 2
3 5 6 157.35 1
1 2 3 5 5
153.65 1 1 2 3
4 7 154.04 1 1
2 3 4 6 154.22
1 1 2 3 4
5 158.07 1 1 2
3 4 4 151.75 1
1 2 3 3 7
151.93 1 1 2 3
3 6 158.69 1 1
2 3 3 5 151.31
1 1 2 3 3
4 158.13 1 1 2
3 3 3 100.91 1
1 2 2 7 7
119.44 1 1 2 2
6 7 116.99 1 1
2 2 6 6 119.34
1 1 2 2 5
7 138.45 1 1 2
2 5 6 116.33 1
1 2 2 5 5
106.41 1 1 2 2
4 7 125.82 1 1
2 2 4 6 125.94
1 1 2 2 4
5 87.07 1 1 2
2 4 4 151.74 1
1 2 2 3 7
151.07 1 1 2 2
3 6 152.53 1 1
2 2 3 5 158.4
1 1 2 2 3
4 145.63 1 1 2
2 3 3 106.3 1
1 2 2 2 7
122.91 1 1 2 2
2 6 125.92 1 1
2 2 2 5 91.22
1 1 2 2 2
4 157.14 1 1 2
2 2 3 87.23 1
1 2 2 2 2
72.16 1 1 1 7
7 7 91.4 1 1
1 6 7 7 91.11
1 1 1 6 6
7 94.48 1 1 1
6 6 6 88.06 1
1 1 5 7 7
107.28 1 1 1 5
6 7 106.47 1 1
1 5 6 6 87.98
1 1 1 5 5
7 107.37 1 1 1
5 5 6 71.71 1
1 1 5 5 5
87.49 1 1 1 4
7 7 106.9 1 1
1 4 6 7 106.27
1 1 1 4 6
6 104.04 1 1 1
4 5 7 123.23 1
1 1 4 5 6
103.87 1 1 1 4
5 5 88.78 1 1
1 4 4 7 107.39
1 1 1 4 4
6 104.17 1 1 1
4 4 5 71.97 1
1 1 4 4 4
107.69 1 1 1 3
7 7 124.21 1 1
1 3 6 7 125.36
1 1 1 3 6
6 106.59 1 1 1
3 5 7 123.6 1
1 1 3 5 6
91.74 1 1 1 3
5 5 123.49 1 1
1 3 4 7 140.06
1 1 1 3 4
6 123.76 1 1 1
3 4 5 123.31 1
1 1 3 4 4
106.57 1 1 1 3
3 7 125.71 1 1
1 3 3 6 91.13
1 1 1 3 3
5 122.62 1 1 1
3 3 4 94.97 1
1 1 3 3 3
106.87 1 1 1 2
7 7 124.53 1 1
1 2 6 7 126.46
1 1 1 2 6
6 122.76 1 1 1
2 5 7 139.22 1
1 1 2 5 6
123.59 1 1 1 2
5 5 106.62 1 1
1 2 4 7 123.74
1 1 1 2 4
6 122.98 1 1 1
2 4 5 91.17 1
1 1 2 4 4
157.65 1 1 1 2
3 7 157.46 1 1
1 2 3 6 157.51
1 1 1 2 3
5 157.54 1 1 1
2 3 4 157.35 1
1 1 2 3 3
106.43 1 1 1 2
2 7 125.69 1 1
1 2 2 6 122.7
1 1 1 2 2
5 91.43 1 1 1
2 2 4 157.45 1
1 1 2 2 3
94.27 1 1 1 2
2 2 68.38 1 1
1 1 7 7 88.16
1 1 1 1 6
7 87.08 1 1 1
1 6 6 85.87 1
1 1 1 5 7
106.49 1 1 1 1
5 6 68.63 1 1
1 1 5 5 86.12
1 1 1 1 4
7 106.83 1 1 1
1 4 6 105.19 1
1 1 1 4 5
68.31 1 1 1 1
4 4 105.04 1 1
1 1 3 7 122.16
1 1 1 1 3
6 88.6 1 1 1
1 3 5 122.79 1
1 1 1 3 4
87.31 1 1 1 1
3 3 105.75 1 1
1 1 2 7 123.59
1 1 1 1 2
6 123.4 1 1 1
1 2 5 88.56 1
1 1 1 2 4
157.47 1 1 1 1
2 3 88.11 1 1
1 1 2 2 69.58
1 1 1 1 1
7 89.04 1 1 1
1 1 6 69.59 1
1 1 1 1 5
69.1 1 1 1 1
1 4 89.46 1 1
1 1 1 3 88.72
1 1 1 1 1
2 49.57 1 1 1
1 1 1
