49.86 7 7 7 7
7 7 7 7 69.63
6 7 7 7 7
7 7 7 69.61 6
6 7 7 7 7
7 7 73.15 6 6
6 7 7 7 7
7 72.26 6 6 6
6 7 7 7 7
73.25 6 6 6 6
6 7 7 7 69.58
6 6 6 6 6
6 7 7 69.83 6
6 6 6 6 6
6 7 49.88 6 6
6 6 6 6 6
6 69.94 5 7 7
7 7 7 7 7
87.67 5 6 7 7
7 7 7 7 89.19
5 6 6 7 7
7 7 7 92.71 5
6 6 6 7 7
7 7 92 5 6
6 6 6 7 7
7 93.01 5 6 6
6 6 6 7 7
89.31 5 6 6 6
6 6 6 7 90.22
5 6 6 6 6
6 6 6 69.76 5
5 7 7 7 7
7 7 89.54 5 5
6 7 7 7 7
7 88.94 5 5 6
6 7 7 7 7
92.47 5 5 6 6
6 7 7 7 92
5 5 6 6 6
6 7 7 92.66 5
5 6 6 6 6
6 7 89.08 5 5
6 6 6 6 6
6 73.08 5 5 5
7 7 7 7 7
92.98 5 5 5 6
7 7 7 7 92.92
5 5 5 6 6
7 7 7 96.28 5
5 5 6 6 6
7 7 95.63 5 5
5 6 6 6 6
7 96.4 5 5 5
6 6 6 6 6
72.17 5 5 5 5
7 7 7 7 92.07
5 5 5 5 6
7 7 7 91.99 5
5 5 5 6 6
7 7 95.56 5 5
5 5 6 6 6
7 94.96 5 5 5
5 6 6 6 6
73.11 5 5 5 5
5 7 7 7 92.72
5 5 5 5 5
6 7 7 92.99 5
5 5 5 5 6
6 7 96.25 5 5
5 5 5 6 6
6 69.49 5 5 5
5 5 5 7 7
89.52 5 5 5 5
5 5 6 7 89.45
5 5 5 5 5
5 6 6 69.78 5
5 5 5 5 5
5 7 89.69 5 5
5 5 5 5 5
6 49.91 5 5 5
5 5 5 5 5
69.92 4 7 7 7
7 7 7 7 87.79
4 6 7 7 7
7 7 7 88.92 4
6 6 7 7 7
7 7 92.33 4 6
6 6 7 7 7
7 92.53 4 6 6
6 6 7 7 7
93.17 4 6 6 6
6 6 7 7 89.75
4 6 6 6 6
6 6 7 90.32 4
6 6 6 6 6
6 6 87.14 4 5
7 7 7 7 7
7 104.5 4 5 6
7 7 7 7 7
107.87 4 5 6 6
7 7 7 7 110.06
4 5 6 6 6
7 7 7 109.21 4
5 6 6 6 6
7 7 110.43 4 5
6 6 6 6 6
7 107.95 4 5 6
6 6 6 6 6
89.85 4 5 5 7
7 7 7 7 107.51
4 5 5 6 7
7 7 7 108.63 4
5 5 6 6 7
7 7 111.84 4 5
5 6 6 6 7
7 111.56 4 5 5
6 6 6 6 7
112.04 4 5 5 6
6 6 6 6 92.45
4 5 5 5 7
7 7 7 110.08 4
5 5 5 6 7
7 7 112.16 4 5
5 5 6 6 7
7 115.04 4 5 5
5 6 6 6 7
114.65 4 5 5 5
6 6 6 6 92.41
4 5 5 5 5
7 7 7 110.58 4
5 5 5 5 6
7 7 111.24 4 5
5 5 5 6 6
7 114.26 4 5 5
5 5 6 6 6
92.79 4 5 5 5
5 5 7 7 111.02
4 5 5 5 5
5 6 7 112.69 4
5 5 5 5 5
6 6 89.89 4 5
5 5 5 5 5
7 107.54 4 5 5
5 5 5 5 6
89.73 4 5 5 5
5 5 5 5 69.28
4 4 7 7 7
7 7 7 89.57 4
4 6 7 7 7
7 7 89.04 4 4
6 6 7 7 7
7 92.69 4 4 6
6 6 7 7 7
92.53 4 4 6 6
6 6 7 7 93.42
4 4 6 6 6
6 6 7 89.96 4
4 6 6 6 6
6 6 89.4 4 4
5 7 7 7 7
7 107.32 4 4 5
6 7 7 7 7
108.66 4 4 5 6
6 7 7 7 111.92
4 4 5 6 6
6 7 7 111.93 4
4 5 6 6 6
6 7 112.63 4 4
5 6 6 6 6
6 89.21 4 4 5
5 7 7 7 7
109.06 4 4 5 5
6 7 7 7 108.66
4 4 5 5 6
6 7 7 112.25 4
4 5 5 6 6
6 7 111.35 4 4
5 5 6 6 6
6 92.5 4 4 5
5 5 7 7 7
111.85 4 4 5 5
5 6 7 7 112.02
4 4 5 5 5
6 6 7 115.87 4
4 5 5 5 6
6 6 92.46 4 4
5 5 5 5 7
7 111.7 4 4 5
5 5 5 6 7
111.33 4 4 5 5
5 5 6 6 92.51
4 4 5 5 5
5 5 7 112.65 4
4 5 5 5 5
5 6 88.99 4 4
5 5 5 5 5
5 73.08 4 4 4
7 7 7 7 7
92.17 4 4 4 6
7 7 7 7 92.48
4 4 4 6 6
7 7 7 96.42 4
4 4 6 6 6
7 7 95.26 4 4
4 6 6 6 6
7 96.49 4 4 4
6 6 6 6 6
92.5 4 4 4 5
7 7 7 7 110.74
4 4 4 5 6
7 7 7 111.68 4
4 4 5 6 6
7 7 115.15 4 4
4 5 6 6 6
7 114.89 4 4 4
5 6 6 6 6
92.65 4 4 4 5
5 7 7 7 112.66
4 4 4 5 5
6 7 7 111.93 4
4 4 5 5 6
6 7 116.04 4 4
4 5 5 6 6
6 96.15 4 4 4
5 5 5 7 7
114.88 4 4 4 5
5 5 6 7 116.46
4 4 4 5 5
5 6 6 95.3 4
4 4 5 5 5
5 7 114.81 4 4
4 5 5 5 5
6 96.26 4 4 4
5 5 5 5 5
72.25 4 4 4 4
7 7 7 7 92.04
4 4 4 4 6
7 7 7 91.95 4
4 4 4 6 6
7 7 95.23 4 4
4 4 6 6 6
7 94.69 4 4 4
4 6 6 6 6
92.02 4 4 4 4
5 7 7 7 110.09
4 4 4 4 5
6 7 7 111.92 4
4 4 4 5 6
6 7 114.85 4 4
4 4 5 6 6
6 91.92 4 4 4
4 5 5 7 7
111.22 4 4 4 4
5 5 6 7 111.58
4 4 4 4 5
5 6 6 95.62 4
4 4 4 5 5
5 7 114.81 4 4
4 4 5 5 5
6 94.41 4 4 4
4 5 5 5 5
73.29 4 4 4 4
4 7 7 7 92.83
4 4 4 4 4
6 7 7 92.96 4
4 4 4 4 6
6 7 96.23 4 4
4 4 4 6 6
6 92.35 4 4 4
4 4 5 7 7
111.27 4 4 4 4
4 5 6 7 112.67
4 4 4 4 4
5 6 6 92.88 4
4 4 4 4 5
5 7 112.1 4 4
4 4 4 5 5
6 96.3 4 4 4
4 4 5 5 5
69.55 4 4 4 4
4 4 7 7 89.64
4 4 4 4 4
4 6 7 89.19 4
4 4 4 4 4
6 6 89.58 4 4
4 4 4 4 5
7 106.49 4 4 4
4 4 4 5 6
89.29 4 4 4 4
4 4 5 5 70
4 4 4 4 4
4 4 7 89.9 4
4 4 4 4 4
4 6 89.7 4 4
4 4 4 4 4
5 49.88 4 4 4
4 4 4 4 4
69.67 3 7 7 7
7 7 7 7 86.77
3 6 7 7 7
7 7 7 89.41 3
6 6 7 7 7
7 7 91.6 3 6
6 6 7 7 7
7 92.02 3 6 6
6 6 7 7 7
89.57 3 6 6 6
6 6 7 7 89.24
3 6 6 6 6
6 6 7 69.66 3
6 6 6 6 6
6 6 87.1 3 5
7 7 7 7 7
7 103.87 3 5 6
7 7 7 7 7
107.24 3 5 6 6
7 7 7 7 108.72
3 5 6 6 6
7 7 7 109.91 3
5 6 6 6 6
7 7 106.74 3 5
6 6 6 6 6
7 106.92 3 5 6
6 6 6 6 6
89.16 3 5 5 7
7 7 7 7 106.94
3 5 5 6 7
7 7 7 108.68 3
5 5 6 6 7
7 7 111 3 5
5 6 6 6 7
7 112.04 3 5 5
6 6 6 6 7
109.31 3 5 5 6
6 6 6 6 91.66
3 5 5 5 7
7 7 7 108.54 3
5 5 5 6 7
7 7 111.04 3 5
5 5 6 6 7
7 113.5 3 5 5
5 6 6 6 7
114.09 3 5 5 5
6 6 6 6 92.19
3 5 5 5 5
7 7 7 109.58 3
5 5 5 5 6
7 7 111.11 3 5
5 5 5 6 6
7 114.23 3 5 5
5 5 6 6 6
89.63 3 5 5 5
5 5 7 7 106.43
3 5 5 5 5
5 6 7 109.21 3
5 5 5 5 5
6 6 89.83 3 5
5 5 5 5 5
7 107.4 3 5 5
5 5 5 5 6
69.71 3 5 5 5
5 5 5 5 88.24
3 4 7 7 7
7 7 7 105.89 3
4 6 7 7 7
7 7 106.91 3 4
6 6 7 7 7
7 109.11 3 4 6
6 6 7 7 7
109.87 3 4 6 6
6 6 7 7 107.53
3 4 6 6 6
6 6 7 108.16 3
4 6 6 6 6
6 6 105 3 4
5 7 7 7 7
7 121.99 3 4 5
6 7 7 7 7
125.86 3 4 5 6
6 7 7 7 126.54
3 4 5 6 6
6 7 7 127.5 3
4 5 6 6 6
6 7 124.96 3 4
5 6 6 6 6
6 106.39 3 4 5
5 7 7 7 7
125.03 3 4 5 5
6 7 7 7 126.55
3 4 5 5 6
6 7 7 129.45 3
4 5 5 6 6
6 7 128.82 3 4
5 5 6 6 6
6 109.81 3 4 5
5 5 7 7 7
127.17 3 4 5 5
5 6 7 7 128.04
3 4 5 5 5
6 6 7 131.72 3
4 5 5 5 6
6 6 109.81 3 4
5 5 5 5 7
7 127.78 3 4 5
5 5 5 6 7
129.07 3 4 5 5
5 5 6 6 107.41
3 4 5 5 5
5 5 7 124.81 3
4 5 5 5 5
5 6 106.78 3 4
5 5 5 5 5
5 89.54 3 4 4
7 7 7 7 7
107.04 3 4 4 6
7 7 7 7 108.88
3 4 4 6 6
7 7 7 111.08 3
4 4 6 6 6
7 7 111.02 3 4
4 6 6 6 6
7 108.69 3 4 4
6 6 6 6 6
106.66 3 4 4 5
7 7 7 7 122.66
3 4 4 5 6
7 7 7 126.3 3
4 4 5 6 6
7 7 128.22 3 4
4 5 6 6 6
7 128.61 3 4 4
5 6 6 6 6
109.14 3 4 4 5
5 7 7 7 126.16
3 4 4 5 5
6 7 7 128.32 3
4 4 5 5 6
6 7 130.54 3 4
4 5 5 6 6
6 111.32 3 4 4
5 5 5 7 7
128.62 3 4 4 5
5 5 6 7 129.81
3 4 4 5 5
5 6 6 111.4 3
4 4 5 5 5
5 7 129.9 3 4
4 5 5 5 5
6 109.06 3 4 4
5 5 5 5 5
93.04 3 4 4 4
7 7 7 7 110.61
3 4 4 4 6
7 7 7 111.93 3
4 4 4 6 6
7 7 114.45 3 4
4 4 6 6 6
7 115.11 3 4 4
4 6 6 6 6
110.07 3 4 4 4
5 7 7 7 126.22
3 4 4 4 5
6 7 7 128.98 3
4 4 4 5 6
6 7 131.35 3 4
4 4 5 6 6
6 111.39 3 4 4
4 5 5 7 7
129.03 3 4 4 4
5 5 6 7 131.04
3 4 4 4 5
5 6 6 114.51 3
4 4 4 5 5
5 7 131.32 3 4
4 4 5 5 5
6 115.01 3 4 4
4 5 5 5 5
92.23 3 4 4 4
4 7 7 7 110.02
3 4 4 4 4
6 7 7 111.67 3
4 4 4 4 6
6 7 113.46 3 4
4 4 4 6 6
6 110.18 3 4 4
4 4 5 7 7
126.28 3 4 4 4
4 5 6 7 129.78
3 4 4 4 4
5 6 6 111.43 3
4 4 4 4 5
5 7 129.42 3 4
4 4 4 5 5
6 113.88 3 4 4
4 4 5 5 5
93.21 3 4 4 4
4 4 7 7 110.57
3 4 4 4 4
4 6 7 112.48 3
4 4 4 4 4
6 6 110.62 3 4
4 4 4 4 5
7 126.65 3 4 4
4 4 4 5 6
112.62 3 4 4 4
4 4 5 5 89.25
3 4 4 4 4
4 4 7 106.88 3
4 4 4 4 4
4 6 107.32 3 4
4 4 4 4 4
5 89.92 3 4 4
4 4 4 4 4
69.68 3 3 7 7
7 7 7 7 88.84
3 3 6 7 7
7 7 7 87.55 3
3 6 6 7 7
7 7 92.29 3 3
6 6 6 7 7
7 88.25 3 3 6
6 6 6 7 7
89.37 3 3 6 6
6 6 6 7 69.35
3 3 6 6 6
6 6 6 89.21 3
3 5 7 7 7
7 7 106.35 3 3
5 6 7 7 7
7 108.07 3 3 5
6 6 7 7 7
111.47 3 3 5 6
6 6 7 7 108.24
3 3 5 6 6
6 6 7 108.87 3
3 5 6 6 6
6 6 88.49 3 3
5 5 7 7 7
7 108.14 3 3 5
5 6 7 7 7
107.29 3 3 5 5
6 6 7 7 110.47
3 3 5 5 6
6 6 7 107.8 3
3 5 5 6 6
6 6 92.09 3 3
5 5 5 7 7
7 111.06 3 3 5
5 5 6 7 7
110.65 3 3 5 5
5 6 6 7 115
3 3 5 5 5
6 6 6 89.31 3
3 5 5 5 5
7 7 107.69 3 3
5 5 5 5 6
7 107.37 3 3 5
5 5 5 6 6
89.65 3 3 5 5
5 5 5 7 108.99
3 3 5 5 5
5 5 6 69.56 3
3 5 5 5 5
5 5 89.11 3 3
4 7 7 7 7
7 108.56 3 3 4
6 7 7 7 7
108 3 3 4 6
6 7 7 7 111.6
3 3 4 6 6
6 7 7 108.58 3
3 4 6 6 6
6 7 109.28 3 3
4 6 6 6 6
6 108.99 3 3 4
5 7 7 7 7
126.36 3 3 4 5
6 7 7 7 127.33
3 3 4 5 6
6 7 7 130.87 3
3 4 5 6 6
6 7 128.41 3 3
4 5 6 6 6
6 108 3 3 4
5 5 7 7 7
127.97 3 3 4 5
5 6 7 7 126.86
3 3 4 5 5
6 6 7 129.77 3
3 4 5 5 6
6 6 112.15 3 3
4 5 5 5 7
7 130.48 3 3 4
5 5 5 6 7
130.9 3 3 4 5
5 5 6 6 108.18
3 3 4 5 5
5 5 7 127.16 3
3 4 5 5 5
5 6 109.23 3 3
4 5 5 5 5
5 89.19 3 3 4
4 7 7 7 7
108.49 3 3 4 4
6 7 7 7 107.71
3 3 4 4 6
6 7 7 110.93 3
3 4 4 6 6
6 7 108.38 3 3
4 4 6 6 6
6 108.37 3 3 4
4 5 7 7 7
125.85 3 3 4 4
5 6 7 7 127.91
3 3 4 4 5
6 6 7 130.66 3
3 4 4 5 6
6 6 107.68 3 3
4 4 5 5 7
7 127.79 3 3 4
4 5 5 6 7
126.4 3 3 4 4
5 5 6 6 111.7
3 3 4 4 5
5 5 7 130.56 3
3 4 4 5 5
5 6 108.15 3 3
4 4 5 5 5
5 92.36 3 3 4
4 4 7 7 7
112.37 3 3 4 4
4 6 7 7 111.3
3 3 4 4 4
6 6 7 114.59 3
3 4 4 4 6
6 6 112.36 3 3
4 4 4 5 7
7 129.02 3 3 4
4 4 5 6 7
130.86 3 3 4 4
4 5 6 6 111.52
3 3 4 4 4
5 5 7 131.03 3
3 4 4 4 5
5 6 114.93 3 3
4 4 4 5 5
5 92.09 3 3 4
4 4 4 7 7
111.17 3 3 4 4
4 4 6 7 110.34
3 3 4 4 4
4 6 6 111.84 3
3 4 4 4 4
5 7 129.1 3 3
4 4 4 4 5
6 111.01 3 3 4
4 4 4 5 5
92.93 3 3 4 4
4 4 4 7 112.34
3 3 4 4 4
4 4 6 111.7 3
3 4 4 4 4
4 5 89.09 3 3
4 4 4 4 4
4 73.2 3 3 3
7 7 7 7 7
91.73 3 3 3 6
7 7 7 7 92.38
3 3 3 6 6
7 7 7 92.49 3
3 3 6 6 6
7 7 92.49 3 3
3 6 6 6 6
7 73.25 3 3 3
6 6 6 6 6
91.08 3 3 3 5
7 7 7 7 108.61
3 3 3 5 6
7 7 7 109.9 3
3 3 5 6 6
7 7 111.14 3 3
3 5 6 6 6
7 110.09 3 3 3
5 6 6 6 6
91.96 3 3 3 5
5 7 7 7 110.33
3 3 3 5 5
6 7 7 111.01 3
3 3 5 5 6
6 7 111.4 3 3
3 5 5 6 6
6 92.36 3 3 3
5 5 5 7 7
110.37 3 3 3 5
5 5 6 7 111.37
3 3 3 5 5
5 6 6 91.8 3
3 3 5 5 5
5 7 109.99 3 3
3 5 5 5 5
6 72.89 3 3 3
5 5 5 5 5
92.92 3 3 3 4
7 7 7 7 111.12
3 3 3 4 6
7 7 7 111.48 3
3 3 4 6 6
7 7 111.21 3 3
3 4 6 6 6
7 110.89 3 3 3
4 6 6 6 6
111.65 3 3 3 4
5 7 7 7 127.98
3 3 3 4 5
6 7 7 130.07 3
3 3 4 5 6
6 7 129.13 3 3
3 4 5 6 6
6 111 3 3 3
4 5 5 7 7
129.63 3 3 3 4
5 5 6 7 130.15
3 3 3 4 5
5 6 6 111.74 3
3 3 4 5 5
5 7 129.06 3 3
3 4 5 5 5
6 111.45 3 3 3
4 5 5 5 5
92.73 3 3 3 4
4 7 7 7 110.69
3 3 3 4 4
6 7 7 111.76 3
3 3 4 4 6
6 7 111.85 3 3
3 4 4 6 6
6 110.88 3 3 3
4 4 5 7 7
128.22 3 3 3 4
4 5 6 7 130.45
3 3 3 4 4
5 6 6 112.13 3
3 3 4 4 5
5 7 129.35 3 3
3 4 4 5 5
6 111.38 3 3 3
4 4 5 5 5
96.15 3 3 3 4
4 4 7 7 114.47
3 3 3 4 4
4 6 7 115.52 3
3 3 4 4 4
6 6 114.74 3 3
3 4 4 4 5
7 131.5 3 3 3
4 4 4 5 6
115.01 3 3 3 4
4 4 5 5 95.55
3 3 3 4 4
4 4 7 114.08 3
3 3 4 4 4
4 6 113.61 3 3
3 4 4 4 4
5 96.4 3 3 3
4 4 4 4 4
72.4 3 3 3 3
7 7 7 7 91.35
3 3 3 3 6
7 7 7 88.13 3
3 3 3 6 6
7 7 91.82 3 3
3 3 6 6 6
7 72.17 3 3 3
3 6 6 6 6
91.36 3 3 3 3
5 7 7 7 109.4
3 3 3 3 5
6 7 7 108.37 3
3 3 3 5 6
6 7 111.95 3 3
3 3 5 6 6
6 88.73 3 3 3
3 5 5 7 7
108.2 3 3 3 3
5 5 6 7 104.47
3 3 3 3 5
5 6 6 91.09 3
3 3 3 5 5
5 7 110.68 3 3
3 3 5 5 5
6 72.24 3 3 3
3 5 5 5 5
91.99 3 3 3 3
4 7 7 7 111.64
3 3 3 3 4
6 7 7 108.39 3
3 3 3 4 6
6 7 111.06 3 3
3 3 4 6 6
6 111.14 3 3 3
3 4 5 7 7
128.61 3 3 3 3
4 5 6 7 127.21
3 3 3 3 4
5 6 6 107.89 3
3 3 3 4 5
5 7 127.23 3 3
3 3 4 5 5
6 111.46 3 3 3
3 4 5 5 5
91.88 3 3 3 3
4 4 7 7 111.52
3 3 3 3 4
4 6 7 107.47 3
3 3 3 4 4
6 6 111.15 3 3
3 3 4 4 5
7 129.42 3 3 3
3 4 4 5 6
107.67 3 3 3 3
4 4 5 5 95.54
3 3 3 3 4
4 4 7 115.19 3
3 3 3 4 4
4 6 114.8 3 3
3 3 4 4 4
5 94.48 3 3 3
3 4 4 4 4
73.22 3 3 3 3
3 7 7 7 88.85
3 3 3 3 3
6 7 7 89.38 3
3 3 3 3 6
6 7 73.18 3 3
3 3 3 6 6
6 89.78 3 3 3
3 3 5 7 7
104.79 3 3 3 3
3 5 6 7 105.13
3 3 3 3 3
5 6 6 89.29 3
3 3 3 3 5
5 7 105.47 3 3
3 3 3 5 5
6 72.76 3 3 3
3 3 5 5 5
92.65 3 3 3 3
3 4 7 7 108.64
3 3 3 3 3
4 6 7 109.37 3
3 3 3 3 4
6 6 108.56 3 3
3 3 3 4 5
7 125 3 3 3
3 3 4 5 6
109.24 3 3 3 3
3 4 5 5 92.56
3 3 3 3 3
4 4 7 108.67 3
3 3 3 3 4
4 6 109.03 3 3
3 3 3 4 4
5 96.39 3 3 3
3 3 4 4 4
69.76 3 3 3 3
3 3 7 7 87.05
3 3 3 3 3
3 6 7 69.64 3
3 3 3 3 3
6 6 87.17 3 3
3 3 3 3 5
7 105.9 3 3 3
3 3 3 5 6
69.46 3 3 3 3
3 3 5 5 89.26
3 3 3 3 3
3 4 7 107.42 3
3 3 3 3 3
4 6 107.45 3 3
3 3 3 3 4
5 88.84 3 3 3
3 3 3 4 4
69.62 3 3 3 3
3 3 3 7 70.19
3 3 3 3 3
3 3 6 69.84 3
3 3 3 3 3
3 5 89.67 3 3
3 3 3 3 3
4 49.87 3 3 3
3 3 3 3 3
69.82 2 7 7 7
7 7 7 7 87.11
2 6 7 7 7
7 7 7 89.59 2
6 6 7 7 7
7 7 91.71 2 6
6 6 7 7 7
7 92.39 2 6 6
6 6 7 7 7
89.52 2 6 6 6
6 6 7 7 89.91
2 6 6 6 6
6 6 7 69.88 2
6 6 6 6 6
6 6 87.22 2 5
7 7 7 7 7
7 105.57 2 5 6
7 7 7 7 7
107.24 2 5 6 6
7 7 7 7 109.28
2 5 6 6 6
7 7 7 109.91 2
5 6 6 6 6
7 7 108.27 2 5
6 6 6 6 6
7 107.04 2 5 6
6 6 6 6 6
89.23 2 5 5 7
7 7 7 7 106.72
2 5 5 6 7
7 7 7 108.82 2
5 5 6 6 7
7 7 111.27 2 5
5 6 6 6 7
7 111.22 2 5 5
6 6 6 6 7
109.08 2 5 5 6
6 6 6 6 92.55
2 5 5 5 7
7 7 7 110.57 2
5 5 5 6 7
7 7 112.61 2 5
5 5 6 6 7
7 114.3 2 5 5
5 6 6 6 7
114.47 2 5 5 5
6 6 6 6 92.21
2 5 5 5 5
7 7 7 109.67 2
5 5 5 5 6
7 7 111.27 2 5
5 5 5 6 6
7 113.49 2 5 5
5 5 6 6 6
92.94 2 5 5 5
5 5 7 7 111.17
2 5 5 5 5
5 6 7 112.6 2
5 5 5 5 5
6 6 89.38 2 5
5 5 5 5 5
7 106.86 2 5 5
5 5 5 5 6
89.85 2 5 5 5
5 5 5 5 87.86
2 4 7 7 7
7 7 7 104.03 2
4 6 7 7 7
7 7 107.87 2 4
6 6 7 7 7
7 109.9 2 4 6
6 6 7 7 7
110.28 2 4 6 6
6 6 7 7 106.96
2 4 6 6 6
6 6 7 106.76 2
4 6 6 6 6
6 6 105.49 2 4
5 7 7 7 7
7 121.85 2 4 5
6 7 7 7 7
125.08 2 4 5 6
6 7 7 7 126.72
2 4 5 6 6
6 7 7 128.11 2
4 5 6 6 6
6 7 124.63 2 4
5 6 6 6 6
6 106.61 2 4 5
5 7 7 7 7
122.63 2 4 5 5
6 7 7 7 126.5
2 4 5 5 6
6 7 7 128.17 2
4 5 5 6 6
6 7 128.91 2 4
5 5 6 6 6
6 110.06 2 4 5
5 5 7 7 7
125.95 2 4 5 5
5 6 7 7 129.51
2 4 5 5 5
6 6 7 131.7 2
4 5 5 5 6
6 6 109.54 2 4
5 5 5 5 7
7 125.22 2 4 5
5 5 5 6 7
129.01 2 4 5 5
5 5 6 6 109.99
2 4 5 5 5
5 5 7 126.57 2
4 5 5 5 5
5 6 107.02 2 4
5 5 5 5 5
5 89.36 2 4 4
7 7 7 7 7
106.61 2 4 4 6
7 7 7 7 108.92
2 4 4 6 6
7 7 7 111.04 2
4 4 6 6 6
7 7 111.55 2 4
4 6 6 6 6
7 109.13 2 4 4
6 6 6 6 6
107 2 4 4 5
7 7 7 7 124.31
2 4 4 5 6
7 7 7 126.83 2
4 4 5 6 6
7 7 128.43 2 4
4 5 6 6 6
7 128.17 2 4 4
5 6 6 6 6
108.66 2 4 4 5
5 7 7 7 125.96
2 4 4 5 5
6 7 7 127.66 2
4 4 5 5 6
6 7 130.73 2 4
4 5 5 6 6
6 111.99 2 4 4
5 5 5 7 7
129.31 2 4 4 5
5 5 6 7 130.54
2 4 4 5 5
5 6 6 111.92 2
4 4 5 5 5
5 7 129.17 2 4
4 5 5 5 5
6 111.99 2 4 4
5 5 5 5 5
91.47 2 4 4 4
7 7 7 7 108.77
2 4 4 4 6
7 7 7 111.37 2
4 4 4 6 6
7 7 113.25 2 4
4 4 6 6 6
7 113.97 2 4 4
4 6 6 6 6
109.83 2 4 4 4
5 7 7 7 127.12
2 4 4 4 5
6 7 7 128.96 2
4 4 4 5 6
6 7 130.97 2 4
4 4 5 6 6
6 111.26 2 4 4
4 5 5 7 7
127.89 2 4 4 4
5 5 6 7 130.88
2 4 4 4 5
5 6 6 114.07 2
4 4 4 5 5
5 7 131.55 2 4
4 4 5 5 5
6 113.78 2 4 4
4 5 5 5 5
92.53 2 4 4 4
4 7 7 7 110.07
2 4 4 4 4
6 7 7 112.3 2
4 4 4 4 6
6 7 113.46 2 4
4 4 4 6 6
6 109.14 2 4 4
4 4 5 7 7
127.99 2 4 4 4
4 5 6 7 129.31
2 4 4 4 4
5 6 6 111.92 2
4 4 4 4 5
5 7 128.63 2 4
4 4 4 5 5
6 114.71 2 4 4
4 4 5 5 5
89.32 2 4 4 4
4 4 7 7 107.07
2 4 4 4 4
4 6 7 108.96 2
4 4 4 4 4
6 6 106.67 2 4
4 4 4 4 5
7 125.2 2 4 4
4 4 4 5 6
108.04 2 4 4 4
4 4 5 5 89.91
2 4 4 4 4
4 4 7 107.1 2
4 4 4 4 4
4 6 108.03 2 4
4 4 4 4 4
5 69.61 2 4 4
4 4 4 4 4
105.3 2 3 7 7
7 7 7 7 105.94
2 3 6 7 7
7 7 7 109.45 2
3 6 6 7 7
7 7 109.6 2 3
6 6 6 7 7
7 107.14 2 3 6
6 6 6 7 7
107.24 2 3 6 6
6 6 6 7 87.61
2 3 6 6 6
6 6 6 121.78 2
3 5 7 7 7
7 7 122.93 2 3
5 6 7 7 7
7 126.65 2 3 5
6 6 7 7 7
127.53 2 3 5 6
6 6 7 7 125.52
2 3 5 6 6
6 6 7 125.58 2
3 5 6 6 6
6 6 124.68 2 3
5 5 7 7 7
7 124.46 2 3 5
5 6 7 7 7
128.7 2 3 5 5
6 6 7 7 128.84
2 3 5 5 6
6 6 7 126.92 2
3 5 5 6 6
6 6 127.39 2 3
5 5 5 7 7
7 127.83 2 3 5
5 5 6 7 7
131.23 2 3 5 5
5 6 6 7 131.43
2 3 5 5 5
6 6 6 127.62 2
3 5 5 5 5
7 7 127.41 2 3
5 5 5 5 6
7 131.41 2 3 5
5 5 5 6 6
125.44 2 3 5 5
5 5 5 7 124.58
2 3 5 5 5
5 5 6 124.34 2
3 5 5 5 5
5 5 122.33 2 3
4 7 7 7 7
7 123.14 2 3 4
6 7 7 7 7
126.67 2 3 4 6
6 7 7 7 128.06
2 3 4 6 6
6 7 7 124.44 2
3 4 6 6 6
6 7 125.5 2 3
4 6 6 6 6
6 138.35 2 3 4
5 7 7 7 7
140.3 2 3 4 5
6 7 7 7 143.84
2 3 4 5 6
6 7 7 144.98 2
3 4 5 6 6
6 7 142.23 2 3
4 5 6 6 6
6 140.22 2 3 4
5 5 7 7 7
142.5 2 3 4 5
5 6 7 7 145.93
2 3 4 5 5
6 6 7 146.55 2
3 4 5 5 6
6 6 141.66 2 3
4 5 5 5 7
7 145.38 2 3 4
5 5 5 6 7
149.06 2 3 4 5
5 5 6 6 143.03
2 3 4 5 5
5 5 7 144.75 2
3 4 5 5 5
5 6 140.51 2 3
4 5 5 5 5
5 124.46 2 3 4
4 7 7 7 7
123.99 2 3 4 4
6 7 7 7 129.23
2 3 4 4 6
6 7 7 129.33 2
3 4 4 6 6
6 7 126.29 2 3
4 4 6 6 6
6 140.39 2 3 4
4 5 7 7 7
142.25 2 3 4 4
5 6 7 7 145.83
2 3 4 4 5
6 6 7 146.25 2
3 4 4 5 6
6 6 143.83 2 3
4 4 5 5 7
7 143.87 2 3 4
4 5 5 6 7
147.64 2 3 4 4
5 5 6 6 146.27
2 3 4 4 5
5 5 7 145.85 2
3 4 4 5 5
5 6 147.54 2 3
4 4 5 5 5
5 127.52 2 3 4
4 4 7 7 7
127.26 2 3 4 4
4 6 7 7 130.68
2 3 4 4 4
6 6 7 130.4 2
3 4 4 4 6
6 6 142.79 2 3
4 4 4 5 7
7 144.48 2 3 4
4 4 5 6 7
147.77 2 3 4 4
4 5 6 6 146.43
2 3 4 4 4
5 5 7 146.79 2
3 4 4 4 5
5 6 149 2 3
4 4 4 5 5
5 127.25 2 3 4
4 4 4 7 7
127.28 2 3 4 4
4 4 6 7 131.68
2 3 4 4 4
4 6 6 143.04 2
3 4 4 4 4
5 7 144.99 2 3
4 4 4 4 5
6 146.61 2 3 4
4 4 4 5 5
125.58 2 3 4 4
4 4 4 7 124.3
2 3 4 4 4
4 4 6 140.82 2
3 4 4 4 4
4 5 125.77 2 3
4 4 4 4 4
4 105.96 2 3 3
7 7 7 7 7
107.91 2 3 3 6
7 7 7 7 111.42
2 3 3 6 6
7 7 7 107.93 2
3 3 6 6 6
7 7 109.64 2 3
3 6 6 6 6
7 88.69 2 3 3
6 6 6 6 6
123.32 2 3 3 5
7 7 7 7 127.19
2 3 3 5 6
7 7 7 128.94 2
3 3 5 6 6
7 7 127.6 2 3
3 5 6 6 6
7 128.45 2 3 3
5 6 6 6 6
124.24 2 3 3 5
5 7 7 7 126.26
2 3 3 5 5
6 7 7 130.21 2
3 3 5 5 6
6 7 127.96 2 3
3 5 5 6 6
6 126.97 2 3 3
5 5 5 7 7
130.03 2 3 3 5
5 5 6 7 133.71
2 3 3 5 5
5 6 6 124.73 2
3 3 5 5 5
5 7 126.73 2 3
3 5 5 5 5
6 125.17 2 3 3
5 5 5 5 5
123.93 2 3 3 4
7 7 7 7 125.72
2 3 3 4 6
7 7 7 128.53 2
3 3 4 6 6
7 7 125.7 2 3
3 4 6 6 6
7 126.62 2 3 3
4 6 6 6 6
140.78 2 3 3 4
5 7 7 7 144.33
2 3 3 4 5
6 7 7 147.01 2
3 3 4 5 6
6 7 144.39 2 3
3 4 5 6 6
6 140.9 2 3 3
4 5 5 7 7
142.6 2 3 3 4
5 5 6 7 146.86
2 3 3 4 5
5 6 6 144.15 2
3 3 4 5 5
5 7 146.57 2 3
3 4 5 5 5
6 141.82 2 3 3
4 5 5 5 5
124.27 2 3 3 4
4 7 7 7 127.14
2 3 3 4 4
6 7 7 130.92 2
3 3 4 4 6
6 7 127.64 2 3
3 4 4 6 6
6 141.72 2 3 3
4 4 5 7 7
146.92 2 3 3 4
4 5 6 7 147.81
2 3 3 4 4
5 6 6 142.97 2
3 3 4 4 5
5 7 146.09 2 3
3 4 4 5 5
6 146 2 3 3
4 4 5 5 5
127.16 2 3 3 4
4 4 7 7 129.34
2 3 3 4 4
4 6 7 132.25 2
3 3 4 4 4
6 6 144.96 2 3
3 4 4 4 5
7 148.34 2 3 3
4 4 4 5 6
146.59 2 3 3 4
4 4 5 5 127.48
2 3 3 4 4
4 4 7 130.09 2
3 3 4 4 4
4 6 145.31 2 3
3 4 4 4 4
5 125.26 2 3 3
4 4 4 4 4
110.66 2 3 3 3
7 7 7 7 111.13
2 3 3 3 6
7 7 7 111.05 2
3 3 3 6 6
7 7 110.69 2 3
3 3 6 6 6
7 92.9 2 3 3
3 6 6 6 6
128.19 2 3 3 3
5 7 7 7 128.86
2 3 3 3 5
6 7 7 130.16 2
3 3 3 5 6
6 7 129.29 2 3
3 3 5 6 6
6 129.87 2 3 3
3 5 5 7 7
130.36 2 3 3 3
5 5 6 7 130.24
2 3 3 3 5
5 6 6 129.5 2
3 3 3 5 5
5 7 129.52 2 3
3 3 5 5 5
6 129.68 2 3 3
3 5 5 5 5
128.81 2 3 3 3
4 7 7 7 128.85
2 3 3 3 4
6 7 7 128.79 2
3 3 3 4 6
6 7 129.51 2 3
3 3 4 6 6
6 146.24 2 3 3
3 4 5 7 7
147.99 2 3 3 3
4 5 6 7 148.27
2 3 3 3 4
5 6 6 147.51 2
3 3 3 4 5
5 7 148.49 2 3
3 3 4 5 5
6 146.44 2 3 3
3 4 5 5 5
129.87 2 3 3 3
4 4 7 7 130.25
2 3 3 3 4
4 6 7 131.58 2
3 3 3 4 4
6 6 147.77 2 3
3 3 4 4 5
7 148.83 2 3 3
3 4 4 5 6
149.57 2 3 3 3
4 4 5 5 132.12
2 3 3 3 4
4 4 7 132.57 2
3 3 3 4 4
4 6 149.48 2 3
3 3 4 4 4
5 133.3 2 3 3
3 4 4 4 4
110.24 2 3 3 3
3 7 7 7 108.27
2 3 3 3 3
6 7 7 111.49 2
3 3 3 3 6
6 7 92.45 2 3
3 3 3 6 6
6 128.58 2 3 3
3 3 5 7 7
127.27 2 3 3 3
3 5 6 7 130.66
2 3 3 3 3
5 6 6 126.98 2
3 3 3 3 5
5 7 123.9 2 3
3 3 3 5 5
6 129.68 2 3 3
3 3 5 5 5
127.91 2 3 3 3
3 4 7 7 126.29
2 3 3 3 3
4 6 7 128.67 2
3 3 3 3 4
6 6 146.5 2 3
3 3 3 4 5
7 145.4 2 3 3
3 3 4 5 6
143.81 2 3 3 3
3 4 5 5 129.42
2 3 3 3 3
4 4 7 127.45 2
3 3 3 3 4
4 6 147.14 2 3
3 3 3 4 4
5 133.2 2 3 3
3 3 4 4 4
109.15 2 3 3 3
3 3 7 7 109.5
2 3 3 3 3
3 6 7 92.78 2
3 3 3 3 3
6 6 124.53 2 3
3 3 3 3 5
7 124.54 2 3 3
3 3 3 5 6
125.11 2 3 3 3
3 3 5 5 126.96
2 3 3 3 3
3 4 7 127.2 2
3 3 3 3 3
4 6 143.26 2 3
3 3 3 3 4
5 128.37 2 3 3
3 3 3 4 4
106.93 2 3 3 3
3 3 3 7 89.46
2 3 3 3 3
3 3 6 125.27 2
3 3 3 3 3
3 5 124.62 2 3
3 3 3 3 3
4 89.67 2 3 3
3 3 3 3 3
69.59 2 2 7 7
7 7 7 7 89.68
2 2 6 7 7
7 7 7 88.53 2
2 6 6 7 7
7 7 92.04 2 2
6 6 6 7 7
7 88.8 2 2 6
6 6 6 7 7
89.43 2 2 6 6
6 6 6 7 69.78
2 2 6 6 6
6 6 6 88.92 2
2 5 7 7 7
7 7 108.65 2 2
5 6 7 7 7
7 108.04 2 2 5
6 6 7 7 7
111.66 2 2 5 6
6 6 7 7 107.95
2 2 5 6 6
6 6 7 109.67 2
2 5 6 6 6
6 6 89.41 2 2
5 5 7 7 7
7 108.75 2 2 5
5 6 7 7 7
107.96 2 2 5 5
6 6 7 7 111.5
2 2 5 5 6
6 6 7 108.25 2
2 5 5 6 6
6 6 92.85 2 2
5 5 5 7 7
7 112.14 2 2 5
5 5 6 7 7
111.47 2 2 5 5
5 6 6 7 115.31
2 2 5 5 5
6 6 6 91.65 2
2 5 5 5 5
7 7 111.16 2 2
5 5 5 5 6
7 110.47 2 2 5
5 5 5 6 6
92.89 2 2 5 5
5 5 5 7 112.27
2 2 5 5 5
5 5 6 89.46 2
2 5 5 5 5
5 5 89.44 2 2
4 7 7 7 7
7 107.24 2 2 4
6 7 7 7 7
108.51 2 2 4 6
6 7 7 7 111.63
2 2 4 6 6
6 7 7 107.92 2
2 4 6 6 6
6 7 109.03 2 2
4 6 6 6 6
6 109.1 2 2 4
5 7 7 7 7
126.18 2 2 4 5
6 7 7 7 126.53
2 2 4 5 6
6 7 7 131 2
2 4 5 6 6
6 7 128.19 2 2
4 5 6 6 6
6 108.85 2 2 4
5 5 7 7 7
125.95 2 2 4 5
5 6 7 7 127.15
2 2 4 5 5
6 6 7 130.77 2
2 4 5 5 6
6 6 112.42 2 2
4 5 5 5 7
7 130.12 2 2 4
5 5 5 6 7
131.06 2 2 4 5
5 5 6 6 111.61
2 2 4 5 5
5 5 7 129.81 2
2 4 5 5 5
5 6 112.78 2 2
4 5 5 5 5
5 88.46 2 2 4
4 7 7 7 7
108 2 2 4 4
6 7 7 7 107.33
2 2 4 4 6
6 7 7 110.96 2
2 4 4 6 6
6 7 106.92 2 2
4 4 6 6 6
6 107.7 2 2 4
4 5 7 7 7
126.41 2 2 4 4
5 6 7 7 126.51
2 2 4 4 5
6 6 7 129.94 2
2 4 4 5 6
6 6 107.83 2 2
4 4 5 5 7
7 126.95 2 2 4
4 5 5 6 7
126.38 2 2 4 4
5 5 6 6 111.82
2 2 4 4 5
5 5 7 131.5 2
2 4 4 5 5
5 6 110.6 2 2
4 4 5 5 5
5 92.04 2 2 4
4 4 7 7 7
111.31 2 2 4 4
4 6 7 7 110.78
2 2 4 4 4
6 6 7 114.25 2
2 4 4 4 6
6 6 112.29 2 2
4 4 4 5 7
7 129.77 2 2 4
4 4 5 6 7
130.53 2 2 4 4
4 5 6 6 111.49
2 2 4 4 4
5 5 7 130.72 2
2 4 4 4 5
5 6 115.63 2 2
4 4 4 5 5
5 88.63 2 2 4
4 4 4 7 7
107.67 2 2 4 4
4 4 6 7 108.12
2 2 4 4 4
4 6 6 108.1 2
2 4 4 4 4
5 7 127.53 2 2
4 4 4 4 5
6 108.37 2 2 4
4 4 4 5 5
89.2 2 2 4 4
4 4 4 7 108.61
2 2 4 4 4
4 4 6 109.13 2
2 4 4 4 4
4 5 69.24 2 2
4 4 4 4 4
4 105.01 2 2 3
7 7 7 7 7
107.49 2 2 3 6
7 7 7 7 110.32
2 2 3 6 6
7 7 7 108.26 2
2 3 6 6 6
7 7 108.93 2 2
3 6 6 6 6
7 89.37 2 2 3
6 6 6 6 6
123.2 2 2 3 5
7 7 7 7 126.15
2 2 3 5 6
7 7 7 128.89 2
2 3 5 6 6
7 7 124.31 2 2
3 5 6 6 6
7 126.28 2 2 3
5 6 6 6 6
124.26 2 2 3 5
5 7 7 7 127.18
2 2 3 5 5
6 7 7 130.64 2
2 3 5 5 6
6 7 127.63 2 2
3 5 5 6 6
6 126.69 2 2 3
5 5 5 7 7
129.88 2 2 3 5
5 5 6 7 132.11
2 2 3 5 5
5 6 6 127.78 2
2 3 5 5 5
5 7 129.92 2 2
3 5 5 5 5
6 124.91 2 2 3
5 5 5 5 5
123.44 2 2 3 4
7 7 7 7 127.45
2 2 3 4 6
7 7 7 129.75 2
2 3 4 6 6
7 7 126.6 2 2
3 4 6 6 6
7 128.11 2 2 3
4 6 6 6 6
139.4 2 2 3 4
5 7 7 7 144.46
2 2 3 4 5
6 7 7 146.78 2
2 3 4 5 6
6 7 145.06 2 2
3 4 5 6 6
6 142.98 2 2 3
4 5 5 7 7
146.28 2 2 3 4
5 5 6 7 148.85
2 2 3 4 5
5 6 6 145.2 2
2 3 4 5 5
5 7 148.28 2 2
3 4 5 5 5
6 145.59 2 2 3
4 5 5 5 5
124.41 2 2 3 4
4 7 7 7 126.69
2 2 3 4 4
6 7 7 129.74 2
2 3 4 4 6
6 7 126.52 2 2
3 4 4 6 6
6 141.78 2 2 3
4 4 5 7 7
143.53 2 2 3 4
4 5 6 7 146.65
2 2 3 4 4
5 6 6 144.17 2
2 3 4 4 5
5 7 145.58 2 2
3 4 4 5 5
6 145.98 2 2 3
4 4 5 5 5
127.17 2 2 3 4
4 4 7 7 129.98
2 2 3 4 4
4 6 7 133.26 2
2 3 4 4 4
6 6 144.3 2 2
3 4 4 4 5
7 147.29 2 2 3
4 4 4 5 6
146.24 2 2 3 4
4 4 5 5 123.76
2 2 3 4 4
4 4 7 127.16 2
2 3 4 4 4
4 6 141.79 2 2
3 4 4 4 4
5 125.86 2 2 3
4 4 4 4 4
104.48 2 2 3 3
7 7 7 7 110.28
2 2 3 3 6
7 7 7 106.81 2
2 3 3 6 6
7 7 109.15 2 2
3 3 6 6 6
7 89.39 2 2 3
3 6 6 6 6
123.7 2 2 3 3
5 7 7 7 130
2 2 3 3 5
6 7 7 126.53 2
2 3 3 5 6
6 7 128.51 2 2
3 3 5 6 6
6 123.6 2 2 3
3 5 5 7 7
129.43 2 2 3 3
5 5 6 7 125.95
2 2 3 3 5
5 6 6 126.41 2
2 3 3 5 5
5 7 133.25 2 2
3 3 5 5 5
6 123.52 2 2 3
3 5 5 5 5
123.61 2 2 3 3
4 7 7 7 130.39
2 2 3 3 4
6 7 7 126.66 2
2 3 3 4 6
6 7 127.88 2 2
3 3 4 6 6
6 143.46 2 2 3
3 4 5 7 7
149.11 2 2 3 3
4 5 6 7 146.34
2 2 3 3 4
5 6 6 142.97 2
2 3 3 4 5
5 7 149.97 2 2
3 3 4 5 5
6 146.75 2 2 3
3 4 5 5 5
123.82 2 2 3 3
4 4 7 7 130
2 2 3 3 4
4 6 7 126.56 2
2 3 3 4 4
6 6 142.88 2 2
3 3 4 4 5
7 147.7 2 2 3
3 4 4 5 6
141.57 2 2 3 3
4 4 5 5 127.02
2 2 3 3 4
4 4 7 133.39 2
2 3 3 4 4
4 6 146.98 2 2
3 3 4 4 4
5 122.62 2 2 3
3 4 4 4 4
111.31 2 2 3 3
3 7 7 7 111.04
2 2 3 3 3
6 7 7 111.24 2
2 3 3 3 6
6 7 93.15 2 2
3 3 3 6 6
6 129.65 2 2 3
3 3 5 7 7
128.74 2 2 3 3
3 5 6 7 130.9
2 2 3 3 3
5 6 6 129.32 2
2 3 3 3 5
5 7 129.73 2 2
3 3 3 5 5
6 130.75 2 2 3
3 3 5 5 5
129.87 2 2 3 3
3 4 7 7 130.15
2 2 3 3 3
4 6 7 131.1 2
2 3 3 3 4
6 6 148.11 2 2
3 3 3 4 5
7 148.23 2 2 3
3 3 4 5 6
148.36 2 2 3 3
3 4 5 5 129.3
2 2 3 3 3
4 4 7 129.25 2
2 3 3 3 4
4 6 147.91 2 2
3 3 3 4 4
5 133.5 2 2 3
3 3 4 4 4
106.73 2 2 3 3
3 3 7 7 110.33
2 2 3 3 3
3 6 7 91.36 2
2 3 3 3 3
6 6 126.25 2 2
3 3 3 3 5
7 130.39 2 2 3
3 3 3 5 6
123.37 2 2 3 3
3 3 5 5 126.65
2 2 3 3 3
3 4 7 130.65 2
2 3 3 3 3
4 6 146.51 2 2
3 3 3 3 4
5 126.5 2 2 3
3 3 3 4 4
109.25 2 2 3 3
3 3 3 7 92.95
2 2 3 3 3
3 3 6 124.71 2
2 3 3 3 3
3 5 127.61 2 2
3 3 3 3 3
4 89.29 2 2 3
3 3 3 3 3
73.09 2 2 2 7
7 7 7 7 91.59
2 2 2 6 7
7 7 7 92.07 2
2 2 6 6 7
7 7 91.94 2 2
2 6 6 6 7
7 91.65 2 2 2
6 6 6 6 7
73.21 2 2 2 6
6 6 6 6 92.27
2 2 2 5 7
7 7 7 110.73 2
2 2 5 6 7
7 7 111.43 2 2
2 5 6 6 7
7 111.77 2 2 2
5 6 6 6 7
111.71 2 2 2 5
6 6 6 6 92.37
2 2 2 5 5
7 7 7 110.95 2
2 2 5 5 6
7 7 111.56 2 2
2 5 5 6 6
7 111.48 2 2 2
5 5 6 6 6
96.13 2 2 2 5
5 5 7 7 114.36
2 2 2 5 5
5 6 7 115.12 2
2 2 5 5 5
6 6 95.71 2 2
2 5 5 5 5
7 113.6 2 2 2
5 5 5 5 6
96.24 2 2 2 5
5 5 5 5 91.01
2 2 2 4 7
7 7 7 108 2
2 2 4 6 7
7 7 110.75 2 2
2 4 6 6 7
7 110.01 2 2 2
4 6 6 6 7
109.96 2 2 2 4
6 6 6 6 110.78
2 2 2 4 5
7 7 7 128.12 2
2 2 4 5 6
7 7 130.68 2 2
2 4 5 6 6
7 130.63 2 2 2
4 5 6 6 6
110.49 2 2 2 4
5 5 7 7 127.94
2 2 2 4 5
5 6 7 130.52 2
2 2 4 5 5
6 6 114.91 2 2
2 4 5 5 5
7 130.91 2 2 2
4 5 5 5 6
113.87 2 2 2 4
5 5 5 5 91.75
2 2 2 4 4
7 7 7 110.81 2
2 2 4 4 6
7 7 110.67 2 2
2 4 4 6 6
7 110.04 2 2 2
4 4 6 6 6
111.26 2 2 2 4
4 5 7 7 130.4
2 2 2 4 4
5 6 7 130.07 2
2 2 4 4 5
6 6 111.43 2 2
2 4 4 5 5
7 130.18 2 2 2
4 4 5 5 6
115.21 2 2 2 4
4 5 5 5 91.76
2 2 2 4 4
4 7 7 111.08 2
2 2 4 4 4
6 7 110.82 2 2
2 4 4 4 6
6 111.32 2 2 2
4 4 4 5 7
129.26 2 2 2 4
4 4 5 6 111.57
2 2 2 4 4
4 5 5 91.98 2
2 2 4 4 4
4 7 110.66 2 2
2 4 4 4 4
6 111.38 2 2 2
4 4 4 4 5
73.16 2 2 2 4
4 4 4 4 111.31
2 2 2 3 7
7 7 7 110.68 2
2 2 3 6 7
7 7 111.31 2 2
2 3 6 6 7
7 111.84 2 2 2
3 6 6 6 7
92.48 2 2 2 3
6 6 6 6 127.9
2 2 2 3 5
7 7 7 128.32 2
2 2 3 5 6
7 7 129.57 2 2
2 3 5 6 6
7 129.25 2 2 2
3 5 6 6 6
129.9 2 2 2 3
5 5 7 7 130.68
2 2 2 3 5
5 6 7 130.02 2
2 2 3 5 5
6 6 132.63 2 2
2 3 5 5 5
7 132.34 2 2 2
3 5 5 5 6
132.77 2 2 2 3
5 5 5 5 127.65
2 2 2 3 4
7 7 7 129.46 2
2 2 3 4 6
7 7 129.56 2 2
2 3 4 6 6
7 129.5 2 2 2
3 4 6 6 6
145.59 2 2 2 3
4 5 7 7 147.28
2 2 2 3 4
5 6 7 147.46 2
2 2 3 4 5
6 6 147.2 2 2
2 3 4 5 5
7 149.41 2 2 2
3 4 5 5 6
149.88 2 2 2 3
4 5 5 5 128.95
2 2 2 3 4
4 7 7 129.67 2
2 2 3 4 4
6 7 130.25 2 2
2 3 4 4 6
6 146.57 2 2 2
3 4 4 5 7
147.21 2 2 2 3
4 4 5 6 149.5
2 2 2 3 4
4 5 5 129.99 2
2 2 3 4 4
4 7 129.8 2 2
2 3 4 4 4
6 147.34 2 2 2
3 4 4 4 5
129.49 2 2 2 3
4 4 4 4 110.85
2 2 2 3 3
7 7 7 110.6 2
2 2 3 3 6
7 7 111.57 2 2
2 3 3 6 6
7 92.97 2 2 2
3 3 6 6 6
130.03 2 2 2 3
3 5 7 7 130.52
2 2 2 3 3
5 6 7 130.95 2
2 2 3 3 5
6 6 129.88 2 2
2 3 3 5 5
7 129.82 2 2 2
3 3 5 5 6
133.3 2 2 2 3
3 5 5 5 129.39
2 2 2 3 3
4 7 7 130.16 2
2 2 3 3 4
6 7 129.57 2 2
2 3 3 4 6
6 148.9 2 2 2
3 3 4 5 7
149.05 2 2 2 3
3 4 5 6 147.43
2 2 2 3 3
4 5 5 129.87 2
2 2 3 3 4
4 7 129.7 2 2
2 3 3 4 4
6 149.7 2 2 2
3 3 4 4 5
129.14 2 2 2 3
3 4 4 4 114.78
2 2 2 3 3
3 7 7 113.97 2
2 2 3 3 3
6 7 96.41 2 2
2 3 3 3 6
6 132.95 2 2 2
3 3 3 5 7
132.74 2 2 2 3
3 3 5 6 133.07
2 2 2 3 3
3 5 5 132.26 2
2 2 3 3 3
4 7 133.29 2 2
2 3 3 3 4
6 151.3 2 2 2
3 3 3 4 5
133.64 2 2 2 3
3 3 4 4 113.53
2 2 2 3 3
3 3 7 95.3 2
2 2 3 3 3
3 6 133.11 2 2
2 3 3 3 3
5 132.09 2 2 2
3 3 3 3 4
96.2 2 2 2 3
3 3 3 3 72.12
2 2 2 2 7
7 7 7 91.16 2
2 2 2 6 7
7 7 87.96 2 2
2 2 6 6 7
7 91.79 2 2 2
2 6 6 6 7
72.19 2 2 2 2
6 6 6 6 92.35
2 2 2 2 5
7 7 7 111.26 2
2 2 2 5 6
7 7 107.97 2 2
2 2 5 6 6
7 111.32 2 2 2
2 5 6 6 6
91.51 2 2 2 2
5 5 7 7 111.53
2 2 2 2 5
5 6 7 108.73 2
2 2 2 5 5
6 6 95.35 2 2
2 2 5 5 5
7 114.85 2 2 2
2 5 5 5 6
94.65 2 2 2 2
5 5 5 5 91.4
2 2 2 2 4
7 7 7 108.76 2
2 2 2 4 6
7 7 108.14 2 2
2 2 4 6 6
7 110.48 2 2 2
2 4 6 6 6
111.12 2 2 2 2
4 5 7 7 128.78
2 2 2 2 4
5 6 7 126.74 2
2 2 2 4 5
6 6 111.25 2 2
2 2 4 5 5
7 128.49 2 2 2
2 4 5 5 6
114.93 2 2 2 2
4 5 5 5 88.04
2 2 2 2 4
4 7 7 107.84 2
2 2 2 4 4
6 7 104.31 2 2
2 2 4 4 6
6 107.81 2 2 2
2 4 4 5 7
127.59 2 2 2 2
4 4 5 6 108.35
2 2 2 2 4
4 5 5 91.87 2
2 2 2 4 4
4 7 111.53 2 2
2 2 4 4 4
6 112.45 2 2 2
2 4 4 4 5
72.32 2 2 2 2
4 4 4 4 110.63
2 2 2 2 3
7 7 7 107.85 2
2 2 2 3 6
7 7 111.48 2 2
2 2 3 6 6
7 92.13 2 2 2
2 3 6 6 6
129.45 2 2 2 2
3 5 7 7 126.33
2 2 2 2 3
5 6 7 129.08 2
2 2 2 3 5
6 6 129.22 2 2
2 2 3 5 5
7 128.57 2 2 2
2 3 5 5 6
132.27 2 2 2 2
3 5 5 5 128.62
2 2 2 2 3
4 7 7 127.5 2
2 2 2 3 4
6 7 130.69 2 2
2 2 3 4 6
6 146.4 2 2 2
2 3 4 5 7
144.34 2 2 2 2
3 4 5 6 148.17
2 2 2 2 3
4 5 5 127.68 2
2 2 2 3 4
4 7 124.29 2 2
2 2 3 4 4
6 144.24 2 2 2
2 3 4 4 5
129.78 2 2 2 2
3 4 4 4 107.68
2 2 2 2 3
3 7 7 110.95 2
2 2 2 3 3
6 7 91.81 2 2
2 2 3 3 6
6 126.73 2 2 2
2 3 3 5 7
130.9 2 2 2 2
3 3 5 6 126.25
2 2 2 2 3
3 5 5 126.46 2
2 2 2 3 3
4 7 129.94 2 2
2 2 3 3 4
6 146.15 2 2 2
2 3 3 4 5
123.69 2 2 2 2
3 3 4 4 114.33
2 2 2 2 3
3 3 7 95.16 2
2 2 2 3 3
3 6 131.84 2 2
2 2 3 3 3
5 132.99 2 2 2
2 3 3 3 4
94.48 2 2 2 2
3 3 3 3 73.15
2 2 2 2 2
7 7 7 89.06 2
2 2 2 2 6
7 7 88.97 2 2
2 2 2 6 6
7 73.15 2 2 2
2 2 6 6 6
92.97 2 2 2 2
2 5 7 7 108.72
2 2 2 2 2
5 6 7 108.78 2
2 2 2 2 5
6 6 92.84 2 2
2 2 2 5 5
7 109.33 2 2 2
2 2 5 5 6
96.35 2 2 2 2
2 5 5 5 89.11
2 2 2 2 2
4 7 7 105.17 2
2 2 2 2 4
6 7 104.55 2 2
2 2 2 4 6
6 109.29 2 2 2
2 2 4 5 7
125.51 2 2 2 2
2 4 5 6 108.46
2 2 2 2 2
4 5 5 89.14 2
2 2 2 2 4
4 7 105.27 2 2
2 2 2 4 4
6 109.44 2 2 2
2 2 4 4 5
72.83 2 2 2 2
2 4 4 4 109.55
2 2 2 2 2
3 7 7 108.84 2
2 2 2 2 3
6 7 92.77 2 2
2 2 2 3 6
6 126.29 2 2 2
2 2 3 5 7
127.4 2 2 2 2
2 3 5 6 128.79
2 2 2 2 2
3 5 5 125.62 2
2 2 2 2 3
4 7 124.93 2 2
2 2 2 3 4
6 143.46 2 2 2
2 2 3 4 5
124.48 2 2 2 2
2 3 4 4 109.02
2 2 2 2 2
3 3 7 92.95 2
2 2 2 2 3
3 6 128.25 2 2
2 2 2 3 3
5 124.91 2 2 2
2 2 3 3 4
96.32 2 2 2 2
2 3 3 3 69.48
2 2 2 2 2
2 7 7 88.03 2
2 2 2 2 2
6 7 69.64 2 2
2 2 2 2 6
6 89.61 2 2 2
2 2 2 5 7
107.68 2 2 2 2
2 2 5 6 88.95
2 2 2 2 2
2 5 5 87.33 2
2 2 2 2 2
4 7 104.88 2 2
2 2 2 2 4
6 107.77 2 2 2
2 2 2 4 5
69.46 2 2 2 2
2 2 4 4 107.34
2 2 2 2 2
2 3 7 88.73 2
2 2 2 2 2
3 6 124.81 2 2
2 2 2 2 3
5 125.29 2 2 2
2 2 2 3 4
89.13 2 2 2 2
2 2 3 3 69.77
2 2 2 2 2
2 2 7 69.91 2
2 2 2 2 2
2 6 89.95 2 2
2 2 2 2 2
5 70.14 2 2 2
2 2 2 2 4
89.53 2 2 2 2
2 2 2 3 49.85
2 2 2 2 2
2 2 2 69.5 1
7 7 7 7 7
7 7 87.72 1 6
7 7 7 7 7
7 89.22 1 6 6
7 7 7 7 7
92.7 1 6 6 6
7 7 7 7 92.2
1 6 6 6 6
7 7 7 92.73 1
6 6 6 6 6
7 7 89.36 1 6
6 6 6 6 6
7 89.96 1 6 6
6 6 6 6 6
86.96 1 5 7 7
7 7 7 7 105.64
1 5 6 7 7
7 7 7 106.55 1
5 6 6 7 7
7 7 110.46 1 5
6 6 6 7 7
7 109.72 1 5 6
6 6 6 7 7
110.31 1 5 6 6
6 6 6 7 106.86
1 5 6 6 6
6 6 6 89.42 1
5 5 7 7 7
7 7 106.72 1 5
5 6 7 7 7
7 109.38 1 5 5
6 6 7 7 7
112.31 1 5 5 6
6 6 7 7 111.44
1 5 5 6 6
6 6 7 112.42 1
5 5 6 6 6
6 6 91.64 1 5
5 5 7 7 7
7 109.33 1 5 5
5 6 7 7 7
111.01 1 5 5 5
6 6 7 7 113.99
1 5 5 5 6
6 6 7 113.81 1
5 5 5 6 6
6 6 91.93 1 5
5 5 5 7 7
7 109.55 1 5 5
5 5 6 7 7
111.8 1 5 5 5
5 6 6 7 115.08
1 5 5 5 5
6 6 6 89.56 1
5 5 5 5 5
7 7 107.35 1 5
5 5 5 5 6
7 109.28 1 5 5
5 5 5 6 6
89.95 1 5 5 5
5 5 5 7 107.07
1 5 5 5 5
5 5 6 69.79 1
5 5 5 5 5
5 5 87.62 1 4
7 7 7 7 7
7 105.29 1 4 6
7 7 7 7 7
106.76 1 4 6 6
7 7 7 7 110.59
1 4 6 6 6
7 7 7 110.39 1
4 6 6 6 6
7 7 110.3 1 4
6 6 6 6 6
7 107.64 1 4 6
6 6 6 6 6
103.64 1 4 5 7
7 7 7 7 121.27
1 4 5 6 7
7 7 7 122.65 1
4 5 6 6 7
7 7 126.2 1 4
5 6 6 6 7
7 125.48 1 4 5
6 6 6 6 7
127.03 1 4 5 6
6 6 6 6 107.08
1 4 5 5 7
7 7 7 124.62 1
4 5 5 6 7
7 7 126.43 1 4
5 5 6 6 7
7 129.96 1 4 5
5 6 6 6 7
129.14 1 4 5 5
6 6 6 6 109.05
1 4 5 5 5
7 7 7 126.85 1
4 5 5 5 6
7 7 128.8 1 4
5 5 5 6 6
7 131.4 1 4 5
5 5 6 6 6
109.55 1 4 5 5
5 5 7 7 127.02
1 4 5 5 5
5 6 7 129.29 1
4 5 5 5 5
6 6 106.65 1 4
5 5 5 5 5
7 124.99 1 4 5
5 5 5 5 6
108.4 1 4 5 5
5 5 5 5 88.95
1 4 4 7 7
7 7 7 107.84 1
4 4 6 7 7
7 7 108.84 1 4
4 6 6 7 7
7 112.2 1 4 4
6 6 6 7 7
111.64 1 4 4 6
6 6 6 7 111.95
1 4 4 6 6
6 6 6 106.89 1
4 4 5 7 7
7 7 124.77 1 4
4 5 6 7 7
7 126.04 1 4 4
5 6 6 7 7
130 1 4 4 5
6 6 6 7 129.05
1 4 4 5 6
6 6 6 108.71 1
4 4 5 5 7
7 7 126.19 1 4
4 5 5 6 7
7 127.97 1 4 4
5 5 6 6 7
131.34 1 4 4 5
5 6 6 6 111.24
1 4 4 5 5
5 7 7 129.79 1
4 4 5 5 5
6 7 129.94 1 4
4 5 5 5 6
6 111.68 1 4 4
5 5 5 5 7
129.64 1 4 4 5
5 5 5 6 108.27
1 4 4 5 5
5 5 5 91.66 1
4 4 4 7 7
7 7 109.65 1 4
4 4 6 7 7
7 111.37 1 4 4
4 6 6 7 7
114.26 1 4 4 4
6 6 6 7 113.7
1 4 4 4 6
6 6 6 108.76 1
4 4 4 5 7
7 7 127.63 1 4
4 4 5 6 7
7 128.41 1 4 4
4 5 6 6 7
132.07 1 4 4 4
5 6 6 6 110.49
1 4 4 4 5
5 7 7 129.42 1
4 4 4 5 5
6 7 130.95 1 4
4 4 5 5 6
6 113.2 1 4 4
4 5 5 5 7
132.3 1 4 4 4
5 5 5 6 113.36
1 4 4 4 5
5 5 5 92.57 1
4 4 4 4 7
7 7 109.79 1 4
4 4 4 6 7
7 111.37 1 4 4
4 4 6 6 7
114.45 1 4 4 4
4 6 6 6 109.54
1 4 4 4 4
5 7 7 127.93 1
4 4 4 4 5
6 7 129.25 1 4
4 4 4 5 6
6 111.98 1 4 4
4 4 5 5 7
129.58 1 4 4 4
4 5 5 6 113.67
1 4 4 4 4
5 5 5 89.41 1
4 4 4 4 4
7 7 107.2 1 4
4 4 4 4 6
7 108.85 1 4 4
4 4 4 6 6
106.92 1 4 4 4
4 4 5 7 125.36
1 4 4 4 4
4 5 6 109.02 1
4 4 4 4 4
5 5 89.78 1 4
4 4 4 4 4
7 107.2 1 4 4
4 4 4 4 6
107.76 1 4 4 4
4 4 4 5 69.75
1 4 4 4 4
4 4 4 105.37 1
3 7 7 7 7
7 7 121.94 1 3
6 7 7 7 7
7 125.66 1 3 6
6 7 7 7 7
126.9 1 3 6 6
6 7 7 7 128.07
1 3 6 6 6
6 7 7 124.98 1
3 6 6 6 6
6 7 125.35 1 3
6 6 6 6 6
6 105.31 1 3 5
7 7 7 7 7
122.75 1 3 5 6
7 7 7 7 125.12
1 3 5 6 6
7 7 7 126.85 1
3 5 6 6 6
7 7 127.76 1 3
5 6 6 6 6
7 125.1 1 3 5
6 6 6 6 6
109.48 1 3 5 5
7 7 7 7 126.49
1 3 5 5 6
7 7 7 128.37 1
3 5 5 6 6
7 7 131.2 1 3
5 5 6 6 6
7 131.56 1 3 5
5 6 6 6 6
109.18 1 3 5 5
5 7 7 7 127.78
1 3 5 5 5
6 7 7 128.85 1
3 5 5 5 6
6 7 131.26 1 3
5 5 5 6 6
6 106.84 1 3 5
5 5 5 7 7
125.78 1 3 5 5
5 5 6 7 126.45
1 3 5 5 5
5 6 6 107.53 1
3 5 5 5 5
5 7 124.81 1 3
5 5 5 5 5
6 87.95 1 3 5
5 5 5 5 5
121.47 1 3 4 7
7 7 7 7 138.04
1 3 4 6 7
7 7 7 140.67 1
3 4 6 6 7
7 7 143.78 1 3
4 6 6 6 7
7 144.99 1 3 4
6 6 6 6 7
140.78 1 3 4 6
6 6 6 6 122.78
1 3 4 5 7
7 7 7 140.19 1
3 4 5 6 7
7 7 141.93 1 3
4 5 6 6 7
7 144.08 1 3 4
5 6 6 6 7
145.42 1 3 4 5
6 6 6 6 126.84
1 3 4 5 5
7 7 7 144.64 1
3 4 5 5 6
7 7 145.68 1 3
4 5 5 6 6
7 148.65 1 3 4
5 5 6 6 6
126.81 1 3 4 5
5 5 7 7 145.09
1 3 4 5 5
5 6 7 147.09 1
3 4 5 5 5
6 6 125.27 1 3
4 5 5 5 5
7 142.17 1 3 4
5 5 5 5 6
125.16 1 3 4 5
5 5 5 5 124.43
1 3 4 4 7
7 7 7 141.16 1
3 4 4 6 7
7 7 143.88 1 3
4 4 6 6 7
7 145.77 1 3 4
4 6 6 6 7
146.56 1 3 4 4
6 6 6 6 125.11
1 3 4 4 5
7 7 7 142.65 1
3 4 4 5 6
7 7 144.3 1 3
4 4 5 6 6
7 145.84 1 3 4
4 5 6 6 6
128.29 1 3 4 4
5 5 7 7 146.11
1 3 4 4 5
5 6 7 148.21 1
3 4 4 5 5
6 6 129.56 1 3
4 4 5 5 5
7 147.34 1 3 4
4 5 5 5 6
127.06 1 3 4 4
5 5 5 5 126.8
1 3 4 4 4
7 7 7 142.85 1
3 4 4 4 6
7 7 146.2 1 3
4 4 4 6 6
7 148.67 1 3 4
4 4 6 6 6
127.5 1 3 4 4
4 5 7 7 145.4
1 3 4 4 4
5 6 7 146.39 1
3 4 4 4 5
6 6 131.11 1 3
4 4 4 5 5
7 148.49 1 3 4
4 4 5 5 6
131.97 1 3 4 4
4 5 5 5 129.22
1 3 4 4 4
4 7 7 143.55 1
3 4 4 4 4
6 7 146.92 1 3
4 4 4 4 6
6 128.31 1 3 4
4 4 4 5 7
145.31 1 3 4 4
4 4 5 6 131.39
1 3 4 4 4
4 5 5 124.6 1
3 4 4 4 4
4 7 140.49 1 3
4 4 4 4 4
6 125.46 1 3 4
4 4 4 4 5
123.95 1 3 4 4
4 4 4 4 104.48
1 3 3 7 7
7 7 7 123.07 1
3 3 6 7 7
7 7 124.28 1 3
3 6 6 7 7
7 127.62 1 3 3
6 6 6 7 7
124.34 1 3 3 6
6 6 6 7 125.61
1 3 3 6 6
6 6 6 107.28 1
3 3 5 7 7
7 7 127.41 1 3
3 5 6 7 7
7 126.18 1 3 3
5 6 6 7 7
130.28 1 3 3 5
6 6 6 7 126.32
1 3 3 5 6
6 6 6 111.16 1
3 3 5 5 7
7 7 129.59 1 3
3 5 5 6 7
7 129.32 1 3 3
5 5 6 6 7
133.3 1 3 3 5
5 6 6 6 108.27
1 3 3 5 5
5 7 7 126.75 1
3 3 5 5 5
6 7 126.9 1 3
3 5 5 5 6
6 109.8 1 3 3
5 5 5 5 7
128.4 1 3 3 5
5 5 5 6 89.87
1 3 3 5 5
5 5 5 123.14 1
3 3 4 7 7
7 7 140.62 1 3
3 4 6 7 7
7 141.09 1 3 3
4 6 6 7 7
144.56 1 3 3 4
6 6 6 7 141.81
1 3 3 4 6
6 6 6 125.23 1
3 3 4 5 7
7 7 143.97 1 3
3 4 5 6 7
7 143.76 1 3 3
4 5 6 6 7
146.47 1 3 3 4
5 6 6 6 128.17
1 3 3 4 5
5 7 7 146.83 1
3 3 4 5 5
6 7 146.64 1 3
3 4 5 5 6
6 125.34 1 3 3
4 5 5 5 7
144.94 1 3 3 4
5 5 5 6 126.84
1 3 3 4 5
5 5 5 123.9 1
3 3 4 4 7
7 7 141.57 1 3
3 4 4 6 7
7 142.26 1 3 3
4 4 6 6 7
146.82 1 3 3 4
4 6 6 6 126.66
1 3 3 4 4
5 7 7 146.66 1
3 3 4 4 5
6 7 145.7 1 3
3 4 4 5 6
6 131.15 1 3 3
4 4 5 5 7
149.75 1 3 3 4
4 5 5 6 127.56
1 3 3 4 4
5 5 5 126.57 1
3 3 4 4 4
7 7 145.24 1 3
3 4 4 4 6
7 145.81 1 3 3
4 4 4 6 6
129.5 1 3 3 4
4 4 5 7 148.55
1 3 3 4 4
4 5 6 132.46 1
3 3 4 4 4
5 5 127.37 1 3
3 4 4 4 4
7 145.22 1 3 3
4 4 4 4 6
129.54 1 3 3 4
4 4 4 5 125.17
1 3 3 4 4
4 4 4 111.65 1
3 3 3 7 7
7 7 128.66 1 3
3 3 6 7 7
7 129.84 1 3 3
3 6 6 7 7
130.26 1 3 3 3
6 6 6 7 129.33
1 3 3 3 6
6 6 6 110.99 1
3 3 3 5 7
7 7 128.5 1 3
3 3 5 6 7
7 129.88 1 3 3
3 5 6 6 7
130.35 1 3 3 3
5 6 6 6 111.56
1 3 3 3 5
5 7 7 130.61 1
3 3 3 5 5
6 7 130.67 1 3
3 3 5 5 6
6 111.2 1 3 3
3 5 5 5 7
130.17 1 3 3 3
5 5 5 6 92.6
1 3 3 3 5
5 5 5 128.34 1
3 3 3 4 7
7 7 145.58 1 3
3 3 4 6 7
7 147.68 1 3 3
3 4 6 6 7
146.39 1 3 3 3
4 6 6 6 129.41
1 3 3 3 4
5 7 7 147.53 1
3 3 3 4 5
6 7 147.39 1 3
3 3 4 5 6
6 128.86 1 3 3
3 4 5 5 7
147.54 1 3 3 3
4 5 5 6 129.17
1 3 3 3 4
5 5 5 131.08 1
3 3 3 4 4
7 7 147.79 1 3
3 3 4 4 6
7 148.99 1 3 3
3 4 4 6 6
129.33 1 3 3 3
4 4 5 7 148.52
1 3 3 3 4
4 5 6 130.97 1
3 3 3 4 4
5 5 133.35 1 3
3 3 4 4 4
7 149.35 1 3 3
3 4 4 4 6
132.21 1 3 3 3
4 4 4 5 133.12
1 3 3 3 4
4 4 4 110.7 1
3 3 3 3 7
7 7 127.76 1 3
3 3 3 6 7
7 126.19 1 3 3
3 3 6 6 7
130.21 1 3 3 3
3 6 6 6 108.05
1 3 3 3 3
5 7 7 127.25 1
3 3 3 3 5
6 7 123.8 1 3
3 3 3 5 6
6 111.31 1 3 3
3 3 5 5 7
130.19 1 3 3 3
3 5 5 6 92.24
1 3 3 3 3
5 5 5 129.05 1
3 3 3 3 4
7 7 146.38 1 3
3 3 3 4 6
7 143.13 1 3 3
3 3 4 6 6
125.84 1 3 3 3
3 4 5 7 145.02
1 3 3 3 3
4 5 6 127.63 1
3 3 3 3 4
5 5 130.45 1 3
3 3 3 4 4
7 147.28 1 3 3
3 3 4 4 6
127.31 1 3 3 3
3 4 4 5 131.62
1 3 3 3 3
4 4 4 108.76 1
3 3 3 3 3
7 7 125.21 1 3
3 3 3 3 6
7 124.99 1 3 3
3 3 3 6 6
109.14 1 3 3 3
3 3 5 7 124.99
1 3 3 3 3
3 5 6 93.08 1
3 3 3 3 3
5 5 127.4 1 3
3 3 3 3 4
7 143.82 1 3 3
3 3 3 4 6
125.96 1 3 3 3
3 3 4 5 128.45
1 3 3 3 3
3 4 4 107.54 1
3 3 3 3 3
3 7 124.92 1 3
3 3 3 3 3
6 89.44 1 3 3
3 3 3 3 5
124.92 1 3 3 3
3 3 3 4 89.79
1 3 3 3 3
3 3 3 104.81 1
2 7 7 7 7
7 7 121.5 1 2
6 7 7 7 7
7 124.68 1 2 6
6 7 7 7 7
127.22 1 2 6 6
6 7 7 7 127.57
1 2 6 6 6
6 7 7 124.94 1
2 6 6 6 6
6 7 125.54 1 2
6 6 6 6 6
6 122.18 1 2 5
7 7 7 7 7
137.21 1 2 5 6
7 7 7 7 140.65
1 2 5 6 6
7 7 7 143.28 1
2 5 6 6 6
7 7 143.97 1 2
5 6 6 6 6
7 140.58 1 2 5
6 6 6 6 6
124.98 1 2 5 5
7 7 7 7 141.24
1 2 5 5 6
7 7 7 143.84 1
2 5 5 6 6
7 7 146.55 1 2
5 5 6 6 6
7 147.05 1 2 5
5 6 6 6 6
126.84 1 2 5 5
5 7 7 7 143.31
1 2 5 5 5
6 7 7 146.83 1
2 5 5 5 6
6 7 148.02 1 2
5 5 5 6 6
6 128.18 1 2 5
5 5 5 7 7
143.59 1 2 5 5
5 5 6 7 147.04
1 2 5 5 5
5 6 6 125.31 1
2 5 5 5 5
5 7 140.73 1 2
5 5 5 5 5
6 124.52 1 2 5
5 5 5 5 5
104.95 1 2 4 7
7 7 7 7 122.62
1 2 4 6 7
7 7 7 125.09 1
2 4 6 6 7
7 7 127.97 1 2
4 6 6 6 7
7 128.2 1 2 4
6 6 6 6 7
125.08 1 2 4 6
6 6 6 6 123.6
1 2 4 5 7
7 7 7 140.39 1
2 4 5 6 7
7 7 142.32 1 2
4 5 6 6 7
7 144.95 1 2 4
5 6 6 6 7
145.63 1 2 4 5
6 6 6 6 125.46
1 2 4 5 5
7 7 7 142.2 1
2 4 5 5 6
7 7 144.18 1 2
4 5 5 6 6
7 146.27 1 2 4
5 5 6 6 6
127.07 1 2 4 5
5 5 7 7 144.66
1 2 4 5 5
5 6 7 146.4 1
2 4 5 5 5
6 6 126.97 1 2
4 5 5 5 5
7 145.18 1 2 4
5 5 5 5 6
125.18 1 2 4 5
5 5 5 5 109.34
1 2 4 4 7
7 7 7 126.32 1
2 4 4 6 7
7 7 128.9 1 2
4 4 6 6 7
7 131.28 1 2 4
4 6 6 6 7
131.96 1 2 4 4
6 6 6 6 126.21
1 2 4 4 5
7 7 7 143.95 1
2 4 4 5 6
7 7 145.28 1 2
4 4 5 6 6
7 147.75 1 2 4
4 5 6 6 6
129.29 1 2 4 4
5 5 7 7 146.45
1 2 4 4 5
5 6 7 148.32 1
2 4 4 5 5
6 6 130.67 1 2
4 4 5 5 5
7 148.72 1 2 4
4 5 5 5 6
131.92 1 2 4 4
5 5 5 5 108.97
1 2 4 4 4
7 7 7 127.6 1
2 4 4 4 6
7 7 128.8 1 2
4 4 4 6 6
7 130.56 1 2 4
4 4 6 6 6
127.29 1 2 4 4
4 5 7 7 145.06
1 2 4 4 4
5 6 7 147.4 1
2 4 4 4 5
6 6 128.9 1 2
4 4 4 5 5
7 145.26 1 2 4
4 4 5 5 6
131.6 1 2 4 4
4 5 5 5 107.37
1 2 4 4 4
4 7 7 124.66 1
2 4 4 4 4
6 7 126.75 1 2
4 4 4 4 6
6 125.33 1 2 4
4 4 4 5 7
142.92 1 2 4 4
4 4 5 6 126.34
1 2 4 4 4
4 5 5 107.8 1
2 4 4 4 4
4 7 125.08 1 2
4 4 4 4 4
6 125.25 1 2 4
4 4 4 4 5
87.62 1 2 4 4
4 4 4 4 154.05
1 2 3 7 7
7 7 7 153.89 1
2 3 6 7 7
7 7 159.18 1 2
3 6 6 7 7
7 159.66 1 2 3
6 6 6 7 7
157.32 1 2 3 6
6 6 6 7 157.42
1 2 3 6 6
6 6 6 155.1 1
2 3 5 7 7
7 7 157.14 1 2
3 5 6 7 7
7 160.75 1 2 3
5 6 6 7 7
161.44 1 2 3 5
6 6 6 7 158.54
1 2 3 5 6
6 6 6 158.28 1
2 3 5 5 7
7 7 160.7 1 2
3 5 5 6 7
7 163.94 1 2 3
5 5 6 6 7
164.3 1 2 3 5
5 6 6 6 159.21
1 2 3 5 5
5 7 7 160.21 1
2 3 5 5 5
6 7 164.84 1 2
3 5 5 5 6
6 158.14 1 2 3
5 5 5 5 7
158.97 1 2 3 5
5 5 5 6 156.13
1 2 3 5 5
5 5 5 154.77 1
2 3 4 7 7
7 7 156.39 1 2
3 4 6 7 7
7 160.74 1 2 3
4 6 6 7 7
162 1 2 3 4
6 6 6 7 158.12
1 2 3 4 6
6 6 6 156.67 1
2 3 4 5 7
7 7 156.82 1 2
3 4 5 6 7
7 160.89 1 2 3
4 5 6 6 7
159.89 1 2 3 4
5 6 6 6 160.44
1 2 3 4 5
5 7 7 160.19 1
2 3 4 5 5
6 7 163.97 1 2
3 4 5 5 6
6 160.45 1 2 3
4 5 5 5 7
160.61 1 2 3 4
5 5 5 6 158.06
1 2 3 4 5
5 5 5 159.46 1
2 3 4 4 7
7 7 160.22 1 2
3 4 4 6 7
7 164.12 1 2 3
4 4 6 6 7
163.86 1 2 3 4
4 6 6 6 159.38
1 2 3 4 4
5 7 7 161.43 1
2 3 4 4 5
6 7 166.47 1 2
3 4 4 5 6
6 164.29 1 2 3
4 4 5 5 7
164.46 1 2 3 4
4 5 5 6 165.7
1 2 3 4 4
5 5 5 159.09 1
2 3 4 4 4
7 7 160.48 1 2
3 4 4 4 6
7 165.95 1 2 3
4 4 4 6 6
162.21 1 2 3 4
4 4 5 7 160.75
1 2 3 4 4
4 5 6 164.94 1
2 3 4 4 4
5 5 156.91 1 2
3 4 4 4 4
7 159.65 1 2 3
4 4 4 4 6
159.2 1 2 3 4
4 4 4 5 157.35
1 2 3 4 4
4 4 4 155.26 1
2 3 3 7 7
7 7 159.06 1 2
3 3 6 7 7
7 161.85 1 2 3
3 6 6 7 7
159.44 1 2 3 3
6 6 6 7 160.82
1 2 3 3 6
6 6 6 158.76 1
2 3 3 5 7
7 7 161.04 1 2
3 3 5 6 7
7 164.41 1 2 3
3 5 6 6 7
161.33 1 2 3 3
5 6 6 6 162.03
1 2 3 3 5
5 7 7 163.98 1
2 3 3 5 5
6 7 168.33 1 2
3 3 5 5 6
6 159.37 1 2 3
3 5 5 5 7
161.4 1 2 3 3
5 5 5 6 159.25
1 2 3 3 5
5 5 5 155.39 1
2 3 3 4 7
7 7 159.39 1 2
3 3 4 6 7
7 161.98 1 2 3
3 4 6 6 7
160.34 1 2 3 3
4 6 6 6 158.72
1 2 3 3 4
5 7 7 161.46 1
2 3 3 4 5
6 7 164.64 1 2
3 3 4 5 6
6 161.49 1 2 3
3 4 5 5 7
165.26 1 2 3 3
4 5 5 6 159.67
1 2 3 3 4
5 5 5 159.27 1
2 3 3 4 4
7 7 162.99 1 2
3 3 4 4 6
7 166.55 1 2 3
3 4 4 6 6
162.8 1 2 3 3
4 4 5 7 165.45
1 2 3 3 4
4 5 6 165.94 1
2 3 3 4 4
5 5 159.64 1 2
3 3 4 4 4
7 163.61 1 2 3
3 4 4 4 6
163.6 1 2 3 3
4 4 4 5 157.06
1 2 3 3 4
4 4 4 162.02 1
2 3 3 3 7
7 7 164.25 1 2
3 3 3 6 7
7 165.66 1 2 3
3 3 6 6 7
163.61 1 2 3 3
3 6 6 6 163.18
1 2 3 3 3
5 7 7 164.42 1
2 3 3 3 5
6 7 165.42 1 2
3 3 3 5 6
6 166.14 1 2 3
3 3 5 5 7
164.34 1 2 3 3
3 5 5 6 165.43
1 2 3 3 3
5 5 5 164.25 1
2 3 3 3 4
7 7 164.67 1 2
3 3 3 4 6
7 164.61 1 2 3
3 3 4 6 6
164.53 1 2 3 3
3 4 5 7 164.84
1 2 3 3 3
4 5 6 164.96 1
2 3 3 3 4
5 5 166.31 1 2
3 3 3 4 4
7 168.89 1 2 3
3 3 4 4 6
168.62 1 2 3 3
3 4 4 5 168.13
1 2 3 3 3
4 4 4 163.05 1
2 3 3 3 3
7 7 161.28 1 2
3 3 3 3 6
7 165.97 1 2 3
3 3 3 6 6
162.39 1 2 3 3
3 3 5 7 159.43
1 2 3 3 3
3 5 6 166.17 1
2 3 3 3 3
5 5 161.69 1 2
3 3 3 3 4
7 161.64 1 2 3
3 3 3 4 6
161.71 1 2 3 3
3 3 4 5 166.46
1 2 3 3 3
3 4 4 160.65 1
2 3 3 3 3
3 7 160.76 1 2
3 3 3 3 3
6 160.85 1 2 3
3 3 3 3 5
160.15 1 2 3 3
3 3 3 4 159.77
1 2 3 3 3
3 3 3 104.76 1
2 2 7 7 7
7 7 123.43 1 2
2 6 7 7 7
7 124.39 1 2 2
6 6 7 7 7
127.8 1 2 2 6
6 6 7 7 124.82
1 2 2 6 6
6 6 7 125.33 1
2 2 6 6 6
6 6 123.11 1 2
2 5 7 7 7
7 140.28 1 2 2
5 6 7 7 7
141.04 1 2 2 5
6 6 7 7 144.41
1 2 2 5 6
6 6 7 142.2 1
2 2 5 6 6
6 6 124.6 1 2
2 5 5 7 7
7 141.92 1 2 2
5 5 6 7 7
143.63 1 2 2 5
5 6 6 7 146.76
1 2 2 5 5
6 6 6 126.81 1
2 2 5 5 5
7 7 144.83 1 2
2 5 5 5 6
7 145.54 1 2 2
5 5 5 6 6
126.72 1 2 2 5
5 5 5 7 146.11
1 2 2 5 5
5 5 6 125.33 1
2 2 5 5 5
5 5 107.62 1 2
2 4 7 7 7
7 127.51 1 2 2
4 6 7 7 7
126.99 1 2 2 4
6 6 7 7 129.75
1 2 2 4 6
6 6 7 126.85 1
2 2 4 6 6
6 6 124.68 1 2
2 4 5 7 7
7 144.02 1 2 2
4 5 6 7 7
143.54 1 2 2 4
5 6 6 7 147.7
1 2 2 4 5
6 6 6 127.87 1
2 2 4 5 5
7 7 145.57 1 2
2 4 5 5 6
7 146.62 1 2 2
4 5 5 6 6
129.5 1 2 2 4
5 5 5 7 147.48
1 2 2 4 5
5 5 6 129.81 1
2 2 4 5 5
5 5 111.08 1 2
2 4 4 7 7
7 130.18 1 2 2
4 4 6 7 7
130.3 1 2 2 4
4 6 6 7 133.11
1 2 2 4 4
6 6 6 128.37 1
2 2 4 4 5
7 7 147.16 1 2
2 4 4 5 6
7 147.43 1 2 2
4 4 5 6 6
130.44 1 2 2 4
4 5 5 7 149.45
1 2 2 4 4
5 5 6 132.43 1
2 2 4 4 5
5 5 108.38 1 2
2 4 4 4 7
7 128.51 1 2 2
4 4 4 6 7
126.44 1 2 2 4
4 4 6 6 126.2
1 2 2 4 4
4 5 7 143.9 1
2 2 4 4 4
5 6 127.69 1 2
2 4 4 4 5
5 108.95 1 2 2
4 4 4 4 7
128.46 1 2 2 4
4 4 4 6 126.63
1 2 2 4 4
4 4 5 88.84 1
2 2 4 4 4
4 4 155.11 1 2
2 3 7 7 7
7 158.79 1 2 2
3 6 7 7 7
162.32 1 2 2 3
6 6 7 7 159.72
1 2 2 3 6
6 6 7 160.33 1
2 2 3 6 6
6 6 155.78 1 2
2 3 5 7 7
7 159.82 1 2 2
3 5 6 7 7
161.64 1 2 2 3
5 6 6 7 159.6
1 2 2 3 5
6 6 6 158.94 1
2 2 3 5 5
7 7 164.01 1 2
2 3 5 5 6
7 166.57 1 2 2
3 5 5 6 6
159.22 1 2 2 3
5 5 5 7 163.35
1 2 2 3 5
5 5 6 156.67 1
2 2 3 5 5
5 5 159.42 1 2
2 3 4 7 7
7 161.46 1 2 2
3 4 6 7 7
164.1 1 2 2 3
4 6 6 7 161.61
1 2 2 3 4
6 6 6 159.54 1
2 2 3 4 5
7 7 161.37 1 2
2 3 4 5 6
7 165.3 1 2 2
3 4 5 6 6
162.93 1 2 2 3
4 5 5 7 165.36
1 2 2 3 4
5 5 6 163.67 1
2 2 3 4 5
5 5 163.15 1 2
2 3 4 4 7
7 164.06 1 2 2
3 4 4 6 7
167.93 1 2 2 3
4 4 6 6 162.6
1 2 2 3 4
4 5 7 164.74 1
2 2 3 4 4
5 6 166.27 1 2
2 3 4 4 5
5 159.75 1 2 2
3 4 4 4 7
162.74 1 2 2 3
4 4 4 6 160.47
1 2 2 3 4
4 4 5 160.72 1
2 2 3 4 4
4 4 155.48 1 2
2 3 3 7 7
7 161.32 1 2 2
3 3 6 7 7
158.75 1 2 2 3
3 6 6 7 160.12
1 2 2 3 3
6 6 6 158.46 1
2 2 3 3 5
7 7 164.11 1 2
2 3 3 5 6
7 161.23 1 2 2
3 3 5 6 6
161.41 1 2 2 3
3 5 5 7 167.77
1 2 2 3 3
5 5 6 158.76 1
2 2 3 3 5
5 5 157.43 1 2
2 3 3 4 7
7 164.63 1 2 2
3 3 4 6 7
161.58 1 2 2 3
3 4 6 6 161.28
1 2 2 3 3
4 5 7 166.54 1
2 2 3 3 4
5 6 164.14 1 2
2 3 3 4 5
5 160.79 1 2 2
3 3 4 4 7
167.19 1 2 2 3
3 4 4 6 163.61
1 2 2 3 3
4 4 5 159.36 1
2 2 3 3 4
4 4 163.12 1 2
2 3 3 3 7
7 163.99 1 2 2
3 3 3 6 7
165.84 1 2 2 3
3 3 6 6 163.26
1 2 2 3 3
3 5 7 165.09 1
2 2 3 3 3
5 6 164.48 1 2
2 3 3 3 5
5 167.44 1 2 2
3 3 3 4 7
167.54 1 2 2 3
3 3 4 6 167.53
1 2 2 3 3
3 4 5 169.33 1
2 2 3 3 3
4 4 161.62 1 2
2 3 3 3 3
7 165.26 1 2 2
3 3 3 3 6
159.39 1 2 2 3
3 3 3 5 164.12
1 2 2 3 3
3 3 4 160.79 1
2 2 3 3 3
3 3 110.71 1 2
2 2 7 7 7
7 127.92 1 2 2
2 6 7 7 7
129.8 1 2 2 2
6 6 7 7 129.88
1 2 2 2 6
6 6 7 129.74 1
2 2 2 6 6
6 6 129.01 1 2
2 2 5 7 7
7 144.63 1 2 2
2 5 6 7 7
147.25 1 2 2 2
5 6 6 7 147.09
1 2 2 2 5
6 6 6 130.6 1
2 2 2 5 5
7 7 147.67 1 2
2 2 5 5 6
7 149.97 1 2 2
2 5 5 6 6
132.58 1 2 2 2
5 5 5 7 149.37
1 2 2 2 5
5 5 6 132.95 1
2 2 2 5 5
5 5 110.65 1 2
2 2 4 7 7
7 129.73 1 2 2
2 4 6 7 7
129.79 1 2 2 2
4 6 6 7 129.91
1 2 2 2 4
6 6 6 128.61 1
2 2 2 4 5
7 7 147.69 1 2
2 2 4 5 6
7 147.48 1 2 2
2 4 5 6 6
130.5 1 2 2 2
4 5 5 7 148.76
1 2 2 2 4
5 5 6 133.32 1
2 2 2 4 5
5 5 111.37 1 2
2 2 4 4 7
7 130.46 1 2 2
2 4 4 6 7
129.94 1 2 2 2
4 4 6 6 129.25
1 2 2 2 4
4 5 7 147.6 1
2 2 2 4 4
5 6 130.65 1 2
2 2 4 4 5
5 111.77 1 2 2
2 4 4 4 7
129.69 1 2 2 2
4 4 4 6 129.16
1 2 2 2 4
4 4 5 92.66 1
2 2 2 4 4
4 4 162.97 1 2
2 2 3 7 7
7 163.45 1 2 2
2 3 6 7 7
164.44 1 2 2 2
3 6 6 7 165.08
1 2 2 2 3
6 6 6 163.3 1
2 2 2 3 5
7 7 164.21 1 2
2 2 3 5 6
7 165.55 1 2 2
2 3 5 6 6
166.78 1 2 2 2
3 5 5 7 168.45
1 2 2 2 3
5 5 6 167.29 1
2 2 2 3 5
5 5 164.07 1 2
2 2 3 4 7
7 164.09 1 2 2
2 3 4 6 7
164.45 1 2 2 2
3 4 6 6 163.6
1 2 2 2 3
4 5 7 165.08 1
2 2 2 3 4
5 6 168.22 1 2
2 2 3 4 5
5 165.16 1 2 2
2 3 4 4 7
165.26 1 2 2 2
3 4 4 6 165.61
1 2 2 2 3
4 4 5 163.98 1
2 2 2 3 4
4 4 164.83 1 2
2 2 3 3 7
7 164 1 2 2
2 3 3 6 7
165.13 1 2 2 2
3 3 6 6 168.39
1 2 2 2 3
3 5 7 168.52 1
2 2 2 3 3
5 6 170 1 2
2 2 3 3 5
5 164.84 1 2 2
2 3 3 4 7
164.2 1 2 2 2
3 3 4 6 167.02
1 2 2 2 3
3 4 5 163.74 1
2 2 2 3 3
4 4 170.68 1 2
2 2 3 3 3
7 170.15 1 2 2
2 3 3 3 6
171.1 1 2 2 2
3 3 3 5 169.4
1 2 2 2 3
3 3 4 170.46 1
2 2 2 3 3
3 3 110.06 1 2
2 2 2 7 7
7 127.77 1 2 2
2 2 6 7 7
126.29 1 2 2 2
2 6 6 7 128.99
1 2 2 2 2
6 6 6 127.78 1
2 2 2 2 5
7 7 145.35 1 2
2 2 2 5 6
7 144.51 1 2 2
2 2 5 6 6
130.29 1 2 2 2
2 5 5 7 147.66
1 2 2 2 2
5 5 6 131.68 1
2 2 2 2 5
5 5 107.96 1 2
2 2 2 4 7
7 127.67 1 2 2
2 2 4 6 7
124.7 1 2 2 2
2 4 6 6 124.92
1 2 2 2 2
4 5 7 144.54 1
2 2 2 2 4
5 6 127.63 1 2
2 2 2 4 5
5 111.51 1 2 2
2 2 4 4 7
130.07 1 2 2 2
2 4 4 6 128.87
1 2 2 2 2
4 4 5 92.46 1
2 2 2 2 4
4 4 162.35 1 2
2 2 2 3 7
7 162.49 1 2 2
2 2 3 6 7
165.2 1 2 2 2
2 3 6 6 162.39
1 2 2 2 2
3 5 7 162.14 1
2 2 2 2 3
5 6 166.75 1 2
2 2 2 3 5
5 162.06 1 2 2
2 2 3 4 7
159.53 1 2 2 2
2 3 4 6 162.19
1 2 2 2 2
3 4 5 166.23 1
2 2 2 2 3
4 4 161.4 1 2
2 2 2 3 3
7 165.45 1 2 2
2 2 3 3 6
164.1 1 2 2 2
2 3 3 5 159.19
1 2 2 2 2
3 3 4 171.16 1
2 2 2 2 3
3 3 109.5 1 2
2 2 2 2 7
7 125.01 1 2 2
2 2 2 6 7
124.54 1 2 2 2
2 2 6 6 126.74
1 2 2 2 2
2 5 7 143.08 1
2 2 2 2 2
5 6 128.49 1 2
2 2 2 2 5
5 109.35 1 2 2
2 2 2 4 7
124.37 1 2 2 2
2 2 4 6 126.62
1 2 2 2 2
2 4 5 93.02 1
2 2 2 2 2
4 4 161.13 1 2
2 2 2 2 3
7 160.5 1 2 2
2 2 2 3 6
161.01 1 2 2 2
2 2 3 5 161.18
1 2 2 2 2
2 3 4 161.09 1
2 2 2 2 2
3 3 106.77 1 2
2 2 2 2 2
7 125.19 1 2 2
2 2 2 2 6
125.19 1 2 2 2
2 2 2 5 89.42
1 2 2 2 2
2 2 4 160.59 1
2 2 2 2 2
2 3 89.92 1 2
2 2 2 2 2
2 69.49 1 1 7
7 7 7 7 7
89.25 1 1 6 7
7 7 7 7 88.77
1 1 6 6 7
7 7 7 92.94 1
1 6 6 6 7
7 7 91.58 1 1
6 6 6 6 7
7 92.84 1 1 6
6 6 6 6 7
89.51 1 1 6 6
6 6 6 6 89.35
1 1 5 7 7
7 7 7 108.86 1
1 5 6 7 7
7 7 108.82 1 1
5 6 6 7 7
7 111.81 1 1 5
6 6 6 7 7
111.82 1 1 5 6
6 6 6 7 112.47
1 1 5 6 6
6 6 6 88.85 1
1 5 5 7 7
7 7 107.78 1 1
5 5 6 7 7
7 107.38 1 1 5
5 6 6 7 7
111.46 1 1 5 5
6 6 6 7 110.64
1 1 5 5 6
6 6 6 91.78 1
1 5 5 5 7
7 7 111.54 1 1
5 5 5 6 7
7 112.1 1 1 5
5 5 6 6 7
114.99 1 1 5 5
5 6 6 6 88.28
1 1 5 5 5
5 7 7 108.27 1
1 5 5 5 5
6 7 108.24 1 1
5 5 5 5 6
6 89.98 1 1 5
5 5 5 5 7
109.1 1 1 5 5
5 5 5 6 69.7
1 1 5 5 5
5 5 5 88.46 1
1 4 7 7 7
7 7 108.17 1 1
4 6 7 7 7
7 109.52 1 1 4
6 6 7 7 7
112.27 1 1 4 6
6 6 7 7 111.72
1 1 4 6 6
6 6 7 112.36 1
1 4 6 6 6
6 6 106.88 1 1
4 5 7 7 7
7 126.66 1 1 4
5 6 7 7 7
126.15 1 1 4 5
6 6 7 7 129.59
1 1 4 5 6
6 6 7 128.75 1
1 4 5 6 6
6 6 108.24 1 1
4 5 5 7 7
7 127.09 1 1 4
5 5 6 7 7
128.13 1 1 4 5
5 6 6 7 130.66
1 1 4 5 5
6 6 6 110.99 1
1 4 5 5 5
7 7 130.86 1 1
4 5 5 5 6
7 130.8 1 1 4
5 5 5 6 6
108.4 1 1 4 5
5 5 5 7 127.96
1 1 4 5 5
5 5 6 109.18 1
1 4 5 5 5
5 5 88.74 1 1
4 4 7 7 7
7 108.6 1 1 4
4 6 7 7 7
108.18 1 1 4 4
6 6 7 7 111.45
1 1 4 4 6
6 6 7 111.15 1
1 4 4 6 6
6 6 108.06 1 1
4 4 5 7 7
7 127.02 1 1 4
4 5 6 7 7
127.74 1 1 4 4
5 6 6 7 131.13
1 1 4 4 5
6 6 6 107.47 1
1 4 4 5 5
7 7 126.9 1 1
4 4 5 5 6
7 127.54 1 1 4
4 5 5 6 6
110.62 1 1 4 4
5 5 5 7 129.27
1 1 4 4 5
5 5 6 107.54 1
1 4 4 5 5
5 5 91.81 1 1
4 4 4 7 7
7 112.13 1 1 4
4 4 6 7 7
111.51 1 1 4 4
4 6 6 7 115.46
1 1 4 4 4
6 6 6 111.45 1
1 4 4 4 5
7 7 130.71 1 1
4 4 4 5 6
7 130.54 1 1 4
4 4 5 6 6
110.95 1 1 4 4
4 5 5 7 129.9
1 1 4 4 4
5 5 6 114.18 1
1 4 4 4 5
5 5 88.09 1 1
4 4 4 4 7
7 108.85 1 1 4
4 4 4 6 7
108.37 1 1 4 4
4 4 6 6 108.64
1 1 4 4 4
4 5 7 127.05 1
1 4 4 4 4
5 6 107.53 1 1
4 4 4 4 5
5 89.64 1 1 4
4 4 4 4 7
109.09 1 1 4 4
4 4 4 6 109.12
1 1 4 4 4
4 4 5 69.66 1
1 4 4 4 4
4 4 105.47 1 1
3 7 7 7 7
7 122.83 1 1 3
6 7 7 7 7
124.36 1 1 3 6
6 7 7 7 127.29
1 1 3 6 6
6 7 7 127.22 1
1 3 6 6 6
6 7 124.6 1 1
3 6 6 6 6
6 107.92 1 1 3
5 7 7 7 7
124.6 1 1 3 5
6 7 7 7 126.72
1 1 3 5 6
6 7 7 129.46 1
1 3 5 6 6
6 7 129.46 1 1
3 5 6 6 6
6 111.57 1 1 3
5 5 7 7 7
128.33 1 1 3 5
5 6 7 7 130.86
1 1 3 5 5
6 6 7 132.39 1
1 3 5 5 6
6 6 108.6 1 1
3 5 5 5 7
7 126.25 1 1 3
5 5 5 6 7
127.9 1 1 3 5
5 5 6 6 108.96
1 1 3 5 5
5 5 7 126.58 1
1 3 5 5 5
5 6 89.92 1 1
3 5 5 5 5
5 123.15 1 1 3
4 7 7 7 7
139.97 1 1 3 4
6 7 7 7 142.31
1 1 3 4 6
6 7 7 145.09 1
1 3 4 6 6
6 7 146.13 1 1
3 4 6 6 6
6 126.71 1 1 3
4 5 7 7 7
144.86 1 1 3 4
5 6 7 7 147.33
1 1 3 4 5
6 6 7 147.75 1
1 3 4 5 6
6 6 129.37 1 1
3 4 5 5 7
7 147.54 1 1 3
4 5 5 6 7
148 1 1 3 4
5 5 6 6 127.66
1 1 3 4 5
5 5 7 145.04 1
1 3 4 5 5
5 6 128.18 1 1
3 4 5 5 5
5 124.2 1 1 3
4 4 7 7 7
141.2 1 1 3 4
4 6 7 7 143.36
1 1 3 4 4
6 6 7 145.86 1
1 3 4 4 6
6 6 126.22 1 1
3 4 4 5 7
7 144.4 1 1 3
4 4 5 6 7
145.35 1 1 3 4
4 5 6 6 128.85
1 1 3 4 4
5 5 7 146.62 1
1 3 4 4 5
5 6 127.36 1 1
3 4 4 5 5
5 127.58 1 1 3
4 4 4 7 7
144.76 1 1 3 4
4 4 6 7 146.72
1 1 3 4 4
4 6 6 130.04 1
1 3 4 4 4
5 7 147.09 1 1
3 4 4 4 5
6 133.16 1 1 3
4 4 4 5 5
123.82 1 1 3 4
4 4 4 7 142.6
1 1 3 4 4
4 4 6 126.97 1
1 3 4 4 4
4 5 124.93 1 1
3 4 4 4 4
4 104.73 1 1 3
3 7 7 7 7
123.77 1 1 3 3
6 7 7 7 122.59
1 1 3 3 6
6 7 7 126.13 1
1 3 3 6 6
6 7 123.62 1 1
3 3 6 6 6
6 110.5 1 1 3
3 5 7 7 7
129.17 1 1 3 3
5 6 7 7 129.46
1 1 3 3 5
6 6 7 132.93 1
1 3 3 5 6
6 6 107.34 1 1
3 3 5 5 7
7 126.09 1 1 3
3 5 5 6 7
125.34 1 1 3 3
5 5 6 6 108.71
1 1 3 3 5
5 5 7 128.62 1
1 3 3 5 5
5 6 89.3 1 1
3 3 5 5 5
5 125.22 1 1 3
3 4 7 7 7
143.44 1 1 3 3
4 6 7 7 142.65
1 1 3 3 4
6 6 7 146.81 1
1 3 3 4 6
6 6 129.81 1 1
3 3 4 5 7
7 149.77 1 1 3
3 4 5 6 7
148.42 1 1 3 3
4 5 6 6 127.58
1 1 3 3 4
5 5 7 146.32 1
1 3 3 4 5
5 6 128.32 1 1
3 3 4 5 5
5 122.92 1 1 3
3 4 4 7 7
142.68 1 1 3 3
4 4 6 7 142.36
1 1 3 3 4
4 6 6 129.85 1
1 3 3 4 4
5 7 149 1 1
3 3 4 4 5
6 125.92 1 1 3
3 4 4 5 5
126.96 1 1 3 3
4 4 4 7 146.41
1 1 3 3 4
4 4 6 133.26 1
1 3 3 4 4
4 5 122.9 1 1
3 3 4 4 4
4 110.76 1 1 3
3 3 7 7 7
127.85 1 1 3 3
3 6 7 7 129.91
1 1 3 3 3
6 6 7 129.37 1
1 3 3 3 6
6 6 110.73 1 1
3 3 3 5 7
7 128.44 1 1 3
3 3 5 6 7
129.83 1 1 3 3
3 5 6 6 111.76
1 1 3 3 3
5 5 7 129.94 1
1 3 3 3 5
5 6 92.56 1 1
3 3 3 5 5
5 130.38 1 1 3
3 3 4 7 7
149.04 1 1 3 3
3 4 6 7 148.48
1 1 3 3 3
4 6 6 130.96 1
1 3 3 3 4
5 7 148.6 1 1
3 3 3 4 5
6 129.95 1 1 3
3 3 4 5 5
129.11 1 1 3 3
3 4 4 7 147.75
1 1 3 3 3
4 4 6 129.55 1
1 3 3 3 4
4 5 133.05 1 1
3 3 3 4 4
4 106.46 1 1 3
3 3 3 7 7
126.14 1 1 3 3
3 3 6 7 122.95
1 1 3 3 3
3 6 6 111.38 1
1 3 3 3 3
5 7 130.8 1 1
3 3 3 3 5
6 92.12 1 1 3
3 3 3 5 5
126 1 1 3 3
3 3 4 7 146.42
1 1 3 3 3
3 4 6 131.04 1
1 3 3 3 3
4 5 125.75 1 1
3 3 3 3 4
4 109.5 1 1 3
3 3 3 3 7
124.12 1 1 3 3
3 3 3 6 92.81
1 1 3 3 3
3 3 5 128.3 1
1 3 3 3 3
3 4 89.24 1 1
3 3 3 3 3
3 105.27 1 1 2
7 7 7 7 7
122.57 1 1 2 6
7 7 7 7 125.27
1 1 2 6 6
7 7 7 126.86 1
1 2 6 6 6
7 7 127.72 1 1
2 6 6 6 6
7 124.41 1 1 2
6 6 6 6 6
122.97 1 1 2 5
7 7 7 7 140.55
1 1 2 5 6
7 7 7 141.66 1
1 2 5 6 6
7 7 145.45 1 1
2 5 6 6 6
7 146.19 1 1 2
5 6 6 6 6
124.52 1 1 2 5
5 7 7 7 140.87
1 1 2 5 5
6 7 7 142.8 1
1 2 5 5 6
6 7 145.82 1 1
2 5 5 6 6
6 127.21 1 1 2
5 5 5 7 7
144.74 1 1 2 5
5 5 6 7 145.65
1 1 2 5 5
5 6 6 124.46 1
1 2 5 5 5
5 7 142.42 1 1
2 5 5 5 5
6 125.29 1 1 2
5 5 5 5 5
108.46 1 1 2 4
7 7 7 7 124.9
1 1 2 4 6
7 7 7 127.08 1
1 2 4 6 6
7 7 129.42 1 1
2 4 6 6 6
7 129.9 1 1 2
4 6 6 6 6
127.21 1 1 2 4
5 7 7 7 144.91
1 1 2 4 5
6 7 7 146.4 1
1 2 4 5 6
6 7 148.81 1 1
2 4 5 6 6
6 125.79 1 1 2
4 5 5 7 7
144.85 1 1 2 4
5 5 6 7 145.97
1 1 2 4 5
5 6 6 129.75 1
1 2 4 5 5
5 7 146.97 1 1
2 4 5 5 5
6 126.05 1 1 2
4 5 5 5 5
110.72 1 1 2 4
4 7 7 7 128.48
1 1 2 4 4
6 7 7 131.11 1
1 2 4 4 6
6 7 132.85 1 1
2 4 4 6 6
6 130.49 1 1 2
4 4 5 7 7
147.36 1 1 2 4
4 5 6 7 149.46
1 1 2 4 4
5 6 6 128.76 1
1 2 4 4 5
5 7 147.28 1 1
2 4 4 5 5
6 133.4 1 1 2
4 4 5 5 5
108.28 1 1 2 4
4 4 7 7 125.88
1 1 2 4 4
4 6 7 127.09 1
1 2 4 4 4
6 6 127.31 1 1
2 4 4 4 5
7 145.5 1 1 2
4 4 4 5 6
126.38 1 1 2 4
4 4 5 5 108.82
1 1 2 4 4
4 4 7 127.13 1
1 2 4 4 4
4 6 128.27 1 1
2 4 4 4 4
5 88.83 1 1 2
4 4 4 4 4
155.16 1 1 2 3
7 7 7 7 155.51
1 1 2 3 6
7 7 7 158.4 1
1 2 3 6 6
7 7 159.41 1 1
2 3 6 6 6
7 158.39 1 1 2
3 6 6 6 6
159.16 1 1 2 3
5 7 7 7 158.85
1 1 2 3 5
6 7 7 163.41 1
1 2 3 5 6
6 7 162.93 1 1
2 3 5 6 6
6 161.52 1 1 2
3 5 5 7 7
161.25 1 1 2 3
5 5 6 7 165.42
1 1 2 3 5
5 6 6 159.93 1
1 2 3 5 5
5 7 158.84 1 1
2 3 5 5 5
6 160.37 1 1 2
3 5 5 5 5
158.8 1 1 2 3
4 7 7 7 159.1
1 1 2 3 4
6 7 7 163.06 1
1 2 3 4 6
6 7 163.18 1 1
2 3 4 6 6
6 160.19 1 1 2
3 4 5 7 7
162.15 1 1 2 3
4 5 6 7 165.65
1 1 2 3 4
5 6 6 163.95 1
1 2 3 4 5
5 7 165.48 1 1
2 3 4 5 5
6 161.56 1 1 2
3 4 5 5 5
162.23 1 1 2 3
4 4 7 7 161.88
1 1 2 3 4
4 6 7 165.92 1
1 2 3 4 4
6 6 164.87 1 1
2 3 4 4 5
7 164.39 1 1 2
3 4 4 5 6
166.98 1 1 2 3
4 4 5 5 160.53
1 1 2 3 4
4 4 7 159.88 1
1 2 3 4 4
4 6 161.08 1 1
2 3 4 4 4
5 160.3 1 1 2
3 4 4 4 4
156.18 1 1 2 3
3 7 7 7 158.57
1 1 2 3 3
6 7 7 161.07 1
1 2 3 3 6
6 7 159.07 1 1
2 3 3 6 6
6 161.38 1 1 2
3 3 5 7 7
163.24 1 1 2 3
3 5 6 7 166.82
1 1 2 3 3
5 6 6 158.73 1
1 2 3 3 5
5 7 160.64 1 1
2 3 3 5 5
6 161.04 1 1 2
3 3 5 5 5
158.38 1 1 2 3
3 4 7 7 160.36
1 1 2 3 3
4 6 7 163.42 1
1 2 3 3 4
6 6 164.96 1 1
2 3 3 4 5
7 167.33 1 1 2
3 3 4 5 6
161.9 1 1 2 3
3 4 5 5 160.7
1 1 2 3 3
4 4 7 163.98 1
1 2 3 3 4
4 6 168.13 1 1
2 3 3 4 4
5 158.1 1 1 2
3 3 4 4 4
164.69 1 1 2 3
3 3 7 7 163.55
1 1 2 3 3
3 6 7 164.9 1
1 2 3 3 3
6 6 165.09 1 1
2 3 3 3 5
7 164.8 1 1 2
3 3 3 5 6
165.75 1 1 2 3
3 3 5 5 166.71
1 1 2 3 3
3 4 7 166.26 1
1 2 3 3 3
4 6 166.78 1 1
2 3 3 3 4
5 170.48 1 1 2
3 3 3 4 4
160.74 1 1 2 3
3 3 3 7 158.77
1 1 2 3 3
3 3 6 165.19 1
1 2 3 3 3
3 5 163.42 1 1
2 3 3 3 3
4 159.63 1 1 2
3 3 3 3 3
105.31 1 1 2 2
7 7 7 7 123.71
1 1 2 2 6
7 7 7 122.57 1
1 2 2 6 6
7 7 127.04 1 1
2 2 6 6 6
7 123.52 1 1 2
2 6 6 6 6
124.32 1 1 2 2
5 7 7 7 143.08
1 1 2 2 5
6 7 7 141.9 1
1 2 2 5 6
6 7 146.14 1 1
2 2 5 6 6
6 123.16 1 1 2
2 5 5 7 7
142.78 1 1 2 2
5 5 6 7 141.87
1 1 2 2 5
5 6 6 126.82 1
1 2 2 5 5
5 7 146.45 1 1
2 2 5 5 5
6 123.62 1 1 2
2 5 5 5 5
110.69 1 1 2 2
4 7 7 7 130.16
1 1 2 2 4
6 7 7 129.5 1
1 2 2 4 6
6 7 132.9 1 1
2 2 4 6 6
6 129.79 1 1 2
2 4 5 7 7
148.62 1 1 2 2
4 5 6 7 148
1 1 2 2 4
5 6 6 129.4 1
1 2 2 4 5
5 7 149.43 1 1
2 2 4 5 5
6 132.85 1 1 2
2 4 5 5 5
107.07 1 1 2 2
4 4 7 7 127.09
1 1 2 2 4
4 6 7 126.22 1
1 2 2 4 4
6 6 127.46 1 1
2 2 4 4 5
7 146.59 1 1 2
2 4 4 5 6
125.8 1 1 2 2
4 4 5 5 109.43
1 1 2 2 4
4 4 7 129.74 1
1 2 2 4 4
4 6 128.05 1 1
2 2 4 4 4
5 88.97 1 1 2
2 4 4 4 4
156.91 1 1 2 2
3 7 7 7 157.81
1 1 2 2 3
6 7 7 161.31 1
1 2 2 3 6
6 7 159.49 1 1
2 2 3 6 6
6 157.77 1 1 2
2 3 5 7 7
160.34 1 1 2 2
3 5 6 7 164.18
1 1 2 2 3
5 6 6 161.94 1
1 2 2 3 5
5 7 165.33 1 1
2 2 3 5 5
6 159.77 1 1 2
2 3 5 5 5
161.97 1 1 2 2
3 4 7 7 164.81
1 1 2 2 3
4 6 7 169.12 1
1 2 2 3 4
6 6 164.98 1 1
2 2 3 4 5
7 167.86 1 1 2
2 3 4 5 6
167.21 1 1 2 2
3 4 5 5 157.67
1 1 2 2 3
4 4 7 161.3 1
1 2 2 3 4
4 6 161.75 1 1
2 2 3 4 4
5 160.89 1 1 2
2 3 4 4 4
154.35 1 1 2 2
3 3 7 7 161.18
1 1 2 2 3
3 6 7 157 1
1 2 2 3 3
6 6 160.66 1 1
2 2 3 3 5
7 166.28 1 1 2
2 3 3 5 6
157.29 1 1 2 2
3 3 5 5 160.86
1 1 2 2 3
3 4 7 167.21 1
1 2 2 3 3
4 6 167.2 1 1
2 2 3 3 4
5 157.61 1 1 2
2 3 3 4 4
163.69 1 1 2 2
3 3 3 7 163.51
1 1 2 2 3
3 3 6 163.64 1
1 2 2 3 3
3 5 170.72 1 1
2 2 3 3 3
4 156.95 1 1 2
2 3 3 3 3
110.77 1 1 2 2
2 7 7 7 129.08
1 1 2 2 2
6 7 7 129.87 1
1 2 2 2 6
6 7 130 1 1
2 2 2 6 6
6 129.75 1 1 2
2 2 5 7 7
148.02 1 1 2 2
2 5 6 7 149.11
1 1 2 2 2
5 6 6 128.84 1
1 2 2 2 5
5 7 148.72 1 1
2 2 2 5 5
6 132.93 1 1 2
2 2 5 5 5
111 1 1 2 2
2 4 7 7 129.53
1 1 2 2 2
4 6 7 129.02 1
1 2 2 2 4
6 6 130.59 1 1
2 2 2 4 5
7 148.23 1 1 2
2 2 4 5 6
129.43 1 1 2 2
2 4 5 5 111.42
1 1 2 2 2
4 4 7 129.75 1
1 2 2 2 4
4 6 131.37 1 1
2 2 2 4 4
5 92.49 1 1 2
2 2 4 4 4
164.85 1 1 2 2
2 3 7 7 165.04
1 1 2 2 2
3 6 7 164.89 1
1 2 2 2 3
6 6 166.48 1 1
2 2 2 3 5
7 165.8 1 1 2
2 2 3 5 6
170.16 1 1 2 2
2 3 5 5 163.91
1 1 2 2 2
3 4 7 164.75 1
1 2 2 2 3
4 6 166.08 1 1
2 2 2 3 4
5 166.19 1 1 2
2 2 3 4 4
163.86 1 1 2 2
2 3 3 7 164.06
1 1 2 2 2
3 3 6 171.25 1
1 2 2 2 3
3 5 163.63 1 1
2 2 2 3 3
4 170.29 1 1 2
2 2 3 3 3
106.86 1 1 2 2
2 2 7 7 127.55
1 1 2 2 2
2 6 7 124.12 1
1 2 2 2 2
6 6 127.19 1 1
2 2 2 2 5
7 146.98 1 1 2
2 2 2 5 6
126.2 1 1 2 2
2 2 5 5 111.13
1 1 2 2 2
2 4 7 130.81 1
1 2 2 2 2
4 6 131.56 1 1
2 2 2 2 4
5 91.85 1 1 2
2 2 2 4 4
161.59 1 1 2 2
2 2 3 7 158.99
1 1 2 2 2
2 3 6 163.5 1
1 2 2 2 2
3 5 165.31 1 1
2 2 2 2 3
4 157.74 1 1 2
2 2 2 3 3
109.3 1 1 2 2
2 2 2 7 125.39
1 1 2 2 2
2 2 6 128.55 1
1 2 2 2 2
2 5 92.84 1 1
2 2 2 2 2
4 161.45 1 1 2
2 2 2 2 3
89.08 1 1 2 2
2 2 2 2 73.11
1 1 1 7 7
7 7 7 92.34 1
1 1 6 7 7
7 7 92.26 1 1
1 6 6 7 7
7 96.23 1 1 1
6 6 6 7 7
95.57 1 1 1 6
6 6 6 7 96.37
1 1 1 6 6
6 6 6 91.56 1
1 1 5 7 7
7 7 111.04 1 1
1 5 6 7 7
7 111.71 1 1 1
5 6 6 7 7
114.38 1 1 1 5
6 6 6 7 113.65
1 1 1 5 6
6 6 6 92.19 1
1 1 5 5 7
7 7 111.59 1 1
1 5 5 6 7
7 111.17 1 1 1
5 5 6 6 7
115.35 1 1 1 5
5 6 6 6 91.79
1 1 1 5 5
5 7 7 111.18 1
1 1 5 5 5
6 7 111.74 1 1
1 5 5 5 6
6 92.15 1 1 1
5 5 5 5 7
111.46 1 1 1 5
5 5 5 6 72.91
1 1 1 5 5
5 5 5 91.68 1
1 1 4 7 7
7 7 111.05 1 1
1 4 6 7 7
7 111.24 1 1 1
4 6 6 7 7
114.94 1 1 1 4
6 6 6 7 113.92
1 1 1 4 6
6 6 6 108.19 1
1 1 4 5 7
7 7 127.96 1 1
1 4 5 6 7
7 128.74 1 1 1
4 5 6 6 7
132.18 1 1 1 4
5 6 6 6 109.55
1 1 1 4 5
5 7 7 129.62 1
1 1 4 5 5
6 7 129.81 1 1
1 4 5 5 6
6 110.18 1 1 1
4 5 5 5 7
130.21 1 1 1 4
5 5 5 6 110.04
1 1 1 4 5
5 5 5 92.2 1
1 1 4 4 7
7 7 111.19 1 1
1 4 4 6 7
7 112.27 1 1 1
4 4 6 6 7
115.25 1 1 1 4
4 6 6 6 110.81
1 1 1 4 4
5 7 7 129.48 1
1 1 4 4 5
6 7 131.06 1 1
1 4 4 5 6
6 111.75 1 1 1
4 4 5 5 7
130.02 1 1 1 4
4 5 5 6 110.45
1 1 1 4 4
5 5 5 91.84 1
1 1 4 4 4
7 7 111.4 1 1
1 4 4 4 6
7 111.31 1 1 1
4 4 4 6 6
110.45 1 1 1 4
4 4 5 7 129.92
1 1 1 4 4
4 5 6 110.99 1
1 1 4 4 4
5 5 91.8 1 1
1 4 4 4 4
7 111.45 1 1 1
4 4 4 4 6
111.24 1 1 1 4
4 4 4 5 72.99
1 1 1 4 4
4 4 4 111.14 1
1 1 3 7 7
7 7 128.53 1 1
1 3 6 7 7
7 130.26 1 1 1
3 6 6 7 7
133.21 1 1 1 3
6 6 6 7 133.35
1 1 1 3 6
6 6 6 111.91 1
1 1 3 5 7
7 7 128.65 1 1
1 3 5 6 7
7 129.77 1 1 1
3 5 6 6 7
132.59 1 1 1 3
5 6 6 6 111.49
1 1 1 3 5
5 7 7 129.05 1
1 1 3 5 5
6 7 130.64 1 1
1 3 5 5 6
6 110.89 1 1 1
3 5 5 5 7
128.67 1 1 1 3
5 5 5 6 92.17
1 1 1 3 5
5 5 5 128.02 1
1 1 3 4 7
7 7 145.61 1 1
1 3 4 6 7
7 148.07 1 1 1
3 4 6 6 7
149.96 1 1 1 3
4 6 6 6 129.77
1 1 1 3 4
5 7 7 147.49 1
1 1 3 4 5
6 7 148.49 1 1
1 3 4 5 6
6 130.49 1 1 1
3 4 5 5 7
147.07 1 1 1 3
4 5 5 6 130.12
1 1 1 3 4
5 5 5 129.35 1
1 1 3 4 4
7 7 147.55 1 1
1 3 4 4 6
7 149.67 1 1 1
3 4 4 6 6
129.88 1 1 1 3
4 4 5 7 147.25
1 1 1 3 4
4 5 6 130.34 1
1 1 3 4 4
5 5 129.15 1 1
1 3 4 4 4
7 146.97 1 1 1
3 4 4 4 6
129.45 1 1 1 3
4 4 4 5 129.58
1 1 1 3 4
4 4 4 110.98 1
1 1 3 3 7
7 7 130.33 1 1
1 3 3 6 7
7 129.66 1 1 1
3 3 6 6 7
132.82 1 1 1 3
3 6 6 6 110.28
1 1 1 3 3
5 7 7 130.54 1
1 1 3 3 5
6 7 129.81 1 1
1 3 3 5 6
6 111.43 1 1 1
3 3 5 5 7
130.87 1 1 1 3
3 5 5 6 92.78
1 1 1 3 3
5 5 5 129.03 1
1 1 3 3 4
7 7 148.66 1 1
1 3 3 4 6
7 148.42 1 1 1
3 3 4 6 6
129.57 1 1 1 3
3 4 5 7 149.11
1 1 1 3 3
4 5 6 129.45 1
1 1 3 3 4
5 5 130.04 1 1
1 3 3 4 4
7 148.67 1 1 1
3 3 4 4 6
129.57 1 1 1 3
3 4 4 5 129.73
1 1 1 3 3
4 4 4 114.42 1
1 1 3 3 3
7 7 132.22 1 1
1 3 3 3 6
7 133.37 1 1 1
3 3 3 6 6
114.39 1 1 1 3
3 3 5 7 132.67
1 1 1 3 3
3 5 6 96.1 1
1 1 3 3 3
5 5 133.38 1 1
1 3 3 3 4
7 151.47 1 1 1
3 3 3 4 6
132.94 1 1 1 3
3 3 4 5 132.82
1 1 1 3 3
3 4 4 114.27 1
1 1 3 3 3
3 7 132.98 1 1
1 3 3 3 3
6 95.39 1 1 1
3 3 3 3 5
132.06 1 1 1 3
3 3 3 4 96.47
1 1 1 3 3
3 3 3 111.32 1
1 1 2 7 7
7 7 128.51 1 1
1 2 6 7 7
7 130.54 1 1 1
2 6 6 7 7
131.99 1 1 1 2
6 6 6 7 133.24
1 1 1 2 6
6 6 6 128.19 1
1 1 2 5 7
7 7 145.91 1 1
1 2 5 6 7
7 147.33 1 1 1
2 5 6 6 7
149.81 1 1 1 2
5 6 6 6 129.5
1 1 1 2 5
5 7 7 146.78 1
1 1 2 5 5
6 7 149.14 1 1
1 2 5 5 6
6 129.18 1 1 1
2 5 5 5 7
146.51 1 1 1 2
5 5 5 6 129.95
1 1 1 2 5
5 5 5 111.28 1
1 1 2 4 7
7 7 128.67 1 1
1 2 4 6 7
7 130.62 1 1 1
2 4 6 6 7
132.79 1 1 1 2
4 6 6 6 129.11
1 1 1 2 4
5 7 7 146.97 1
1 1 2 4 5
6 7 149.44 1 1
1 2 4 5 6
6 129.61 1 1 1
2 4 5 5 7
148.11 1 1 1 2
4 5 5 6 129.31
1 1 1 2 4
5 5 5 111.14 1
1 1 2 4 4
7 7 129.79 1 1
1 2 4 4 6
7 131.02 1 1 1
2 4 4 6 6
129.35 1 1 1 2
4 4 5 7 147.16
1 1 1 2 4
4 5 6 130.5 1
1 1 2 4 4
5 5 111.53 1 1
1 2 4 4 4
7 130.21 1 1 1
2 4 4 4 6
129.78 1 1 1 2
4 4 4 5 92.5
1 1 1 2 4
4 4 4 162.8 1
1 1 2 3 7
7 7 163.38 1 1
1 2 3 6 7
7 167.21 1 1 1
2 3 6 6 7
167.28 1 1 1 2
3 6 6 6 164.16
1 1 1 2 3
5 7 7 164.3 1
1 1 2 3 5
6 7 168.53 1 1
1 2 3 5 6
6 163.91 1 1 1
2 3 5 5 7
164.26 1 1 1 2
3 5 5 6 165.43
1 1 1 2 3
5 5 5 164.21 1
1 1 2 3 4
7 7 164.29 1 1
1 2 3 4 6
7 168.15 1 1 1
2 3 4 6 6
163.84 1 1 1 2
3 4 5 7 163.7
1 1 1 2 3
4 5 6 165.3 1
1 1 2 3 4
5 5 165.25 1 1
1 2 3 4 4
7 166.05 1 1 1
2 3 4 4 6
165.98 1 1 1 2
3 4 4 5 164.67
1 1 1 2 3
4 4 4 164.56 1
1 1 2 3 3
7 7 166.5 1 1
1 2 3 3 6
7 169.44 1 1 1
2 3 3 6 6
165 1 1 1 2
3 3 5 7 166.84
1 1 1 2 3
3 5 6 165.37 1
1 1 2 3 3
5 5 164.82 1 1
1 2 3 3 4
7 167.05 1 1 1
2 3 3 4 6
165.07 1 1 1 2
3 3 4 5 163.67
1 1 1 2 3
3 4 4 169.36 1
1 1 2 3 3
3 7 169.93 1 1
1 2 3 3 3
6 169.81 1 1 1
2 3 3 3 5
169.9 1 1 1 2
3 3 3 4 169.63
1 1 1 2 3
3 3 3 110.29 1
1 1 2 2 7
7 7 129.94 1 1
1 2 2 6 7
7 129.33 1 1 1
2 2 6 6 7
132.88 1 1 1 2
2 6 6 6 129.95
1 1 1 2 2
5 7 7 148.29 1
1 1 2 2 5
6 7 149.1 1 1
1 2 2 5 6
6 129.97 1 1 1
2 2 5 5 7
149.07 1 1 1 2
2 5 5 6 130.1
1 1 1 2 2
5 5 5 110.11 1
1 1 2 2 4
7 7 130.53 1 1
1 2 2 4 6
7 129.56 1 1 1
2 2 4 6 6
129.31 1 1 1 2
2 4 5 7 148.88
1 1 1 2 2
4 5 6 129.99 1
1 1 2 2 4
5 5 111.81 1 1
1 2 2 4 4
7 130.79 1 1 1
2 2 4 4 6
130.04 1 1 1 2
2 4 4 5 92.54
1 1 1 2 2
4 4 4 164.72 1
1 1 2 2 3
7 7 167.05 1 1
1 2 2 3 6
7 169.57 1 1 1
2 2 3 6 6
163.98 1 1 1 2
2 3 5 7 166.91
1 1 1 2 2
3 5 6 164.54 1
1 1 2 2 3
5 5 164.68 1 1
1 2 2 3 4
7 166.95 1 1 1
2 2 3 4 6
164.17 1 1 1 2
2 3 4 5 165
1 1 1 2 2
3 4 4 163.71 1
1 1 2 2 3
3 7 170.73 1 1
1 2 2 3 3
6 163.08 1 1 1
2 2 3 3 5
163.65 1 1 1 2
2 3 3 4 169.8
1 1 1 2 2
3 3 3 114.35 1
1 1 2 2 2
7 7 132.35 1 1
1 2 2 2 6
7 133.77 1 1 1
2 2 2 6 6
133.05 1 1 1 2
2 2 5 7 150.8
1 1 1 2 2
2 5 6 133 1
1 1 2 2 2
5 5 114.04 1 1
1 2 2 2 4
7 133.42 1 1 1
2 2 2 4 6
133.1 1 1 1 2
2 2 4 5 96.31
1 1 1 2 2
2 4 4 169.46 1
1 1 2 2 2
3 7 169.54 1 1
1 2 2 2 3
6 169.39 1 1 1
2 2 2 3 5
169.92 1 1 1 2
2 2 3 4 170.52
1 1 1 2 2
2 3 3 113.02 1
1 1 2 2 2
2 7 132.72 1 1
1 2 2 2 2
6 132.35 1 1 1
2 2 2 2 5
95.06 1 1 1 2
2 2 2 4 170.62
1 1 1 2 2
2 2 3 96.6 1
1 1 2 2 2
2 2 72.18 1 1
1 1 7 7 7
7 92.01 1 1 1
1 6 7 7 7
91.83 1 1 1 1
6 6 7 7 95.7
1 1 1 1 6
6 6 7 94.62 1
1 1 1 6 6
6 6 91.34 1 1
1 1 5 7 7
7 111.77 1 1 1
1 5 6 7 7
111.68 1 1 1 1
5 6 6 7 114.53
1 1 1 1 5
6 6 6 88.18 1
1 1 1 5 5
7 7 107.95 1 1
1 1 5 5 6
7 107.77 1 1 1
1 5 5 6 6
91.26 1 1 1 1
5 5 5 7 111.48
1 1 1 1 5
5 5 6 72.46 1
1 1 1 5 5
5 5 91.31 1 1
1 1 4 7 7
7 110.84 1 1 1
1 4 6 7 7
111.61 1 1 1 1
4 6 6 7 114.76
1 1 1 1 4
6 6 6 109.62 1
1 1 1 4 5
7 7 129.18 1 1
1 1 4 5 6
7 128.91 1 1 1
1 4 5 6 6
107.32 1 1 1 1
4 5 5 7 126.96
1 1 1 1 4
5 5 6 111.08 1
1 1 1 4 5
5 5 88.36 1 1
1 1 4 4 7
7 108.79 1 1 1
1 4 4 6 7
107.46 1 1 1 1
4 4 6 6 107.24
1 1 1 1 4
4 5 7 127.29 1
1 1 1 4 4
5 6 104.15 1 1
1 1 4 4 5
5 91.42 1 1 1
1 4 4 4 7
110.79 1 1 1 1
4 4 4 6 111.04
1 1 1 1 4
4 4 5 72.01 1
1 1 1 4 4
4 4 110.36 1 1
1 1 3 7 7
7 128.59 1 1 1
1 3 6 7 7
129.72 1 1 1 1
3 6 6 7 131.9
1 1 1 1 3
6 6 6 108.16 1
1 1 1 3 5
7 7 125.91 1 1
1 1 3 5 6
7 127.51 1 1 1
1 3 5 6 6
111.22 1 1 1 1
3 5 5 7 129.53
1 1 1 1 3
5 5 6 91.92 1
1 1 1 3 5
5 5 128.85 1 1
1 1 3 4 7
7 144.95 1 1 1
1 3 4 6 7
147.88 1 1 1 1
3 4 6 6 127.72
1 1 1 1 3
4 5 7 145.7 1
1 1 1 3 4
5 6 130.98 1 1
1 1 3 4 5
5 126.24 1 1 1
1 3 4 4 7
144.81 1 1 1 1
3 4 4 6 124.3
1 1 1 1 3
4 4 5 129.97 1
1 1 1 3 4
4 4 107.24 1 1
1 1 3 3 7
7 126.85 1 1 1
1 3 3 6 7
125.94 1 1 1 1
3 3 6 6 110.9
1 1 1 1 3
3 5 7 130.09 1
1 1 1 3 3
5 6 92 1 1
1 1 3 3 5
5 126.18 1 1 1
1 3 3 4 7
146.17 1 1 1 1
3 3 4 6 130.45
1 1 1 1 3
3 4 5 123.46 1
1 1 1 3 3
4 4 113.76 1 1
1 1 3 3 3
7 132.94 1 1 1
1 3 3 3 6
95.56 1 1 1 1
3 3 3 5 133.53
1 1 1 1 3
3 3 4 94.12 1
1 1 1 3 3
3 3 110.53 1 1
1 1 2 7 7
7 128.44 1 1 1
1 2 6 7 7
130.72 1 1 1 1
2 6 6 7 132.38
1 1 1 1 2
6 6 6 128.68 1
1 1 1 2 5
7 7 145.02 1 1
1 1 2 5 6
7 146.92 1 1 1
1 2 5 6 6
126.7 1 1 1 1
2 5 5 7 144.42
1 1 1 1 2
5 5 6 129.9 1
1 1 1 2 5
5 5 108.5 1 1
1 1 2 4 7
7 126.83 1 1 1
1 2 4 6 7
127.53 1 1 1 1
2 4 6 6 127.43
1 1 1 1 2
4 5 7 144.75 1
1 1 1 2 4
5 6 124.05 1 1
1 1 2 4 5
5 111.35 1 1 1
1 2 4 4 7
129.5 1 1 1 1
2 4 4 6 130.17
1 1 1 1 2
4 4 5 91.84 1
1 1 1 2 4
4 4 162.89 1 1
1 1 2 3 7
7 163.4 1 1 1
1 2 3 6 7
166.12 1 1 1 1
2 3 6 6 162
1 1 1 1 2
3 5 7 161.75 1
1 1 1 2 3
5 6 165.79 1 1
1 1 2 3 5
5 161.9 1 1 1
1 2 3 4 7
161.9 1 1 1 1
2 3 4 6 159.41
1 1 1 1 2
3 4 5 164.58 1
1 1 1 2 3
4 4 161.45 1 1
1 1 2 3 3
7 162.95 1 1 1
1 2 3 3 6
165.38 1 1 1 1
2 3 3 5 158.44
1 1 1 1 2
3 3 4 170.12 1
1 1 1 2 3
3 3 107.17 1 1
1 1 2 2 7
7 127.05 1 1 1
1 2 2 6 7
125.92 1 1 1 1
2 2 6 6 126.4
1 1 1 1 2
2 5 7 147.06 1
1 1 1 2 2
5 6 123.38 1 1
1 1 2 2 5
5 111.39 1 1 1
1 2 2 4 7
130.62 1 1 1 1
2 2 4 6 130.65
1 1 1 1 2
2 4 5 92.37 1
1 1 1 2 2
4 4 161.85 1 1
1 1 2 2 3
7 164.33 1 1 1
1 2 2 3 6
159.09 1 1 1 1
2 2 3 5 165.09
1 1 1 1 2
2 3 4 156.9 1
1 1 1 2 2
3 3 113.06 1 1
1 1 2 2 2
7 132.29 1 1 1
1 2 2 2 6
133.12 1 1 1 1
2 2 2 5 95.13
1 1 1 1 2
2 2 4 170.39 1
1 1 1 2 2
2 3 94.58 1 1
1 1 2 2 2
2 72.93 1 1 1
1 1 7 7 7
92.82 1 1 1 1
1 6 7 7 92.59
1 1 1 1 1
6 6 7 96.69 1
1 1 1 1 6
6 6 88.67 1 1
1 1 1 5 7
7 108.54 1 1 1
1 1 5 6 7
108.66 1 1 1 1
1 5 6 6 89.42
1 1 1 1 1
5 5 7 109.63 1
1 1 1 1 5
5 6 73.22 1 1
1 1 1 5 5
5 89.2 1 1 1
1 1 4 7 7
108.38 1 1 1 1
1 4 6 7 108.38
1 1 1 1 1
4 6 6 105.46 1
1 1 1 1 4
5 7 124.76 1 1
1 1 1 4 5
6 105.48 1 1 1
1 1 4 5 5
89.92 1 1 1 1
1 4 4 7 109.26
1 1 1 1 1
4 4 6 104.92 1
1 1 1 1 4
4 5 73.18 1 1
1 1 1 4 4
4 108.85 1 1 1
1 1 3 7 7
126.08 1 1 1 1
1 3 6 7 128.33
1 1 1 1 1
3 6 6 109.56 1
1 1 1 1 3
5 7 126.97 1 1
1 1 1 3 5
6 92.86 1 1 1
1 1 3 5 5
124.69 1 1 1 1
1 3 4 7 143.3
1 1 1 1 1
3 4 6 124.77 1
1 1 1 1 3
4 5 124.9 1 1
1 1 1 3 4
4 108.74 1 1 1
1 1 3 3 7
128.45 1 1 1 1
1 3 3 6 92.45
1 1 1 1 1
3 3 5 125.3 1
1 1 1 1 3
3 4 96.54 1 1
1 1 1 3 3
3 109.68 1 1 1
1 1 2 7 7
125.51 1 1 1 1
1 2 6 7 128.83
1 1 1 1 1
2 6 6 126.11 1
1 1 1 1 2
5 7 143.1 1 1
1 1 1 2 5
6 125.09 1 1 1
1 1 2 5 5
108.7 1 1 1 1
1 2 4 7 126.91
1 1 1 1 1
2 4 6 125.15 1
1 1 1 1 2
4 5 92.7 1 1
1 1 1 2 4
4 160.89 1 1 1
1 1 2 3 7
161.03 1 1 1 1
1 2 3 6 160.42
1 1 1 1 1
2 3 5 160.3 1
1 1 1 1 2
3 4 161.05 1 1
1 1 1 2 3
3 109.08 1 1 1
1 1 2 2 7
128.52 1 1 1 1
1 2 2 6 125.39
1 1 1 1 1
2 2 5 92.73 1
1 1 1 1 2
2 4 160.13 1 1
1 1 1 2 2
3 96.25 1 1 1
1 1 2 2 2
69.64 1 1 1 1
1 1 7 7 89.13
1 1 1 1 1
1 6 7 89.17 1
1 1 1 1 1
6 6 87.77 1 1
1 1 1 1 5
7 107 1 1 1
1 1 1 5 6
69.79 1 1 1 1
1 1 5 5 87.86
1 1 1 1 1
1 4 7 107.22 1
1 1 1 1 1
4 6 105.67 1 1
1 1 1 1 4
5 69.67 1 1 1
1 1 1 4 4
106.96 1 1 1 1
1 1 3 7 125.73
1 1 1 1 1
1 3 6 89.3 1
1 1 1 1 1
3 5 125.37 1 1
1 1 1 1 3
4 89.1 1 1 1
1 1 1 3 3
107.07 1 1 1 1
1 1 2 7 124.68
1 1 1 1 1
1 2 6 124.78 1
1 1 1 1 1
2 5 89.51 1 1
1 1 1 1 2
4 160.86 1 1 1
1 1 1 2 3
88.96 1 1 1 1
1 1 2 2 70
1 1 1 1 1
1 1 7 89.16 1
1 1 1 1 1
1 6 69.99 1 1
1 1 1 1 1
5 69.49 1 1 1
1 1 1 1 4
90.08 1 1 1 1
1 1 1 3 89.75
1 1 1 1 1
1 1 2 49.94 1
1 1 1 1 1
1 1
