49.97 7 7 7 7
7 7 72.61 6 7
7 7 7 7 72.13
6 6 7 7 7
7 74.33 6 6 6
7 7 7 72.16 6
6 6 6 7 7
72.49 6 6 6 6
6 7 49.96 6 6
6 6 6 6 72.52
5 7 7 7 7
7 93.8 5 6 7
7 7 7 94.11 5
6 6 7 7 7
96.67 5 6 6 6
7 7 94.56 5 6
6 6 6 7 94.73
5 6 6 6 6
6 72.34 5 5 7
7 7 7 94.29 5
5 6 7 7 7
94.17 5 5 6 6
7 7 96.08 5 5
6 6 6 7 94.68
5 5 6 6 6
6 74.36 5 5 5
7 7 7 96.61 5
5 5 6 7 7
96.55 5 5 5 6
6 7 98.57 5 5
5 6 6 6 72.29
5 5 5 5 7
7 94.56 5 5 5
5 6 7 94.15 5
5 5 5 6 6
72.33 5 5 5 5
5 7 95.16 5 5
5 5 5 6 49.93
5 5 5 5 5
5 72.22 4 7 7
7 7 7 93.52 4
6 7 7 7 7
94.37 4 6 6 7
7 7 96.78 4 6
6 6 7 7 94.61
4 6 6 6 6
7 94.8 4 6 6
6 6 6 93.41 4
5 7 7 7 7
114.55 4 5 6 7
7 7 115.89 4 5
6 6 7 7 117.98
4 5 6 6 6
7 116.19 4 5 6
6 6 6 94 4
5 5 7 7 7
115.9 4 5 5 6
7 7 116.16 4 5
5 6 6 7 118.56
4 5 5 6 6
6 96.78 4 5 5
5 7 7 117.43 4
5 5 5 6 7
118.38 4 5 5 5
6 6 94.73 4 5
5 5 5 7 115.09
4 5 5 5 5
6 95.31 4 5 5
5 5 5 71.87 4
4 7 7 7 7
94.69 4 4 6 7
7 7 94.46 4 4
6 6 7 7 96.41
4 4 6 6 6
7 94.6 4 4 6
6 6 6 94.63 4
4 5 7 7 7
115.99 4 4 5 6
7 7 116.93 4 4
5 6 6 7 118.72
4 4 5 6 6
6 94.59 4 4 5
5 7 7 116.75 4
4 5 5 6 7
116.47 4 4 5 5
6 6 96.28 4 4
5 5 5 7 118.81
4 4 5 5 5
6 94.4 4 4 5
5 5 5 74.38 4
4 4 7 7 7
96.38 4 4 4 6
7 7 96.47 4 4
4 6 6 7 98.53
4 4 4 6 6
6 96.66 4 4 4
5 7 7 117.63 4
4 4 5 6 7
118.55 4 4 4 5
6 6 96.31 4 4
4 5 5 7 119.31
4 4 4 5 5
6 98.46 4 4 4
5 5 5 71.92 4
4 4 4 7 7
94.41 4 4 4 4
6 7 94.26 4 4
4 4 6 6 94.41
4 4 4 4 5
7 115.45 4 4 4
4 5 6 94.43 4
4 4 4 5 5
72.48 4 4 4 4
4 7 95 4 4
4 4 4 6 94.44
4 4 4 4 4
5 49.9 4 4 4
4 4 4 72.68 3
7 7 7 7 7
93.57 3 6 7 7
7 7 94.82 3 6
6 7 7 7 94.8
3 6 6 6 7
7 94.7 3 6 6
6 6 7 72.3 3
6 6 6 6 6
93.71 3 5 7 7
7 7 113.84 3 5
6 7 7 7 115.64
3 5 6 6 7
7 115.61 3 5 6
6 6 7 115.37 3
5 6 6 6 6
94.57 3 5 5 7
7 7 115.71 3 5
5 6 7 7 116.69
3 5 5 6 6
7 116.64 3 5 5
6 6 6 94.25 3
5 5 5 7 7
115 3 5 5 5
6 7 116.46 3 5
5 5 6 6 94.59
3 5 5 5 5
7 115.96 3 5 5
5 5 6 72.36 3
5 5 5 5 5
94.09 3 4 7 7
7 7 115.32 3 4
6 7 7 7 115.57
3 4 6 6 7
7 116 3 4 6
6 6 7 116.23 3
4 6 6 6 6
115.22 3 4 5 7
7 7 135.53 3 4
5 6 7 7 136.84
3 4 5 6 6
7 136.39 3 4 5
6 6 6 115.66 3
4 5 5 7 7
137.04 3 4 5 5
6 7 138.45 3 4
5 5 6 6 115.55
3 4 5 5 5
7 137.18 3 4 5
5 5 6 116.04 3
4 5 5 5 5
94.46 3 4 4 7
7 7 116.07 3 4
4 6 7 7 116.44
3 4 4 6 6
7 116.48 3 4 4
6 6 6 115.61 3
4 4 5 7 7
136.11 3 4 4 5
6 7 137.86 3 4
4 5 6 6 116.36
3 4 4 5 5
7 138.49 3 4 4
5 5 6 116.26 3
4 4 5 5 5
96.73 3 4 4 4
7 7 117.78 3 4
4 4 6 7 118.55
3 4 4 4 6
6 117.49 3 4 4
4 5 7 137.64 3
4 4 4 5 6
118.86 3 4 4 4
5 5 94.19 3 4
4 4 4 7 115.83
3 4 4 4 4
6 115.3 3 4 4
4 4 5 95 3
4 4 4 4 4
72.01 3 3 7 7
7 7 94.61 3 3
6 7 7 7 92.28
3 3 6 6 7
7 94.71 3 3 6
6 6 7 72.09 3
3 6 6 6 6
94.52 3 3 5 7
7 7 115.45 3 3
5 6 7 7 114.37
3 3 5 6 6
7 116.7 3 3 5
6 6 6 92.62 3
3 5 5 7 7
114.56 3 3 5 5
6 7 112 3 3
5 5 6 6 94.45
3 3 5 5 5
7 116.22 3 3 5
5 5 6 72.17 3
3 5 5 5 5
94.68 3 3 4 7
7 7 116.66 3 3
4 6 7 7 114.42
3 3 4 6 6
7 117.21 3 3 4
6 6 6 116.93 3
3 4 5 7 7
138.11 3 3 4 5
6 7 136.8 3 3
4 5 6 6 114.84
3 3 4 5 5
7 136.43 3 3 4
5 5 6 116.41 3
3 4 5 5 5
94.66 3 3 4 4
7 7 116.62 3 3
4 4 6 7 114.58
3 3 4 4 6
6 117.07 3 3 4
4 5 7 137.22 3
3 4 4 5 6
114.73 3 3 4 4
5 5 96.47 3 3
4 4 4 7 118.75
3 3 4 4 4
6 118.57 3 3 4
4 4 5 94.91 3
3 4 4 4 4
74.34 3 3 3 7
7 7 94.47 3 3
3 6 7 7 94.68
3 3 3 6 6
7 74.25 3 3 3
6 6 6 94.42 3
3 3 5 7 7
114.59 3 3 3 5
6 7 114.08 3 3
3 5 6 6 94.65
3 3 3 5 5
7 114.72 3 3 3
5 5 6 74.03 3
3 3 5 5 5
96.71 3 3 3 4
7 7 116.53 3 3
3 4 6 7 116.74
3 3 3 4 6
6 116.64 3 3 3
4 5 7 137.43 3
3 3 4 5 6
117.22 3 3 3 4
5 5 96.37 3 3
3 4 4 7 116.48
3 3 3 4 4
6 116.08 3 3 3
4 4 5 98.39 3
3 3 4 4 4
72.05 3 3 3 3
7 7 93.45 3 3
3 3 6 7 71.81
3 3 3 3 6
6 93.44 3 3 3
3 5 7 115.01 3
3 3 3 5 6
72.18 3 3 3 3
5 5 94.77 3 3
3 3 4 7 116.11
3 3 3 3 4
6 116.22 3 3 3
3 4 5 94.12 3
3 3 3 4 4
72.42 3 3 3 3
3 7 72.58 3 3
3 3 3 6 72.53
3 3 3 3 3
5 94.95 3 3 3
3 3 4 49.91 3
3 3 3 3 3
72.58 2 7 7 7
7 7 93.22 2 6
7 7 7 7 94.65
2 6 6 7 7
7 94.6 2 6 6
6 7 7 94.34 2
6 6 6 6 7
72.32 2 6 6 6
6 6 93.48 2 5
7 7 7 7 115.04
2 5 6 7 7
7 115.8 2 5 6
6 7 7 115.96 2
5 6 6 6 7
116.5 2 5 6 6
6 6 94.62 2 5
5 7 7 7 115.66
2 5 5 6 7
7 116.51 2 5 5
6 6 7 116.39 2
5 5 6 6 6
96.65 2 5 5 5
7 7 117.38 2 5
5 5 6 7 118.4
2 5 5 5 6
6 94.37 2 5 5
5 5 7 115.45 2
5 5 5 5 6
95.26 2 5 5 5
5 5 93.64 2 4
7 7 7 7 113.89
2 4 6 7 7
7 115.59 2 4 6
6 7 7 115.8 2
4 6 6 6 7
115.48 2 4 6 6
6 6 114.59 2 4
5 7 7 7 134.82
2 4 5 6 7
7 136.76 2 4 5
6 6 7 137.16 2
4 5 6 6 6
115.79 2 4 5 5
7 7 136.04 2 4
5 5 6 7 138.05
2 4 5 5 6
6 117.21 2 4 5
5 5 7 138 2
4 5 5 5 6
115.72 2 4 5 5
5 5 94.54 2 4
4 7 7 7 115.61
2 4 4 6 7
7 116.96 2 4 4
6 6 7 116.23 2
4 4 6 6 6
115.63 2 4 4 5
7 7 136.35 2 4
4 5 6 7 137.84
2 4 4 5 6
6 116.87 2 4 4
5 5 7 138.27 2
4 4 5 5 6
118.66 2 4 4 5
5 5 94.52 2 4
4 4 7 7 115.37
2 4 4 4 6
7 116.59 2 4 4
4 6 6 116.09 2
4 4 4 5 7
136.67 2 4 4 4
5 6 116.83 2 4
4 4 5 5 94.61
2 4 4 4 4
7 115.39 2 4 4
4 4 6 116.51 2
4 4 4 4 5
72.72 2 4 4 4
4 4 115.04 2 3
7 7 7 7 115.32
2 3 6 7 7
7 116.17 2 3 6
6 7 7 116.49 2
3 6 6 6 7
93.49 2 3 6 6
6 6 135.29 2 3
5 7 7 7 136.49
2 3 5 6 7
7 137.23 2 3 5
6 6 7 136.86 2
3 5 6 6 6
136.76 2 3 5 5
7 7 136.92 2 3
5 5 6 7 138.09
2 3 5 5 6
6 137.05 2 3 5
5 5 7 136.74 2
3 5 5 5 6
136.6 2 3 5 5
5 5 135.42 2 3
4 7 7 7 135.96
2 3 4 6 7
7 136.56 2 3 4
6 6 7 137.3 2
3 4 6 6 6
154.62 2 3 4 5
7 7 156.99 2 3
4 5 6 7 157.66
2 3 4 5 6
6 156.94 2 3 4
5 5 7 157.81 2
3 4 5 5 6
156.72 2 3 4 5
5 5 137.39 2 3
4 4 7 7 137.11
2 3 4 4 6
7 138.07 2 3 4
4 6 6 157.09 2
3 4 4 5 7
158.05 2 3 4 4
5 6 159.29 2 3
4 4 5 5 136.57
2 3 4 4 4
7 136.89 2 3 4
4 4 6 157.63 2
3 4 4 4 5
136.95 2 3 4 4
4 4 114.73 2 3
3 7 7 7 114.95
2 3 3 6 7
7 116.49 2 3 3
6 6 7 94.3 2
3 3 6 6 6
135.6 2 3 3 5
7 7 136.9 2 3
3 5 6 7 139.01
2 3 3 5 6
6 134.81 2 3 3
5 5 7 134.11 2
3 3 5 5 6
137.12 2 3 3 5
5 5 135.12 2 3
3 4 7 7 136.1
2 3 3 4 6
7 137.7 2 3 3
4 6 6 157.06 2
3 3 4 5 7
158.3 2 3 3 4
5 6 156.07 2 3
3 4 5 5 136.74
2 3 3 4 4
7 137.2 2 3 3
4 4 6 157.84 2
3 3 4 4 5
136.39 2 3 3 4
4 4 116.57 2 3
3 3 7 7 117.13
2 3 3 3 6
7 96.59 2 3 3
3 6 6 136.45 2
3 3 3 5 7
137.08 2 3 3 3
5 6 137.28 2 3
3 3 5 5 137.95
2 3 3 3 4
7 138.04 2 3 3
3 4 6 157.94 2
3 3 3 4 5
138.59 2 3 3 3
4 4 115.55 2 3
3 3 3 7 94.75
2 3 3 3 3
6 136.77 2 3 3
3 3 5 136.92 2
3 3 3 3 4
95.36 2 3 3 3
3 3 72.07 2 2
7 7 7 7 94.15
2 2 6 7 7
7 92.2 2 2 6
6 7 7 94.44 2
2 6 6 6 7
71.97 2 2 6 6
6 6 94.67 2 2
5 7 7 7 117
2 2 5 6 7
7 114.51 2 2 5
6 6 7 116.75 2
2 5 6 6 6
94.49 2 2 5 5
7 7 116.42 2 2
5 5 6 7 114.59
2 2 5 5 6
6 96.73 2 2 5
5 5 7 118.82 2
2 5 5 5 6
94.68 2 2 5 5
5 5 94.58 2 2
4 7 7 7 116.12
2 2 4 6 7
7 114.64 2 2 4
6 6 7 116.29 2
2 4 6 6 6
116.44 2 2 4 5
7 7 137.99 2 2
4 5 6 7 136.83
2 2 4 5 6
6 116.51 2 2 4
5 5 7 137.73 2
2 4 5 5 6
118.52 2 2 4 5
5 5 92.54 2 2
4 4 7 7 114.88
2 2 4 4 6
7 112.4 2 2 4
4 6 6 114.78 2
2 4 4 5 7
137.15 2 2 4 4
5 6 113.92 2 2
4 4 5 5 94.51
2 2 4 4 4
7 117.15 2 2 4
4 4 6 117.11 2
2 4 4 4 5
72.08 2 2 4 4
4 4 114.83 2 2
3 7 7 7 114.16
2 2 3 6 7
7 116.51 2 2 3
6 6 7 94.47 2
2 3 6 6 6
136.3 2 2 3 5
7 7 135.68 2 2
3 5 6 7 137.66
2 2 3 5 6
6 136.57 2 2 3
5 5 7 137.15 2
2 3 5 5 6
136.9 2 2 3 5
5 5 135.85 2 2
3 4 7 7 137.33
2 2 3 4 6
7 138.36 2 2 3
4 6 6 156.27 2
2 3 4 5 7
157.56 2 2 3 4
5 6 158.46 2 2
3 4 5 5 134.49
2 2 3 4 4
7 135.95 2 2 3
4 4 6 156.64 2
2 3 4 4 5
137.78 2 2 3 4
4 4 112.98 2 2
3 3 7 7 116.41
2 2 3 3 6
7 94.01 2 2 3
3 6 6 134.22 2
2 3 3 5 7
138.65 2 2 3 3
5 6 132.33 2 2
3 3 5 5 135.44
2 2 3 3 4
7 138.62 2 2 3
3 4 6 157.98 2
2 3 3 4 5
133.52 2 2 3 3
4 4 116.69 2 2
3 3 3 7 96.68
2 2 3 3 3
6 137.16 2 2 3
3 3 5 138.75 2
2 3 3 3 4
94.55 2 2 3 3
3 3 74.28 2 2
2 7 7 7 94.55
2 2 2 6 7
7 94.84 2 2 2
6 6 7 74.27 2
2 2 6 6 6
96.59 2 2 2 5
7 7 116.48 2 2
2 5 6 7 117.29
2 2 2 5 6
6 96.49 2 2 2
5 5 7 116.52 2
2 2 5 5 6
98.43 2 2 2 5
5 5 94.52 2 2
2 4 7 7 114.67
2 2 2 4 6
7 114.58 2 2 2
4 6 6 117.02 2
2 2 4 5 7
136.9 2 2 2 4
5 6 116.58 2 2
2 4 5 5 94.74
2 2 2 4 4
7 114.44 2 2 2
4 4 6 116.41 2
2 2 4 4 5
74.16 2 2 2 4
4 4 116.57 2 2
2 3 7 7 116.36
2 2 2 3 6
7 96.72 2 2 2
3 6 6 137.66 2
2 2 3 5 7
137.84 2 2 2 3
5 6 138.76 2 2
2 3 5 5 137.07
2 2 2 3 4
7 136.28 2 2 2
3 4 6 157.46 2
2 2 3 4 5
136.54 2 2 2 3
4 4 116.6 2 2
2 3 3 7 96.15
2 2 2 3 3
6 138.81 2 2 2
3 3 5 136.78 2
2 2 3 3 4
98.38 2 2 2 3
3 3 71.99 2 2
2 2 7 7 93.4
2 2 2 2 6
7 72.18 2 2 2
2 6 6 94.51 2
2 2 2 5 7
116.6 2 2 2 2
5 6 94.39 2 2
2 2 5 5 93.42
2 2 2 2 4
7 114.24 2 2 2
2 4 6 115.72 2
2 2 2 4 5
72.15 2 2 2 2
4 4 115.66 2 2
2 2 3 7 94.21
2 2 2 2 3
6 136.54 2 2 2
2 3 5 137.07 2
2 2 2 3 4
94.48 2 2 2 2
3 3 72.52 2 2
2 2 2 7 72.04
2 2 2 2 2
6 95.02 2 2 2
2 2 5 72.6 2
2 2 2 2 4
94.69 2 2 2 2
2 3 49.96 2 2
2 2 2 2 72.25
1 7 7 7 7
7 93.89 1 6 7
7 7 7 94.21 1
6 6 7 7 7
96.12 1 6 6 6
7 7 94.05 1 6
6 6 6 7 94.89
1 6 6 6 6
6 93.36 1 5 7
7 7 7 114.76 1
5 6 7 7 7
115.66 1 5 6 6
7 7 117.86 1 5
6 6 6 7 115.65
1 5 6 6 6
6 94.76 1 5 5
7 7 7 115.51 1
5 5 6 7 7
117.1 1 5 5 6
6 7 119.01 1 5
5 6 6 6 94.29
1 5 5 5 7
7 115.65 1 5 5
5 6 7 116.44 1
5 5 5 6 6
94.44 1 5 5 5
5 7 115.4 1 5
5 5 5 6 72.49
1 5 5 5 5
5 93.43 1 4 7
7 7 7 115.36 1
4 6 7 7 7
115.6 1 4 6 6
7 7 117.73 1 4
6 6 6 7 115.91
1 4 6 6 6
6 114.33 1 4 5
7 7 7 135.25 1
4 5 6 7 7
136.35 1 4 5 6
6 7 137.8 1 4
5 6 6 6 115.58
1 4 5 5 7
7 136.68 1 4 5
5 6 7 137.9 1
4 5 5 6 6
115.57 1 4 5 5
5 7 137.3 1 4
5 5 5 6 115.72
1 4 5 5 5
5 94.38 1 4 4
7 7 7 116.18 1
4 4 6 7 7
117.12 1 4 4 6
6 7 119.02 1 4
4 6 6 6 115.72
1 4 4 5 7
7 136.63 1 4 4
5 6 7 138.14 1
4 4 5 6 6
116.76 1 4 4 5
5 7 138.6 1 4
4 5 5 6 116.74
1 4 4 5 5
5 94.41 1 4 4
4 7 7 115.73 1
4 4 4 6 7
116.1 1 4 4 4
6 6 115.49 1 4
4 4 5 7 136.28
1 4 4 4 5
6 116.79 1 4 4
4 5 5 94.77 1
4 4 4 4 7
116.4 1 4 4 4
4 6 115.85 1 4
4 4 4 5 72.55
1 4 4 4 4
4 114.6 1 3 7
7 7 7 135.09 1
3 6 7 7 7
137.64 1 3 6 6
7 7 136.75 1 3
6 6 6 7 136.81
1 3 6 6 6
6 115.06 1 3 5
7 7 7 136.16 1
3 5 6 7 7
136.85 1 3 5 6
6 7 136.23 1 3
5 6 6 6 115.76
1 3 5 5 7
7 137.37 1 3 5
5 6 7 137.88 1
3 5 5 6 6
115.3 1 3 5 5
5 7 137.23 1 3
5 5 5 6 93.69
1 3 5 5 5
5 135.12 1 3 4
7 7 7 154.94 1
3 4 6 7 7
157.3 1 3 4 6
6 7 156.91 1 3
4 6 6 6 135.8
1 3 4 5 7
7 156.24 1 3 4
5 6 7 157.86 1
3 4 5 6 6
136.44 1 3 4 5
5 7 158.46 1 3
4 5 5 6 137
1 3 4 5 5
5 137.84 1 3 4
4 7 7 156.77 1
3 4 4 6 7
158.68 1 3 4 4
6 6 136.44 1 3
4 4 5 7 157.59
1 3 4 4 5
6 138.78 1 3 4
4 5 5 136.33 1
3 4 4 4 7
157.06 1 3 4 4
4 6 137.08 1 3
4 4 4 5 137.73
1 3 4 4 4
4 114.76 1 3 3
7 7 7 135.78 1
3 3 6 7 7
134.91 1 3 3 6
6 7 136.78 1 3
3 6 6 6 115.07
1 3 3 5 7
7 137.13 1 3 3
5 6 7 134.83 1
3 3 5 6 6
116.58 1 3 3 5
5 7 138.62 1 3
3 5 5 6 94.85
1 3 3 5 5
5 135.76 1 3 3
4 7 7 157.34 1
3 3 4 6 7
156.18 1 3 3 4
6 6 135.69 1 3
3 4 5 7 158.09
1 3 3 4 5
6 137.72 1 3 3
4 5 5 136.8 1
3 3 4 4 7
157.96 1 3 3 4
4 6 136.99 1 3
3 4 4 5 136.29
1 3 3 4 4
4 117.13 1 3 3
3 7 7 137.22 1
3 3 3 6 7
136.67 1 3 3 3
6 6 117.07 1 3
3 3 5 7 136.39
1 3 3 3 5
6 96.29 1 3 3
3 5 5 137.95 1
3 3 3 4 7
158.24 1 3 3 3
4 6 138.14 1 3
3 3 4 5 139.44
1 3 3 3 4
4 115.47 1 3 3
3 3 7 136.75 1
3 3 3 3 6
94.79 1 3 3 3
3 5 137.41 1 3
3 3 3 4 94.73
1 3 3 3 3
3 114.66 1 2 7
7 7 7 134.72 1
2 6 7 7 7
137.21 1 2 6 6
7 7 136.73 1 2
6 6 6 7 137.15
1 2 6 6 6
6 135.34 1 2 5
7 7 7 155.21 1
2 5 6 7 7
157.41 1 2 5 6
6 7 157.09 1 2
5 6 6 6 136.69
1 2 5 5 7
7 156.97 1 2 5
5 6 7 158.58 1
2 5 5 6 6
137.21 1 2 5 5
5 7 157.33 1 2
5 5 5 6 137.15
1 2 5 5 5
5 114.48 1 2 4
7 7 7 136.21 1
2 4 6 7 7
136.7 1 2 4 6
6 7 136.8 1 2
4 6 6 6 135.58
1 2 4 5 7
7 156.7 1 2 4
5 6 7 158.15 1
2 4 5 6 6
137.32 1 2 4 5
5 7 158.04 1 2
4 5 5 6 137.04
1 2 4 5 5
5 115.76 1 2 4
4 7 7 136.26 1
2 4 4 6 7
137.67 1 2 4 4
6 6 137.03 1 2
4 4 5 7 158.09
1 2 4 4 5
6 137.74 1 2 4
4 5 5 115.41 1
2 4 4 4 7
136.75 1 2 4 4
4 6 136.64 1 2
4 4 4 5 93.53
1 2 4 4 4
4 175.16 1 2 3
7 7 7 176.09 1
2 3 6 7 7
178.01 1 2 3 6
6 7 177.25 1 2
3 6 6 6 176.12
1 2 3 5 7
7 177.27 1 2 3
5 6 7 178.9 1
2 3 5 6 6
177.78 1 2 3 5
5 7 178.2 1 2
3 5 5 6 177.63
1 2 3 5 5
5 176.32 1 2 3
4 7 7 177.7 1
2 3 4 6 7
177.04 1 2 3 4
6 6 176.96 1 2
3 4 5 7 176.95
1 2 3 4 5
6 178.8 1 2 3
4 5 5 177.38 1
2 3 4 4 7
178.14 1 2 3 4
4 6 178.24 1 2
3 4 4 5 177.17
1 2 3 4 4
4 177.1 1 2 3
3 7 7 177.36 1
2 3 3 6 7
178.76 1 2 3 3
6 6 177.14 1 2
3 3 5 7 177.51
1 2 3 3 5
6 178.85 1 2 3
3 5 5 176.86 1
2 3 3 4 7
177.14 1 2 3 3
4 6 178.05 1 2
3 3 4 5 176.87
1 2 3 3 4
4 179.1 1 2 3
3 3 7 179.47 1
2 3 3 3 6
178.72 1 2 3 3
3 5 179.56 1 2
3 3 3 4 178.84
1 2 3 3 3
3 114.83 1 2 2
7 7 7 135.47 1
2 2 6 7 7
135.07 1 2 2 6
6 7 137.67 1 2
2 6 6 6 135.59
1 2 2 5 7
7 156.4 1 2 2
5 6 7 156.34 1
2 2 5 6 6
136.85 1 2 2 5
5 7 158.57 1 2
2 5 5 6 136.74
1 2 2 5 5
5 114.73 1 2 2
4 7 7 137.82 1
2 2 4 6 7
135.04 1 2 2 4
6 6 136.11 1 2
2 4 5 7 158.03
1 2 2 4 5
6 136.67 1 2 2
4 5 5 116.72 1
2 2 4 4 7
139.29 1 2 2 4
4 6 137.79 1 2
2 4 4 5 94.94
1 2 2 4 4
4 176.61 1 2 2
3 7 7 177.67 1
2 2 3 6 7
179.48 1 2 2 3
6 6 176.11 1 2
2 3 5 7 177.86
1 2 2 3 5
6 177.45 1 2 2
3 5 5 176.98 1
2 2 3 4 7
177.16 1 2 2 3
4 6 176.55 1 2
2 3 4 5 179.13
1 2 2 3 4
4 175.74 1 2 2
3 3 7 178.99 1
2 2 3 3 6
174.89 1 2 2 3
3 5 176.36 1 2
2 3 3 4 178.38
1 2 2 3 3
3 116.31 1 2 2
2 7 7 137.49 1
2 2 2 6 7
136.37 1 2 2 2
6 6 137.73 1 2
2 2 5 7 158.85
1 2 2 2 5
6 138.88 1 2 2
2 5 5 116.56 1
2 2 2 4 7
137.13 1 2 2 2
4 6 137.79 1 2
2 2 4 5 96.84
1 2 2 2 4
4 179.62 1 2 2
2 3 7 178.72 1
2 2 2 3 6
179.83 1 2 2 2
3 5 178.07 1 2
2 2 3 4 179.23
1 2 2 2 3
3 115.1 1 2 2
2 2 7 137.01 1
2 2 2 2 6
137.21 1 2 2 2
2 5 94.64 1 2
2 2 2 4 179.24
1 2 2 2 2
3 95.04 1 2 2
2 2 2 72.32 1
1 7 7 7 7
94.35 1 1 6 7
7 7 94.27 1 1
6 6 7 7 96.63
1 1 6 6 6
7 94.97 1 1 6
6 6 6 94.04 1
1 5 7 7 7
116.89 1 1 5 6
7 7 116.85 1 1
5 6 6 7 118.75
1 1 5 6 6
6 92.37 1 1 5
5 7 7 115.09 1
1 5 5 6 7
114.78 1 1 5 5
6 6 94.76 1 1
5 5 5 7 116.58
1 1 5 5 5
6 72.01 1 1 5
5 5 5 94.15 1
1 4 7 7 7
116.7 1 1 4 6
7 7 116.4 1 1
4 6 6 7 118.86
1 1 4 6 6
6 116.18 1 1 4
5 7 7 138.26 1
1 4 5 6 7
137.41 1 1 4 5
6 6 114.63 1 1
4 5 5 7 136.9
1 1 4 5 5
6 116.35 1 1 4
5 5 5 92.2 1
1 4 4 7 7
115.11 1 1 4 4
6 7 114.72 1 1
4 4 6 6 114.33
1 1 4 4 5
7 136.72 1 1 4
4 5 6 112.93 1
1 4 4 5 5
94.53 1 1 4 4
4 7 116.89 1 1
4 4 4 6 116.33
1 1 4 4 4
5 72.34 1 1 4
4 4 4 114.89 1
1 3 7 7 7
135.8 1 1 3 6
7 7 137.12 1 1
3 6 6 7 137.3
1 1 3 6 6
6 114.99 1 1 3
5 7 7 135.82 1
1 3 5 6 7
136.28 1 1 3 5
6 6 116.37 1 1
3 5 5 7 137.48
1 1 3 5 5
6 94.55 1 1 3
5 5 5 135.69 1
1 3 4 7 7
157.13 1 1 3 4
6 7 158.45 1 1
3 4 6 6 137.33
1 1 3 4 5
7 158.16 1 1 3
4 5 6 139.61 1
1 3 4 5 5
134.42 1 1 3 4
4 7 156.47 1 1
3 4 4 6 135.44
1 1 3 4 4
5 137.39 1 1 3
4 4 4 112.46 1
1 3 3 7 7
135.21 1 1 3 3
6 7 132.27 1 1
3 3 6 6 116.68
1 1 3 3 5
7 139 1 1 3
3 5 6 94.43 1
1 3 3 5 5
134.63 1 1 3 3
4 7 157.12 1 1
3 3 4 6 139.49
1 1 3 3 4
5 132.54 1 1 3
3 4 4 116.44 1
1 3 3 3 7
136.97 1 1 3 3
3 6 96.42 1 1
3 3 3 5 139.02
1 1 3 3 3
4 94.3 1 1 3
3 3 3 114.85 1
1 2 7 7 7
134.94 1 1 2 6
7 7 136.85 1 1
2 6 6 7 136.79
1 1 2 6 6
6 135.96 1 1 2
5 7 7 156.59 1
1 2 5 6 7
158.34 1 1 2 5
6 6 134.66 1 1
2 5 5 7 156.13
1 1 2 5 5
6 137.28 1 1 2
5 5 5 113.98 1
1 2 4 7 7
135.53 1 1 2 4
6 7 136.79 1 1
2 4 6 6 137.27
1 1 2 4 5
7 158.44 1 1 2
4 5 6 134.85 1
1 2 4 5 5
116.78 1 1 2 4
4 7 137.99 1 1
2 4 4 6 139.11
1 1 2 4 4
5 94.53 1 1 2
4 4 4 176.02 1
1 2 3 7 7
176.07 1 1 2 3
6 7 177.33 1 1
2 3 6 6 177.28
1 1 2 3 5
7 177.37 1 1 2
3 5 6 178.49 1
1 2 3 5 5
177.48 1 1 2 3
4 7 177.67 1 1
2 3 4 6 177.38
1 1 2 3 4
5 179.23 1 1 2
3 4 4 175.07 1
1 2 3 3 7
175.38 1 1 2 3
3 6 178.98 1 1
2 3 3 5 175.55
1 1 2 3 3
4 179.21 1 1 2
3 3 3 113.5 1
1 2 2 7 7
135.36 1 1 2 2
6 7 132.66 1 1
2 2 6 6 135.12
1 1 2 2 5
7 156.77 1 1 2
2 5 6 132.54 1
1 2 2 5 5
116.93 1 1 2 2
4 7 138.49 1 1
2 2 4 6 139.25
1 1 2 2 4
5 94.46 1 1 2
2 4 4 175.33 1
1 2 2 3 7
175.37 1 1 2 2
3 6 175.13 1 1
2 2 3 5 180.3
1 1 2 2 3
4 171.55 1 1 2
2 3 3 116.47 1
1 2 2 2 7
136.85 1 1 2 2
2 6 138.49 1 1
2 2 2 5 96.34
1 1 2 2 2
4 179.38 1 1 2
2 2 3 94.34 1
1 2 2 2 2
74.27 1 1 1 7
7 7 96.6 1 1
1 6 7 7 96.39
1 1 1 6 6
7 98.6 1 1 1
6 6 6 94.61 1
1 1 5 7 7
116.76 1 1 1 5
6 7 116.36 1 1
1 5 6 6 94.38
1 1 1 5 5
7 117.26 1 1 1
5 5 6 74.25 1
1 1 5 5 5
94.36 1 1 1 4
7 7 116.8 1 1
1 4 6 7 116.64
1 1 1 4 6
6 114.42 1 1 1
4 5 7 136.82 1
1 1 4 5 6
114.24 1 1 1 4
5 5 94.87 1 1
1 4 4 7 116.66
1 1 1 4 4
6 114.81 1 1 1
4 4 5 74.44 1
1 1 4 4 4
116.79 1 1 1 3
7 7 138.12 1 1
1 3 6 7 138.7
1 1 1 3 6
6 116.34 1 1 1
3 5 7 137.59 1
1 1 3 5 6
96.54 1 1 1 3
5 5 137.33 1 1
1 3 4 7 157.8
1 1 1 3 4
6 137.2 1 1 1
3 4 5 137.31 1
1 1 3 4 4
116.57 1 1 1 3
3 7 138.86 1 1
1 3 3 6 96.52
1 1 1 3 3
5 136.76 1 1 1
3 3 4 98.82 1
1 1 3 3 3
117.12 1 1 1 2
7 7 137.73 1 1
1 2 6 7 138.87
1 1 1 2 6
6 136.97 1 1 1
2 5 7 158.42 1
1 1 2 5 6
137.38 1 1 1 2
5 5 116.65 1 1
1 2 4 7 137.32
1 1 1 2 4
6 136.41 1 1 1
2 4 5 96.5 1
1 1 2 4 4
178.73 1 1 1 2
3 7 179.62 1 1
1 2 3 6 179.47
1 1 1 2 3
5 179.03 1 1 1
2 3 4 179.12 1
1 1 2 3 3
116.94 1 1 1 2
2 7 138.76 1 1
1 2 2 6 136.39
1 1 1 2 2
5 96.59 1 1 1
2 2 4 179.49 1
1 1 2 2 3
98.35 1 1 1 2
2 2 72.25 1 1
1 1 7 7 94.86
1 1 1 1 6
7 94.47 1 1 1
1 6 6 93.51 1
1 1 1 5 7
115.95 1 1 1 1
5 6 72.02 1 1
1 1 5 5 93.6
1 1 1 1 4
7 115.71 1 1 1
1 4 6 114.84 1
1 1 1 4 5
72.4 1 1 1 1
4 4 115.74 1 1
1 1 3 7 136.28
1 1 1 1 3
6 94.28 1 1 1
1 3 5 136.76 1
1 1 1 3 4
94.49 1 1 1 1
3 3 115.78 1 1
1 1 2 7 137.38
1 1 1 1 2
6 136.71 1 1 1
1 2 5 94.61 1
1 1 1 2 4
178.76 1 1 1 1
2 3 94.01 1 1
1 1 2 2 72.34
1 1 1 1 1
7 94.82 1 1 1
1 1 6 72.52 1
1 1 1 1 5
72.53 1 1 1 1
1 4 94.59 1 1
1 1 1 3 94.85
1 1 1 1 1
2 49.95 1 1 1
1 1 1
