42.17 7 7 7 7
7 47.99 6 7 7
7 7 48.52 6 6
7 7 7 48.12 6
6 6 7 7 48.88
6 6 6 6 7
41.87 6 6 6 6
6 48.01 5 7 7
7 7 52.91 5 6
7 7 7 54.95 5
6 6 7 7 54.97
5 6 6 6 7
54.75 5 6 6 6
6 48.16 5 5 7
7 7 55.11 5 5
6 7 7 56 5
5 6 6 7 54.59
5 5 6 6 6
48.45 5 5 5 7
7 55.31 5 5 5
6 7 55.86 5 5
5 6 6 48.24 5
5 5 5 7 55.01
5 5 5 5 6
42.08 5 5 5 5
5 48.08 4 7 7
7 7 54.06 4 6
7 7 7 55.34 4
6 6 7 7 55.09
4 6 6 6 7
56.03 4 6 6 6
6 53.34 4 5 7
7 7 58.16 4 5
6 7 7 60.48 4
5 6 6 7 58.99
4 5 6 6 6
55.39 4 5 5 7
7 60.82 4 5 5
6 7 61.77 4 5
5 6 6 55 4
5 5 5 7 59.72
4 5 5 5 6
54.92 4 5 5 5
5 48.36 4 4 7
7 7 54.88 4 4
6 7 7 54.66 4
4 6 6 7 55.34
4 4 6 6 6
54.78 4 4 5 7
7 60.94 4 4 5
6 7 60.96 4 4
5 6 6 55.51 4
4 5 5 7 61.76
4 4 5 5 6
55.39 4 4 5 5
5 48.45 4 4 4
7 7 55.09 4 4
4 6 7 54.25 4
4 4 6 6 54.39
4 4 4 5 7
60.52 4 4 4 5
6 55.54 4 4 4
5 5 48.22 4 4
4 4 7 54.65 4
4 4 4 6 54.79
4 4 4 4 5
41.87 4 4 4 4
4 48.55 3 7 7
7 7 53.56 3 6
7 7 7 51.98 3
6 6 7 7 54.5
3 6 6 6 7
47.92 3 6 6 6
6 54.07 3 5 7
7 7 57.63 3 5
6 7 7 58.65 3
5 6 6 7 60.47
3 5 6 6 6
53.18 3 5 5 7
7 58.33 3 5 5
6 7 57.47 3 5
5 6 6 55.63 3
5 5 5 7 60.02
3 5 5 5 6
48.4 3 5 5 5
5 53.89 3 4 7
7 7 58.75 3 4
6 7 7 57.04 3
4 6 6 7 60.27
3 4 6 6 6
59.72 3 4 5 7
7 63.88 3 4 5
6 7 62.72 3 4
5 6 6 57.91 3
4 5 5 7 63.73
3 4 5 5 6
60.2 3 4 5 5
5 55.47 3 4 4
7 7 61.1 3 4
4 6 7 59.37 3
4 4 6 6 60.91
3 4 4 5 7
65.23 3 4 4 5
6 59.34 3 4 4
5 5 54.01 3 4
4 4 7 60.19 3
4 4 4 6 59.94
3 4 4 4 5
54.03 3 4 4 4
4 48.93 3 3 7
7 7 53.11 3 3
6 7 7 52.94 3
3 6 6 7 48.09
3 3 6 6 6
53.17 3 3 5 7
7 57.35 3 3 5
6 7 57.02 3 3
5 6 6 52.56 3
3 5 5 7 57.89
3 3 5 5 6
48.97 3 3 5 5
5 54.75 3 3 4
7 7 58.2 3 3
4 6 7 57.89 3
3 4 6 6 60.28
3 3 4 5 7
62.75 3 3 4 5
6 59.06 3 3 4
5 5 55.24 3 3
4 4 7 59.73 3
3 4 4 6 58.54
3 3 4 4 5
55.57 3 3 4 4
4 47.56 3 3 3
7 7 53.46 3 3
3 6 7 48.59 3
3 3 6 6 54.74
3 3 3 5 7
60.04 3 3 3 5
6 48.46 3 3 3
5 5 55.1 3 3
3 4 7 60.57 3
3 3 4 6 60.7
3 3 3 4 5
55.17 3 3 3 4
4 48.89 3 3 3
3 7 48.18 3 3
3 3 6 48.56 3
3 3 3 5 55.08
3 3 3 3 4
41.89 3 3 3 3
3 48.5 2 7 7
7 7 54.8 2 6
7 7 7 52.34 2
6 6 7 7 55.13
2 6 6 6 7
48.16 2 6 6 6
6 53.93 2 5 7
7 7 59.17 2 5
6 7 7 58.93 2
5 6 6 7 60.83
2 5 6 6 6
54.49 2 5 5 7
7 60.66 2 5 5
6 7 59.75 2 5
5 6 6 55.57 2
5 5 5 7 60.94
2 5 5 5 6
53.63 2 5 5 5
5 53.43 2 4 7
7 7 57.9 2 4
6 7 7 57.84 2
4 6 6 7 60.13
2 4 6 6 6
58.34 2 4 5 7
7 63.1 2 4 5
6 7 63.81 2 4
5 6 6 60.72 2
4 5 5 7 64.43
2 4 5 5 6
59.57 2 4 5 5
5 53.35 2 4 4
7 7 57.25 2 4
4 6 7 56.53 2
4 4 6 6 57.46
2 4 4 5 7
63.39 2 4 4 5
6 58.82 2 4 4
5 5 54.69 2 4
4 4 7 60.97 2
4 4 4 6 60.85
2 4 4 4 5
48.05 2 4 4 4
4 59.84 2 3 7
7 7 56.29 2 3
6 7 7 60.35 2
3 6 6 7 53.09
2 3 6 6 6
64.05 2 3 5 7
7 62.01 2 3 5
6 7 65.94 2 3
5 6 6 64.26 2
3 5 5 7 61.62
2 3 5 5 6
65.55 2 3 5 5
5 65.03 2 3 4
7 7 62.3 2 3
4 6 7 64.89 2
3 4 6 6 68.77
2 3 4 5 7
68.08 2 3 4 5
6 68.1 2 3 4
5 5 63.39 2 3
4 4 7 61.32 2
3 4 4 6 68.75
2 3 4 4 5
66.84 2 3 4 4
4 57.76 2 3 3
7 7 58.72 2 3
3 6 7 55.64 2
3 3 6 6 61.42
2 3 3 5 7
63.26 2 3 3 5
6 62.66 2 3 3
5 5 62.65 2 3
3 4 7 63.64 2
3 3 4 6 67.96
2 3 3 4 5
60.92 2 3 3 4
4 60.42 2 3 3
3 7 54.41 2 3
3 3 6 66.75 2
3 3 3 5 66.46
2 3 3 3 4
54.71 2 3 3 3
3 47.96 2 2 7
7 7 52.45 2 2
6 7 7 52.78 2
2 6 6 7 48.33
2 2 6 6 6
54.1 2 2 5 7
7 59.13 2 2 5
6 7 58.88 2 2
5 6 6 54.29 2
2 5 5 7 58.99
2 2 5 5 6
55.84 2 2 5 5
5 53.25 2 2 4
7 7 56.91 2 2
4 6 7 56.72 2
2 4 6 6 58.26
2 2 4 5 7
63.5 2 2 4 5
6 60.12 2 2 4
5 5 52.21 2 2
4 4 7 57.53 2
2 4 4 6 60.55
2 2 4 4 5
47.92 2 2 4 4
4 57.74 2 2 3
7 7 58.06 2 2
3 6 7 54.7 2
2 3 6 6 63.91
2 2 3 5 7
64.07 2 2 3 5
6 61.69 2 2 3
5 5 61.16 2 2
3 4 7 63.77 2
2 3 4 6 68.48
2 2 3 4 5
61.98 2 2 3 4
4 56.81 2 2 3
3 7 55.51 2 2
3 3 6 61.48 2
2 3 3 5 61.26
2 2 3 3 4
54.64 2 2 3 3
3 48.21 2 2 2
7 7 54.49 2 2
2 6 7 48.36 2
2 2 6 6 54.68
2 2 2 5 7
61.29 2 2 2 5
6 55.01 2 2 2
5 5 54.07 2 2
2 4 7 60.08 2
2 2 4 6 60.57
2 2 2 4 5
48.07 2 2 2 4
4 59.99 2 2 2
3 7 55.04 2 2
2 3 6 65.83 2
2 2 3 5 65.46
2 2 2 3 4
54.32 2 2 2 3
3 48.13 2 2 2
2 7 48.81 2 2
2 2 6 55.48 2
2 2 2 5 48.49
2 2 2 2 4
54.62 2 2 2 2
3 42.13 2 2 2
2 2 48.18 1 7
7 7 7 53.93 1
6 7 7 7 54.85
1 6 6 7 7
54.32 1 6 6 6
7 55.27 1 6 6
6 6 53.83 1 5
7 7 7 59.93 1
5 6 7 7 60.28
1 5 6 6 7
59.95 1 5 6 6
6 51.92 1 5 5
7 7 58.1 1 5
5 6 7 59.73 1
5 5 6 6 55.05
1 5 5 5 7
60.67 1 5 5 5
6 47.96 1 5 5
5 5 53.99 1 4
7 7 7 58.81 1
4 6 7 7 60.77
1 4 6 6 7
59.17 1 4 6 6
6 58.2 1 4 5
7 7 64.16 1 4
5 6 7 64.99 1
4 5 6 6 57.61
1 4 5 5 7
64.54 1 4 5 5
6 59.9 1 4 5
5 5 53.34 1 4
4 7 7 59.01 1
4 4 6 7 59.76
1 4 4 6 6
57.67 1 4 4 5
7 64.08 1 4 4
5 6 56.49 1 4
4 5 5 55.31 1
4 4 4 7 60.86
1 4 4 4 6
60.73 1 4 4 4
5 48.33 1 4 4
4 4 58.88 1 3
7 7 7 64.16 1
3 6 7 7 64.35
1 3 6 6 7
65.41 1 3 6 6
6 57.29 1 3 5
7 7 62.02 1 3
5 6 7 62.05 1
3 5 6 6 60.36
1 3 5 5 7
66.18 1 3 5 5
6 54.09 1 3 5
5 5 64.05 1 3
4 7 7 67.07 1
3 4 6 7 66.51
1 3 4 6 6
62.81 1 3 4 5
7 67.77 1 3 4
5 6 65.88 1 3
4 5 5 62.43 1
3 4 4 7 69.02
1 3 4 4 6
61.85 1 3 4 4
5 64.31 1 3 4
4 4 57.44 1 3
3 7 7 61.06 1
3 3 6 7 61.77
1 3 3 6 6
58.87 1 3 3 5
7 64.1 1 3 3
5 6 55.32 1 3
3 5 5 63.13 1
3 3 4 7 67.82
1 3 3 4 6
63.83 1 3 3 4
5 61.76 1 3 3
4 4 61.44 1 3
3 3 7 66.55 1
3 3 3 6 54.72
1 3 3 3 5
66.13 1 3 3 3
4 55.24 1 3 3
3 3 58.35 1 2
7 7 7 64.73 1
2 6 7 7 63.6
1 2 6 6 7
64.95 1 2 6 6
6 64.18 1 2 5
7 7 69.66 1 2
5 6 7 68.78 1
2 5 6 6 63.07
1 2 5 5 7
69.05 1 2 5 5
6 65.92 1 2 5
5 5 57.44 1 2
4 7 7 62.44 1
2 4 6 7 60.82
1 2 4 6 6
62.84 1 2 4 5
7 67.72 1 2 4
5 6 61.66 1 2
4 5 5 60 1
2 4 4 7 65.47
1 2 4 4 6
65.89 1 2 4 4
5 54.28 1 2 4
4 4 72.76 1 2
3 7 7 71.29 1
2 3 6 7 75.75
1 2 3 6 6
71 1 2 3 5
7 70.33 1 2 3
5 6 75.44 1 2
3 5 5 72.07 1
2 3 4 7 70.44
1 2 3 4 6
71.18 1 2 3 4
5 74.1 1 2 3
4 4 70.09 1 2
3 3 7 72.87 1
2 3 3 6 72.48
1 2 3 3 5
68 1 2 3 3
4 78.61 1 2 3
3 3 58.06 1 2
2 7 7 61.24 1
2 2 6 7 60.68
1 2 2 6 6
61.92 1 2 2 5
7 67.64 1 2 2
5 6 61.19 1 2
2 5 5 59.82 1
2 2 4 7 64.81
1 2 2 4 6
64.85 1 2 2 4
5 55.05 1 2 2
4 4 69.5 1 2
2 3 7 73.18 1
2 2 3 6 68.84
1 2 2 3 5
71.21 1 2 2 3
4 67.15 1 2 2
3 3 60.31 1 2
2 2 7 64.76 1
2 2 2 6 65.2
1 2 2 2 5
53.99 1 2 2 2
4 77.07 1 2 2
2 3 53.85 1 2
2 2 2 48.39 1
1 7 7 7 54.74
1 1 6 7 7
55.33 1 1 6 6
7 55.66 1 1 6
6 6 53.42 1 1
5 7 7 59.49 1
1 5 6 7 59.76
1 1 5 6 6
52.6 1 1 5 5
7 60.04 1 1 5
5 6 47.35 1 1
5 5 5 52.37 1
1 4 7 7 59.11
1 1 4 6 7
59.15 1 1 4 6
6 56.77 1 1 4
5 7 63.09 1 1
4 5 6 57.8 1
1 4 5 5 53.01
1 1 4 4 7
59.33 1 1 4 4
6 56.56 1 1 4
4 5 48.16 1 1
4 4 4 57.25 1
1 3 7 7 61.41
1 1 3 6 7
61.47 1 1 3 6
6 59.89 1 1 3
5 7 64.75 1 1
3 5 6 54.82 1
1 3 5 5 61.55
1 1 3 4 7
67.52 1 1 3 4
6 63.14 1 1 3
4 5 61.03 1 1
3 4 4 56.89 1
1 3 3 7 61.65
1 1 3 3 6
55.81 1 1 3 3
5 61.18 1 1 3
3 4 54.99 1 1
3 3 3 56.65 1
1 2 7 7 62.57
1 1 2 6 7
61.76 1 1 2 6
6 61.83 1 1 2
5 7 66.88 1 1
2 5 6 62.66 1
1 2 5 5 60.98
1 1 2 4 7
64.12 1 1 2 4
6 64.45 1 1 2
4 5 55.66 1 1
2 4 4 70.58 1
1 2 3 7 68.92
1 1 2 3 6
72.09 1 1 2 3
5 73.91 1 1 2
3 4 68.87 1 1
2 3 3 57.34 1
1 2 2 7 62.4
1 1 2 2 6
62 1 1 2 2
5 54.7 1 1 2
2 4 67.99 1 1
2 2 3 55.17 1
1 2 2 2 48.6
1 1 1 7 7
55.06 1 1 1 6
7 54.89 1 1 1
6 6 53.76 1 1
1 5 7 59.96 1
1 1 5 6 48.91
1 1 1 5 5
53.71 1 1 1 4
7 59.08 1 1 1
4 6 59.86 1 1
1 4 5 48.51 1
1 1 4 4 60.89
1 1 1 3 7
65.82 1 1 1 3
6 54.99 1 1 1
3 5 66.58 1 1
1 3 4 55.42 1
1 1 3 3 60.12
1 1 1 2 7
65.75 1 1 1 2
6 66.3 1 1 1
2 5 54.66 1 1
1 2 4 76.03 1
1 1 2 3 55.26
1 1 1 2 2
48.41 1 1 1 1
7 55.05 1 1 1
1 6 48.04 1 1
1 1 5 48.76 1
1 1 1 4 55.43
1 1 1 1 3
54.83 1 1 1 1
2 41.57 1 1 1
1 1
