44.8 7 7 7 7
58.19 6 7 7 7
54.57 6 6 7 7
58.43 6 6 6 7
44.79 6 6 6 6
58.13 5 7 7 7
71.17 5 6 7 7
67.8 5 6 6 7
70.84 5 6 6 6
54.03 5 5 7 7
67.41 5 5 6 7
63.63 5 5 6 6
58.55 5 5 5 7
72.08 5 5 5 6
44.85 5 5 5 5
58.64 4 7 7 7
70.52 4 6 7 7
67.81 4 6 6 7
72.58 4 6 6 6
70.09 4 5 7 7
78.95 4 5 6 7
79.41 4 5 6 6
67.61 4 5 5 7
78.95 4 5 5 6
71.63 4 5 5 5
54.8 4 4 7 7
67.04 4 4 6 7
64.5 4 4 6 6
68.22 4 4 5 7
79.71 4 4 5 6
63.37 4 4 5 5
58.91 4 4 4 7
72.1 4 4 4 6
71.48 4 4 4 5
44.91 4 4 4 4
58.17 3 7 7 7
66.43 3 6 7 7
67.72 3 6 6 7
58.06 3 6 6 6
65.14 3 5 7 7
73.93 3 5 6 7
74.29 3 5 6 6
68.05 3 5 5 7
75.81 3 5 5 6
58.19 3 5 5 5
69.71 3 4 7 7
77.92 3 4 6 7
78.38 3 4 6 6
78 3 4 5 7
85.06 3 4 5 6
78.88 3 4 5 5
67.18 3 4 4 7
75.61 3 4 4 6
75.37 3 4 4 5
71.61 3 4 4 4
53.83 3 3 7 7
65.26 3 3 6 7
54.17 3 3 6 6
66 3 3 5 7
77.46 3 3 5 6
54.01 3 3 5 5
66.74 3 3 4 7
79.52 3 3 4 6
80.49 3 3 4 5
63.57 3 3 4 4
57.94 3 3 3 7
58.05 3 3 3 6
57.99 3 3 3 5
71.93 3 3 3 4
44.49 3 3 3 3
57.95 2 7 7 7
65.93 2 6 7 7
67.6 2 6 6 7
58.27 2 6 6 6
69.04 2 5 7 7
77.86 2 5 6 7
79.21 2 5 6 6
67.5 2 5 5 7
74.55 2 5 5 6
72.57 2 5 5 5
65.84 2 4 7 7
73.27 2 4 6 7
75.37 2 4 6 6
77.78 2 4 5 7
85.67 2 4 5 6
75.96 2 4 5 5
67.74 2 4 4 7
74.59 2 4 4 6
79.43 2 4 4 5
58.39 2 4 4 4
77.99 2 3 7 7
77.11 2 3 6 7
70.21 2 3 6 6
85.13 2 3 5 7
85.67 2 3 5 6
86.43 2 3 5 5
85.61 2 3 4 7
85.07 2 3 4 6
92.92 2 3 4 5
87.17 2 3 4 4
75.38 2 3 3 7
67.85 2 3 3 6
86.97 2 3 3 5
83.1 2 3 3 4
71.78 2 3 3 3
54.16 2 2 7 7
66.04 2 2 6 7
54.61 2 2 6 6
67.91 2 2 5 7
80.15 2 2 5 6
63.94 2 2 5 5
65.34 2 2 4 7
77.02 2 2 4 6
79.94 2 2 4 5
54.46 2 2 4 4
75.92 2 2 3 7
67.87 2 2 3 6
83.29 2 2 3 5
86.37 2 2 3 4
64.12 2 2 3 3
58.08 2 2 2 7
58.24 2 2 2 6
71.07 2 2 2 5
58.4 2 2 2 4
72.16 2 2 2 3
44.87 2 2 2 2
57.42 1 7 7 7
69.96 1 6 7 7
68.18 1 6 6 7
72.05 1 6 6 6
66.06 1 5 7 7
76.83 1 5 6 7
75.18 1 5 6 6
68.06 1 5 5 7
79.8 1 5 5 6
58.52 1 5 5 5
65.35 1 4 7 7
77.58 1 4 6 7
74.71 1 4 6 6
73.07 1 4 5 7
84.81 1 4 5 6
75 1 4 5 5
67.77 1 4 4 7
79.37 1 4 4 6
75.07 1 4 4 5
58.38 1 4 4 4
78.47 1 3 7 7
85.6 1 3 6 7
87.3 1 3 6 6
77.35 1 3 5 7
85.4 1 3 5 6
69.53 1 3 5 5
85.81 1 3 4 7
93.01 1 3 4 6
85.3 1 3 4 5
86.96 1 3 4 4
75.05 1 3 3 7
87.16 1 3 3 6
68.41 1 3 3 5
84.02 1 3 3 4
70.72 1 3 3 3
76.93 1 2 7 7
85.4 1 2 6 7
87.52 1 2 6 6
85.67 1 2 5 7
92.45 1 2 5 6
86.48 1 2 5 5
76.76 1 2 4 7
85.2 1 2 4 6
83.8 1 2 4 5
69.4 1 2 4 4
102.37 1 2 3 7
102.05 1 2 3 6
100.74 1 2 3 5
101.23 1 2 3 4
100.46 1 2 3 3
75.14 1 2 2 7
86.72 1 2 2 6
83.45 1 2 2 5
67.66 1 2 2 4
102.23 1 2 2 3
70.8 1 2 2 2
54.19 1 1 7 7
66.84 1 1 6 7
63.66 1 1 6 6
65.83 1 1 5 7
79.53 1 1 5 6
54.74 1 1 5 5
66.18 1 1 4 7
79.38 1 1 4 6
77.87 1 1 4 5
54.96 1 1 4 4
74.85 1 1 3 7
84.05 1 1 3 6
67.37 1 1 3 5
87.45 1 1 3 4
64.39 1 1 3 3
75.06 1 1 2 7
83.71 1 1 2 6
87.34 1 1 2 5
67.98 1 1 2 4
101.9 1 1 2 3
64.39 1 1 2 2
58.15 1 1 1 7
71.29 1 1 1 6
58.66 1 1 1 5
57.92 1 1 1 4
71.14 1 1 1 3
72.1 1 1 1 2
44.61 1 1 1 1
