49.99 7 7 7 7
7 7 7 7 72.56
6 7 7 7 7
7 7 7 72.44 6
6 7 7 7 7
7 7 74.6 6 6
6 7 7 7 7
7 74.36 6 6 6
6 7 7 7 7
74.48 6 6 6 6
6 7 7 7 72.26
6 6 6 6 6
6 7 7 72.35 6
6 6 6 6 6
6 7 49.99 6 6
6 6 6 6 6
6 72.39 5 7 7
7 7 7 7 7
94.23 5 6 7 7
7 7 7 7 94.82
5 6 6 7 7
7 7 7 96.94 5
6 6 6 7 7
7 7 97.22 5 6
6 6 6 7 7
7 97.13 5 6 6
6 6 6 7 7
95.25 5 6 6 6
6 6 6 7 95.44
5 6 6 6 6
6 6 6 72.53 5
5 7 7 7 7
7 7 94.78 5 5
6 7 7 7 7
7 95.1 5 5 6
6 7 7 7 7
97.19 5 5 6 6
6 7 7 7 96.78
5 5 6 6 6
6 7 7 97.09 5
5 6 6 6 6
6 7 94.47 5 5
6 6 6 6 6
6 74.53 5 5 5
7 7 7 7 7
96.89 5 5 5 6
7 7 7 7 96.93
5 5 5 6 6
7 7 7 99.08 5
5 5 6 6 6
7 7 98.8 5 5
5 6 6 6 6
7 99.2 5 5 5
6 6 6 6 6
74.34 5 5 5 5
7 7 7 7 96.69
5 5 5 5 6
7 7 7 96.77 5
5 5 5 6 6
7 7 98.9 5 5
5 5 6 6 6
7 98.61 5 5 5
5 6 6 6 6
74.56 5 5 5 5
5 7 7 7 97.12
5 5 5 5 5
6 7 7 97.18 5
5 5 5 5 6
6 7 99.13 5 5
5 5 5 6 6
6 72.46 5 5 5
5 5 5 7 7
95.08 5 5 5 5
5 5 6 7 94.79
5 5 5 5 5
5 6 6 72.62 5
5 5 5 5 5
5 7 95.25 5 5
5 5 5 5 5
6 50 5 5 5
5 5 5 5 5
72.35 4 7 7 7
7 7 7 7 93.98
4 6 7 7 7
7 7 7 95.14 4
6 6 7 7 7
7 7 96.71 4 6
6 6 7 7 7
7 97 4 6 6
6 6 7 7 7
97.17 4 6 6 6
6 6 7 7 94.87
4 6 6 6 6
6 6 7 94.78 4
6 6 6 6 6
6 6 94.08 4 5
7 7 7 7 7
7 114.31 4 5 6
7 7 7 7 7
116.51 4 5 6 6
7 7 7 7 118.1
4 5 6 6 6
7 7 7 117.84 4
5 6 6 6 6
7 7 118.08 4 5
6 6 6 6 6
7 116.13 4 5 6
6 6 6 6 6
94.49 4 5 5 7
7 7 7 7 116.02
4 5 5 6 7
7 7 7 117.57 4
5 5 6 6 7
7 7 119 4 5
5 6 6 6 7
7 119.11 4 5 5
6 6 6 6 7
119.74 4 5 5 6
6 6 6 6 96.61
4 5 5 5 7
7 7 7 118.24 4
5 5 5 6 7
7 7 119.44 4 5
5 5 6 6 7
7 121.09 4 5 5
5 6 6 6 7
121.11 4 5 5 5
6 6 6 6 96.61
4 5 5 5 5
7 7 7 118.24 4
5 5 5 5 6
7 7 119.19 4 5
5 5 5 6 6
7 121.28 4 5 5
5 5 6 6 6
96.75 4 5 5 5
5 5 7 7 118.35
4 5 5 5 5
5 6 7 119.05 4
5 5 5 5 5
6 6 95.28 4 5
5 5 5 5 5
7 115.95 4 5 5
5 5 5 5 6
94.91 4 5 5 5
5 5 5 5 72.51
4 4 7 7 7
7 7 7 95.24 4
4 6 7 7 7
7 7 94.77 4 4
6 6 7 7 7
7 97.11 4 4 6
6 6 7 7 7
96.54 4 4 6 6
6 6 7 7 96.82
4 4 6 6 6
6 6 7 95.11 4
4 6 6 6 6
6 6 94.59 4 4
5 7 7 7 7
7 116.27 4 4 5
6 7 7 7 7
117.21 4 4 5 6
6 7 7 7 119.31
4 4 5 6 6
6 7 7 119.08 4
4 5 6 6 6
6 7 119.46 4 4
5 6 6 6 6
6 94.74 4 4 5
5 7 7 7 7
117.48 4 4 5 5
6 7 7 7 116.89
4 4 5 5 6
6 7 7 119.05 4
4 5 5 6 6
6 7 119.44 4 4
5 5 6 6 6
6 97.1 4 4 5
5 5 7 7 7
118.67 4 4 5 5
5 6 7 7 119.38
4 4 5 5 5
6 6 7 121.91 4
4 5 5 5 6
6 6 96.85 4 4
5 5 5 5 7
7 118.98 4 4 5
5 5 5 6 7
119.1 4 4 5 5
5 5 6 6 96.97
4 4 5 5 5
5 5 7 119.1 4
4 5 5 5 5
5 6 94.93 4 4
5 5 5 5 5
5 74.64 4 4 4
7 7 7 7 7
96.94 4 4 4 6
7 7 7 7 97
4 4 4 6 6
7 7 7 99.18 4
4 4 6 6 6
7 7 98.87 4 4
4 6 6 6 6
7 99.17 4 4 4
6 6 6 6 6
97.01 4 4 4 5
7 7 7 7 118.07
4 4 4 5 6
7 7 7 119.43 4
4 4 5 6 6
7 7 121.43 4 4
4 5 6 6 6
7 121.3 4 4 4
5 6 6 6 6
97.04 4 4 4 5
5 7 7 7 119.28
4 4 4 5 5
6 7 7 119.36 4
4 4 5 5 6
6 7 121.54 4 4
4 5 5 6 6
6 99.15 4 4 4
5 5 5 7 7
121.27 4 4 4 5
5 5 6 7 121.62
4 4 4 5 5
5 6 6 99 4
4 4 5 5 5
5 7 121.31 4 4
4 5 5 5 5
6 99.19 4 4 4
5 5 5 5 5
74.29 4 4 4 4
7 7 7 7 96.8
4 4 4 4 6
7 7 7 96.64 4
4 4 4 6 6
7 7 98.86 4 4
4 4 6 6 6
7 98.74 4 4 4
4 6 6 6 6
96.61 4 4 4 4
5 7 7 7 118.32
4 4 4 4 5
6 7 7 119.36 4
4 4 4 5 6
6 7 121.13 4 4
4 4 5 6 6
6 96.78 4 4 4
4 5 5 7 7
118.99 4 4 4 4
5 5 6 7 119.33
4 4 4 4 5
5 6 6 98.86 4
4 4 4 5 5
5 7 121.28 4 4
4 4 5 5 5
6 98.49 4 4 4
4 5 5 5 5
74.64 4 4 4 4
4 7 7 7 97.19
4 4 4 4 4
6 7 7 97.38 4
4 4 4 4 6
6 7 99.1 4 4
4 4 4 6 6
6 97.15 4 4 4
4 4 5 7 7
118.64 4 4 4 4
4 5 6 7 119.07
4 4 4 4 4
5 6 6 97.02 4
4 4 4 4 5
5 7 119.54 4 4
4 4 4 5 5
6 99.28 4 4 4
4 4 5 5 5
72.26 4 4 4 4
4 4 7 7 94.92
4 4 4 4 4
4 6 7 95.44 4
4 4 4 4 4
6 6 95.06 4 4
4 4 4 4 5
7 116.01 4 4 4
4 4 4 5 6
94.94 4 4 4 4
4 4 5 5 72.26
4 4 4 4 4
4 4 7 95.1 4
4 4 4 4 4
4 6 95.28 4 4
4 4 4 4 4
5 50 4 4 4
4 4 4 4 4
72.42 3 7 7 7
7 7 7 7 93.71
3 6 7 7 7
7 7 7 95.02 3
6 6 7 7 7
7 7 96.52 3 6
6 6 7 7 7
7 96.73 3 6 6
6 6 7 7 7
94.77 3 6 6 6
6 6 7 7 95.01
3 6 6 6 6
6 6 7 72.38 3
6 6 6 6 6
6 6 93.93 3 5
7 7 7 7 7
7 114 3 5 6
7 7 7 7 7
115.78 3 5 6 6
7 7 7 7 118.07
3 5 6 6 6
7 7 7 118.49 3
5 6 6 6 6
7 7 116.17 3 5
6 6 6 6 6
7 116.03 3 5 6
6 6 6 6 6
95.08 3 5 5 7
7 7 7 7 116.32
3 5 5 6 7
7 7 7 117.71 3
5 5 6 6 7
7 7 119 3 5
5 6 6 6 7
7 118.97 3 5 5
6 6 6 6 7
117.4 3 5 5 6
6 6 6 6 96.31
3 5 5 5 7
7 7 7 117.7 3
5 5 5 6 7
7 7 118.87 3 5
5 5 6 6 7
7 121.12 3 5 5
5 6 6 6 7
121.44 3 5 5 5
6 6 6 6 96.33
3 5 5 5 5
7 7 7 117.85 3
5 5 5 5 6
7 7 119.05 3 5
5 5 5 6 6
7 120.89 3 5 5
5 5 6 6 6
94.79 3 5 5 5
5 5 7 7 116.58
3 5 5 5 5
5 6 7 117.39 3
5 5 5 5 5
6 6 94.74 3 5
5 5 5 5 5
7 116.36 3 5 5
5 5 5 5 6
72.35 3 5 5 5
5 5 5 5 93.35
3 4 7 7 7
7 7 7 115.25 3
4 6 7 7 7
7 7 115.93 3 4
6 6 7 7 7
7 117.9 3 4 6
6 6 7 7 7
118.17 3 4 6 6
6 6 7 7 116.22
3 4 6 6 6
6 6 7 116.53 3
4 6 6 6 6
6 6 115.23 3 4
5 7 7 7 7
7 135.23 3 4 5
6 7 7 7 7
137.79 3 4 5 6
6 7 7 7 139.16
3 4 5 6 6
6 7 7 139.82 3
4 5 6 6 6
6 7 137.23 3 4
5 6 6 6 6
6 115.85 3 4 5
5 7 7 7 7
138.31 3 4 5 5
6 7 7 7 138.57
3 4 5 5 6
6 7 7 140.1 3
4 5 5 6 6
6 7 140.76 3 4
5 5 6 6 6
6 118.02 3 4 5
5 5 7 7 7
139.37 3 4 5 5
5 6 7 7 140.17
3 4 5 5 5
6 6 7 142.21 3
4 5 5 5 6
6 6 117.92 3 4
5 5 5 5 7
7 138.9 3 4 5
5 5 5 6 7
140.82 3 4 5 5
5 5 6 6 116
3 4 5 5 5
5 5 7 137.8 3
4 5 5 5 5
5 6 116.25 3 4
5 5 5 5 5
5 94.64 3 4 4
7 7 7 7 7
116.31 3 4 4 6
7 7 7 7 117.42
3 4 4 6 6
7 7 7 119.27 3
4 4 6 6 6
7 7 119.31 3 4
4 6 6 6 6
7 117.01 3 4 4
6 6 6 6 6
115.52 3 4 4 5
7 7 7 7 136.28
3 4 4 5 6
7 7 7 137.91 3
4 4 5 6 6
7 7 140.55 3 4
4 5 6 6 6
7 140.59 3 4 4
5 6 6 6 6
117.19 3 4 4 5
5 7 7 7 139.04
3 4 4 5 5
6 7 7 139.94 3
4 4 5 5 6
6 7 141.15 3 4
4 5 5 6 6
6 118.85 3 4 4
5 5 5 7 7
140.32 3 4 4 5
5 5 6 7 141.35
3 4 4 5 5
5 6 6 119.01 3
4 4 5 5 5
5 7 140.51 3 4
4 5 5 5 5
6 117.52 3 4 4
5 5 5 5 5
97.19 3 4 4 4
7 7 7 7 117.86
3 4 4 4 6
7 7 7 119.49 3
4 4 4 6 6
7 7 121.17 3 4
4 4 6 6 6
7 120.87 3 4 4
4 6 6 6 6
118.67 3 4 4 4
5 7 7 7 138.56
3 4 4 4 5
6 7 7 140.61 3
4 4 4 5 6
6 7 142.14 3 4
4 4 5 6 6
6 119.36 3 4 4
4 5 5 7 7
140.47 3 4 4 4
5 5 6 7 141.58
3 4 4 4 5
5 6 6 120.97 3
4 4 4 5 5
5 7 142.29 3 4
4 4 5 5 5
6 121.12 3 4 4
4 5 5 5 5
96.77 3 4 4 4
4 7 7 7 118.06
3 4 4 4 4
6 7 7 119.36 3
4 4 4 4 6
6 7 121 3 4
4 4 4 6 6
6 118.23 3 4 4
4 4 5 7 7
138.61 3 4 4 4
4 5 6 7 140.67
3 4 4 4 4
5 6 6 119.12 3
4 4 4 4 5
5 7 140.2 3 4
4 4 4 5 5
6 120.8 3 4 4
4 4 5 5 5
96.78 3 4 4 4
4 4 7 7 118.73
3 4 4 4 4
4 6 7 119.12 3
4 4 4 4 4
6 6 118.51 3 4
4 4 4 4 5
7 138.89 3 4 4
4 4 4 5 6
119.47 3 4 4 4
4 4 5 5 94.76
3 4 4 4 4
4 4 7 116.35 3
4 4 4 4 4
4 6 116 3 4
4 4 4 4 4
5 95.35 3 4 4
4 4 4 4 4
72.4 3 3 7 7
7 7 7 7 95.08
3 3 6 7 7
7 7 7 94.13 3
3 6 6 7 7
7 7 96.6 3 3
6 6 6 7 7
7 94.94 3 3 6
6 6 6 7 7
94.49 3 3 6 6
6 6 6 7 72.76
3 3 6 6 6
6 6 6 94.56 3
3 5 7 7 7
7 7 116.02 3 3
5 6 7 7 7
7 117.23 3 3 5
6 6 7 7 7
119.45 3 3 5 6
6 6 7 7 117.15
3 3 5 6 6
6 6 7 117.22 3
3 5 6 6 6
6 6 94.69 3 3
5 5 7 7 7
7 117.1 3 3 5
5 6 7 7 7
116.82 3 3 5 5
6 6 7 7 118.64
3 3 5 5 6
6 6 7 116.69 3
3 5 5 6 6
6 6 96.84 3 3
5 5 5 7 7
7 118.9 3 3 5
5 5 6 7 7
119.02 3 3 5 5
5 6 6 7 121.05
3 3 5 5 5
6 6 6 94.84 3
3 5 5 5 5
7 7 116.78 3 3
5 5 5 5 6
7 116.69 3 3 5
5 5 5 6 6
94.9 3 3 5 5
5 5 5 7 116.82
3 3 5 5 5
5 5 6 72.43 3
3 5 5 5 5
5 5 95 3 3
4 7 7 7 7
7 117.53 3 3 4
6 7 7 7 7
116.77 3 3 4 6
6 7 7 7 119.24
3 3 4 6 6
6 7 7 117.19 3
3 4 6 6 6
6 7 117.38 3 3
4 6 6 6 6
6 117.13 3 3 4
5 7 7 7 7
138.53 3 3 4 5
6 7 7 7 139.03
3 3 4 5 6
6 7 7 141 3
3 4 5 6 6
6 7 139.49 3 3
4 5 6 6 6
6 117.06 3 3 4
5 5 7 7 7
139.28 3 3 4 5
5 6 7 7 139.02
3 3 4 5 5
6 6 7 141.37 3
3 4 5 5 6
6 6 119.05 3 3
4 5 5 5 7
7 141.64 3 3 4
5 5 5 6 7
141.15 3 3 4 5
5 5 6 6 116.8
3 3 4 5 5
5 5 7 139.1 3
3 4 5 5 5
5 6 117.77 3 3
4 5 5 5 5
5 94.71 3 3 4
4 7 7 7 7
117.01 3 3 4 4
6 7 7 7 116.82
3 3 4 4 6
6 7 7 119.03 3
3 4 4 6 6
6 7 116.76 3 3
4 4 6 6 6
6 117.46 3 3 4
4 5 7 7 7
138 3 3 4 4
5 6 7 7 139.24
3 3 4 4 5
6 6 7 141.36 3
3 4 4 5 6
6 6 117.3 3 3
4 4 5 5 7
7 139 3 3 4
4 5 5 6 7
138.81 3 3 4 4
5 5 6 6 119.01
3 3 4 4 5
5 5 7 141.55 3
3 4 4 5 5
5 6 117.1 3 3
4 4 5 5 5
5 96.94 3 3 4
4 4 7 7 7
119.55 3 3 4 4
4 6 7 7 119.11
3 3 4 4 4
6 6 7 121.37 3
3 4 4 4 6
6 6 119.22 3 3
4 4 4 5 7
7 140.21 3 3 4
4 4 5 6 7
141.63 3 3 4 4
4 5 6 6 119.49
3 3 4 4 4
5 5 7 141.85 3
3 4 4 4 5
5 6 121.25 3 3
4 4 4 5 5
5 96.62 3 3 4
4 4 4 7 7
119.09 3 3 4 4
4 4 6 7 119.25
3 3 4 4 4
4 6 6 118.72 3
3 4 4 4 4
5 7 140.5 3 3
4 4 4 4 5
6 118.88 3 3 4
4 4 4 5 5
97.16 3 3 4 4
4 4 4 7 119.71
3 3 4 4 4
4 4 6 119.53 3
3 4 4 4 4
4 5 94.79 3 3
4 4 4 4 4
4 74.56 3 3 3
7 7 7 7 7
96.62 3 3 3 6
7 7 7 7 96.57
3 3 3 6 6
7 7 7 96.85 3
3 3 6 6 6
7 7 97.01 3 3
3 6 6 6 6
7 74.54 3 3 3
6 6 6 6 6
96.65 3 3 3 5
7 7 7 7 117.3
3 3 3 5 6
7 7 7 118.42 3
3 3 5 6 6
7 7 118.61 3 3
3 5 6 6 6
7 119.09 3 3 3
5 6 6 6 6
96.71 3 3 3 5
5 7 7 7 118.99
3 3 3 5 5
6 7 7 118.69 3
3 3 5 5 6
6 7 118.95 3 3
3 5 5 6 6
6 96.69 3 3 3
5 5 5 7 7
118.39 3 3 3 5
5 5 6 7 118.97
3 3 3 5 5
5 6 6 96.38 3
3 3 5 5 5
5 7 118.97 3 3
3 5 5 5 5
6 74.59 3 3 3
5 5 5 5 5
96.99 3 3 3 4
7 7 7 7 119.25
3 3 3 4 6
7 7 7 119.36 3
3 3 4 6 6
7 7 119.15 3 3
3 4 6 6 6
7 118.92 3 3 3
4 6 6 6 6
118.98 3 3 3 4
5 7 7 7 139.89
3 3 3 4 5
6 7 7 140.68 3
3 3 4 5 6
6 7 140.73 3 3
3 4 5 6 6
6 118.87 3 3 3
4 5 5 7 7
140.78 3 3 3 4
5 5 6 7 141.53
3 3 3 4 5
5 6 6 118.72 3
3 3 4 5 5
5 7 141.32 3 3
3 4 5 5 5
6 119.45 3 3 3
4 5 5 5 5
96.81 3 3 3 4
4 7 7 7 118.63
3 3 3 4 4
6 7 7 119.09 3
3 3 4 4 6
6 7 119.02 3 3
3 4 4 6 6
6 119.12 3 3 3
4 4 5 7 7
139.53 3 3 3 4
4 5 6 7 140.69
3 3 3 4 4
5 6 6 118.77 3
3 3 4 4 5
5 7 141.49 3 3
3 4 4 5 5
6 119.62 3 3 3
4 4 5 5 5
99.2 3 3 3 4
4 4 7 7 120.55
3 3 3 4 4
4 6 7 121.44 3
3 3 4 4 4
6 6 121 3 3
3 4 4 4 5
7 142.26 3 3 3
4 4 4 5 6
121.28 3 3 3 4
4 4 5 5 98.7
3 3 3 4 4
4 4 7 121.09 3
3 3 4 4 4
4 6 120.66 3 3
3 4 4 4 4
5 99.32 3 3 3
4 4 4 4 4
74.27 3 3 3 3
7 7 7 7 96.45
3 3 3 3 6
7 7 7 94.87 3
3 3 3 6 6
7 7 96.79 3 3
3 3 6 6 6
7 74.26 3 3 3
3 6 6 6 6
96.81 3 3 3 3
5 7 7 7 118.24
3 3 3 3 5
6 7 7 116.71 3
3 3 3 5 6
6 7 119.24 3 3
3 3 5 6 6
6 94.31 3 3 3
3 5 5 7 7
116.17 3 3 3 3
5 5 6 7 114.81
3 3 3 3 5
5 6 6 96.99 3
3 3 3 5 5
5 7 118.55 3 3
3 3 5 5 5
6 74.25 3 3 3
3 5 5 5 5
96.86 3 3 3 3
4 7 7 7 118.77
3 3 3 3 4
6 7 7 117.36 3
3 3 3 4 6
6 7 118.99 3 3
3 3 4 6 6
6 118.67 3 3 3
3 4 5 7 7
140.54 3 3 3 3
4 5 6 7 139.16
3 3 3 3 4
5 6 6 116.87 3
3 3 3 4 5
5 7 139.61 3 3
3 3 4 5 5
6 119.16 3 3 3
3 4 5 5 5
97.11 3 3 3 3
4 4 7 7 119.3
3 3 3 3 4
4 6 7 117.19 3
3 3 3 4 4
6 6 118.93 3 3
3 3 4 4 5
7 140.1 3 3 3
3 4 4 5 6
117.08 3 3 3 3
4 4 5 5 98.91
3 3 3 3 4
4 4 7 121.11 3
3 3 3 4 4
4 6 121.02 3 3
3 3 4 4 4
5 98.63 3 3 3
3 4 4 4 4
74.54 3 3 3 3
3 7 7 7 94.97
3 3 3 3 3
6 7 7 95.07 3
3 3 3 3 6
6 7 74.56 3 3
3 3 3 6 6
6 94.82 3 3 3
3 3 5 7 7
115.53 3 3 3 3
3 5 6 7 115.41
3 3 3 3 3
5 6 6 94.84 3
3 3 3 3 5
5 7 115.4 3 3
3 3 3 5 5
6 74.56 3 3 3
3 3 5 5 5
96.9 3 3 3 3
3 4 7 7 117.18
3 3 3 3 3
4 6 7 117.09 3
3 3 3 3 4
6 6 117.33 3 3
3 3 3 4 5
7 137.46 3 3 3
3 3 4 5 6
118.1 3 3 3 3
3 4 5 5 97.24
3 3 3 3 3
4 4 7 117.23 3
3 3 3 3 4
4 6 117.24 3 3
3 3 3 4 4
5 99.15 3 3 3
3 3 4 4 4
72.52 3 3 3 3
3 3 7 7 94.07
3 3 3 3 3
3 6 7 72.43 3
3 3 3 3 3
6 6 93.81 3 3
3 3 3 3 5
7 115.17 3 3 3
3 3 3 5 6
72.35 3 3 3 3
3 3 5 5 95.07
3 3 3 3 3
3 4 7 115.77 3
3 3 3 3 3
4 6 116.35 3 3
3 3 3 3 4
5 94.75 3 3 3
3 3 3 4 4
72.55 3 3 3 3
3 3 3 7 72.47
3 3 3 3 3
3 3 6 72.51 3
3 3 3 3 3
3 5 94.9 3 3
3 3 3 3 3
4 49.99 3 3 3
3 3 3 3 3
72.58 2 7 7 7
7 7 7 7 93.81
2 6 7 7 7
7 7 7 95.23 2
6 6 7 7 7
7 7 96.66 2 6
6 6 7 7 7
7 97.38 2 6 6
6 6 7 7 7
94.76 2 6 6 6
6 6 7 7 95.43
2 6 6 6 6
6 6 7 72.58 2
6 6 6 6 6
6 6 93.83 2 5
7 7 7 7 7
7 115.43 2 5 6
7 7 7 7 7
115.91 2 5 6 6
7 7 7 7 118.22
2 5 6 6 6
7 7 7 118.11 2
5 6 6 6 6
7 7 116.18 2 5
6 6 6 6 6
7 116.93 2 5 6
6 6 6 6 6
94.65 2 5 5 7
7 7 7 7 116.3
2 5 5 6 7
7 7 7 117.26 2
5 5 6 6 7
7 7 118.96 2 5
5 6 6 6 7
7 119.23 2 5 5
6 6 6 6 7
117.1 2 5 5 6
6 6 6 6 96.62
2 5 5 5 7
7 7 7 118.31 2
5 5 5 6 7
7 7 118.75 2 5
5 5 6 6 7
7 121.37 2 5 5
5 6 6 6 7
121.28 2 5 5 5
6 6 6 6 96.56
2 5 5 5 5
7 7 7 117.8 2
5 5 5 5 6
7 7 119.04 2 5
5 5 5 6 6
7 121.01 2 5 5
5 5 6 6 6
96.95 2 5 5 5
5 5 7 7 118.58
2 5 5 5 5
5 6 7 119.55 2
5 5 5 5 5
6 6 94.89 2 5
5 5 5 5 5
7 116.46 2 5 5
5 5 5 5 6
94.81 2 5 5 5
5 5 5 5 94.05
2 4 7 7 7
7 7 7 113.62 2
4 6 7 7 7
7 7 116.51 2 4
6 6 7 7 7
7 118.25 2 4 6
6 6 7 7 7
118.17 2 4 6 6
6 6 7 7 116.14
2 4 6 6 6
6 6 7 116.02 2
4 6 6 6 6
6 6 115.2 2 4
5 7 7 7 7
7 135.34 2 4 5
6 7 7 7 7
137.02 2 4 5 6
6 7 7 7 138.98
2 4 5 6 6
6 7 7 139.78 2
4 5 6 6 6
6 7 137.36 2 4
5 6 6 6 6
6 116.17 2 4 5
5 7 7 7 7
136.22 2 4 5 5
6 7 7 7 138.21
2 4 5 5 6
6 7 7 140.12 2
4 5 5 6 6
6 7 140.22 2 4
5 5 6 6 6
6 117.78 2 4 5
5 5 7 7 7
138.34 2 4 5 5
5 6 7 7 140.49
2 4 5 5 5
6 6 7 142.17 2
4 5 5 5 6
6 6 118.2 2 4
5 5 5 5 7
7 138.06 2 4 5
5 5 5 6 7
140.38 2 4 5 5
5 5 6 6 118.66
2 4 5 5 5
5 5 7 139 2
4 5 5 5 5
5 6 116.79 2 4
5 5 5 5 5
5 94.89 2 4 4
7 7 7 7 7
116.25 2 4 4 6
7 7 7 7 117.81
2 4 4 6 6
7 7 7 118.76 2
4 4 6 6 6
7 7 118.87 2 4
4 6 6 6 6
7 117.22 2 4 4
6 6 6 6 6
116.18 2 4 4 5
7 7 7 7 137.21
2 4 4 5 6
7 7 7 138.13 2
4 4 5 6 6
7 7 140.46 2 4
4 5 6 6 6
7 140.64 2 4 4
5 6 6 6 6
117.05 2 4 4 5
5 7 7 7 138.47
2 4 4 5 5
6 7 7 139.1 2
4 4 5 5 6
6 7 141.14 2 4
4 5 5 6 6
6 119.41 2 4 4
5 5 5 7 7
140.42 2 4 4 5
5 5 6 7 141.52
2 4 4 5 5
5 6 6 118.79 2
4 4 5 5 5
5 7 140.83 2 4
4 5 5 5 5
6 119.55 2 4 4
5 5 5 5 5
96.69 2 4 4 4
7 7 7 7 118.18
2 4 4 4 6
7 7 7 119.18 2
4 4 4 6 6
7 7 120.69 2 4
4 4 6 6 6
7 120.82 2 4 4
4 6 6 6 6
117.97 2 4 4 4
5 7 7 7 139.45
2 4 4 4 5
6 7 7 140.31 2
4 4 4 5 6
6 7 142.3 2 4
4 4 5 6 6
6 119.13 2 4 4
4 5 5 7 7
140.22 2 4 4 4
5 5 6 7 141.13
2 4 4 4 5
5 6 6 121.17 2
4 4 4 5 5
5 7 142.08 2 4
4 4 5 5 5
6 121.18 2 4 4
4 5 5 5 5
96.4 2 4 4 4
4 7 7 7 117.52
2 4 4 4 4
6 7 7 119.13 2
4 4 4 4 6
6 7 120.74 2 4
4 4 4 6 6
6 118.22 2 4 4
4 4 5 7 7
139.27 2 4 4 4
4 5 6 7 140.56
2 4 4 4 4
5 6 6 118.92 2
4 4 4 4 5
5 7 140.13 2 4
4 4 4 5 5
6 121.2 2 4 4
4 4 5 5 5
94.72 2 4 4 4
4 4 7 7 116.58
2 4 4 4 4
4 6 7 117.14 2
4 4 4 4 4
6 6 115.95 2 4
4 4 4 4 5
7 137.41 2 4 4
4 4 4 5 6
117.51 2 4 4 4
4 4 5 5 95.09
2 4 4 4 4
4 4 7 116.29 2
4 4 4 4 4
4 6 116.21 2 4
4 4 4 4 4
5 72.64 2 4 4
4 4 4 4 4
114.88 2 3 7 7
7 7 7 7 114.68
2 3 6 7 7
7 7 7 118.11 2
3 6 6 7 7
7 7 117.58 2 3
6 6 6 7 7
7 116.09 2 3 6
6 6 6 7 7
115.99 2 3 6 6
6 6 6 7 93.75
2 3 6 6 6
6 6 6 136.3 2
3 5 7 7 7
7 7 135.96 2 3
5 6 7 7 7
7 138.97 2 3 5
6 6 7 7 7
139.36 2 3 5 6
6 6 7 7 137.61
2 3 5 6 6
6 6 7 137.44 2
3 5 6 6 6
6 6 137.4 2 3
5 5 7 7 7
7 137.61 2 3 5
5 6 7 7 7
140.72 2 3 5 5
6 6 7 7 140.43
2 3 5 5 6
6 6 7 138.3 2
3 5 5 6 6
6 6 139.23 2 3
5 5 5 7 7
7 138.94 2 3 5
5 5 6 7 7
142.21 2 3 5 5
5 6 6 7 141.94
2 3 5 5 5
6 6 6 139.52 2
3 5 5 5 5
7 7 139.25 2 3
5 5 5 5 6
7 141.97 2 3 5
5 5 5 6 6
137.68 2 3 5 5
5 5 5 7 137.36
2 3 5 5 5
5 5 6 137.53 2
3 5 5 5 5
5 5 135.3 2 3
4 7 7 7 7
7 136.31 2 3 4
6 7 7 7 7
139.19 2 3 4 6
6 7 7 7 138.97
2 3 4 6 6
6 7 7 137.72 2
3 4 6 6 6
6 7 137.87 2 3
4 6 6 6 6
6 156.08 2 3 4
5 7 7 7 7
157.21 2 3 4 5
6 7 7 7 159.71
2 3 4 5 6
6 7 7 160.36 2
3 4 5 6 6
6 7 158.46 2 3
4 5 6 6 6
6 157.33 2 3 4
5 5 7 7 7
158.62 2 3 4 5
5 6 7 7 161.26
2 3 4 5 5
6 6 7 162.39 2
3 4 5 5 6
6 6 159.5 2 3
4 5 5 5 7
7 160.77 2 3 4
5 5 5 6 7
163.18 2 3 4 5
5 5 6 6 160.48
2 3 4 5 5
5 5 7 161.02 2
3 4 5 5 5
5 6 158.41 2 3
4 5 5 5 5
5 137.32 2 3 4
4 7 7 7 7
137.46 2 3 4 4
6 7 7 7 140.04
2 3 4 4 6
6 7 7 140.13 2
3 4 4 6 6
6 7 138.85 2 3
4 4 6 6 6
6 158.16 2 3 4
4 5 7 7 7
159.71 2 3 4 4
5 6 7 7 161.57
2 3 4 4 5
6 6 7 161.7 2
3 4 4 5 6
6 6 159.39 2 3
4 4 5 5 7
7 159.77 2 3 4
4 5 5 6 7
162.55 2 3 4 4
5 5 6 6 161.32
2 3 4 4 5
5 5 7 162.26 2
3 4 4 5 5
5 6 161.77 2 3
4 4 5 5 5
5 139.57 2 3 4
4 4 7 7 7
139.23 2 3 4 4
4 6 7 7 142.38
2 3 4 4 4
6 6 7 142.21 2
3 4 4 4 6
6 6 159.45 2 3
4 4 4 5 7
7 160.84 2 3 4
4 4 5 6 7
163.22 2 3 4 4
4 5 6 6 161.45
2 3 4 4 4
5 5 7 161.41 2
3 4 4 4 5
5 6 163.74 2 3
4 4 4 5 5
5 139.25 2 3 4
4 4 4 7 7
139.53 2 3 4 4
4 4 6 7 142
2 3 4 4 4
4 6 6 159.78 2
3 4 4 4 4
5 7 160.94 2 3
4 4 4 4 5
6 161.88 2 3 4
4 4 4 5 5
137.87 2 3 4 4
4 4 4 7 137.54
2 3 4 4 4
4 4 6 157.68 2
3 4 4 4 4
4 5 137.36 2 3
4 4 4 4 4
4 115.09 2 3 3
7 7 7 7 7
116.99 2 3 3 6
7 7 7 7 118.54
2 3 3 6 6
7 7 7 117.15 2
3 3 6 6 6
7 7 117.55 2 3
3 6 6 6 6
7 94.93 2 3 3
6 6 6 6 6
136.07 2 3 3 5
7 7 7 7 138.71
2 3 3 5 6
7 7 7 141.08 2
3 3 5 6 6
7 7 139.7 2 3
3 5 6 6 6
7 140.14 2 3 3
5 6 6 6 6
137.53 2 3 3 5
5 7 7 7 138.98
2 3 3 5 5
6 7 7 141.14 2
3 3 5 5 6
6 7 139.4 2 3
3 5 5 6 6
6 139.31 2 3 3
5 5 5 7 7
140.62 2 3 3 5
5 5 6 7 143.18
2 3 3 5 5
5 6 6 137.27 2
3 3 5 5 5
5 7 139.15 2 3
3 5 5 5 5
6 137.78 2 3 3
5 5 5 5 5
136.59 2 3 3 4
7 7 7 7 137.6
2 3 3 4 6
7 7 7 140.06 2
3 3 4 6 6
7 7 137.95 2 3
3 4 6 6 6
7 138.83 2 3 3
4 6 6 6 6
158.18 2 3 3 4
5 7 7 7 160.32
2 3 3 4 5
6 7 7 162.37 2
3 3 4 5 6
6 7 160.31 2 3
3 4 5 6 6
6 157.93 2 3 3
4 5 5 7 7
160.8 2 3 3 4
5 5 6 7 162.37
2 3 3 4 5
5 6 6 160.71 2
3 3 4 5 5
5 7 161.94 2 3
3 4 5 5 5
6 158.24 2 3 3
4 5 5 5 5
137.92 2 3 3 4
4 7 7 7 139.03
2 3 3 4 4
6 7 7 140.95 2
3 3 4 4 6
6 7 139.42 2 3
3 4 4 6 6
6 159.17 2 3 3
4 4 5 7 7
161.42 2 3 3 4
4 5 6 7 163.5
2 3 3 4 4
5 6 6 159.25 2
3 3 4 4 5
5 7 161.16 2 3
3 4 4 5 5
6 161.6 2 3 3
4 4 5 5 5
138.71 2 3 3 4
4 4 7 7 140.62
2 3 3 4 4
4 6 7 143.32 2
3 3 4 4 4
6 6 161.19 2 3
3 4 4 4 5
7 163.27 2 3 3
4 4 4 5 6
161.14 2 3 3 4
4 4 5 5 139.65
2 3 3 4 4
4 4 7 141.26 2
3 3 4 4 4
4 6 160.96 2 3
3 4 4 4 4
5 137.37 2 3 3
4 4 4 4 4
119.33 2 3 3 3
7 7 7 7 119.32
2 3 3 3 6
7 7 7 118.73 2
3 3 3 6 6
7 7 118.99 2 3
3 3 6 6 6
7 96.92 2 3 3
3 6 6 6 6
140.03 2 3 3 3
5 7 7 7 141.56
2 3 3 3 5
6 7 7 141.15 2
3 3 3 5 6
6 7 141.38 2 3
3 3 5 6 6
6 140.87 2 3 3
3 5 5 7 7
141.04 2 3 3 3
5 5 6 7 141.46
2 3 3 3 5
5 6 6 140.95 2
3 3 3 5 5
5 7 140.64 2 3
3 3 5 5 5
6 141.26 2 3 3
3 5 5 5 5
140.6 2 3 3 3
4 7 7 7 139.75
2 3 3 3 4
6 7 7 140.34 2
3 3 3 4 6
6 7 140.49 2 3
3 3 4 6 6
6 161.92 2 3 3
3 4 5 7 7
162.7 2 3 3 3
4 5 6 7 162.23
2 3 3 3 4
5 6 6 162.88 2
3 3 3 4 5
5 7 162.2 2 3
3 3 4 5 5
6 162.22 2 3 3
3 4 5 5 5
141.28 2 3 3 3
4 4 7 7 141.32
2 3 3 3 4
4 6 7 141.13 2
3 3 3 4 4
6 6 162.63 2 3
3 3 4 4 5
7 163.14 2 3 3
3 4 4 5 6
163.31 2 3 3 3
4 4 5 5 143.39
2 3 3 3 4
4 4 7 143.15 2
3 3 3 4 4
4 6 164.62 2 3
3 3 4 4 4
5 142.83 2 3 3
3 4 4 4 4
118.97 2 3 3 3
3 7 7 7 117.3
2 3 3 3 3
6 7 7 119.22 2
3 3 3 3 6
6 7 97.1 2 3
3 3 3 6 6
6 140.37 2 3 3
3 3 5 7 7
139.35 2 3 3 3
3 5 6 7 142.18
2 3 3 3 3
5 6 6 139.05 2
3 3 3 3 5
5 7 136.71 2 3
3 3 3 5 5
6 141.4 2 3 3
3 3 5 5 5
140.18 2 3 3 3
3 4 7 7 138.36
2 3 3 3 3
4 6 7 140.02 2
3 3 3 3 4
6 6 161.61 2 3
3 3 3 4 5
7 160.69 2 3 3
3 3 4 5 6
160.8 2 3 3 3
3 4 5 5 140.92
2 3 3 3 3
4 4 7 139.39 2
3 3 3 3 4
4 6 162.63 2 3
3 3 3 4 4
5 142.92 2 3 3
3 3 4 4 4
117.33 2 3 3 3
3 3 7 7 117.62
2 3 3 3 3
3 6 7 97.32 2
3 3 3 3 3
6 6 138.32 2 3
3 3 3 3 5
7 137.08 2 3 3
3 3 3 5 6
137.87 2 3 3 3
3 3 5 5 138.54
2 3 3 3 3
3 4 7 138.48 2
3 3 3 3 3
4 6 158.17 2 3
3 3 3 3 4
5 139.95 2 3 3
3 3 3 4 4
116.04 2 3 3 3
3 3 3 7 94.99
2 3 3 3 3
3 3 6 137.6 2
3 3 3 3 3
3 5 137.95 2 3
3 3 3 3 3
4 95.03 2 3 3
3 3 3 3 3
72.42 2 2 7 7
7 7 7 7 95.16
2 2 6 7 7
7 7 7 94.56 2
2 6 6 7 7
7 7 96.54 2 2
6 6 6 7 7
7 95.03 2 2 6
6 6 6 7 7
94.95 2 2 6 6
6 6 6 7 72.48
2 2 6 6 6
6 6 6 94.76 2
2 5 7 7 7
7 7 117.38 2 2
5 6 7 7 7
7 116.9 2 2 5
6 6 7 7 7
119.09 2 2 5 6
6 6 7 7 117.24
2 2 5 6 6
6 6 7 117.47 2
2 5 6 6 6
6 6 94.77 2 2
5 5 7 7 7
7 117.86 2 2 5
5 6 7 7 7
117.15 2 2 5 5
6 6 7 7 118.98
2 2 5 5 6
6 6 7 116.6 2
2 5 5 6 6
6 6 96.95 2 2
5 5 5 7 7
7 119.87 2 2 5
5 5 6 7 7
118.88 2 2 5 5
5 6 6 7 121.28
2 2 5 5 5
6 6 6 96.79 2
2 5 5 5 5
7 7 119.26 2 2
5 5 5 5 6
7 118.32 2 2 5
5 5 5 6 6
97.18 2 2 5 5
5 5 5 7 119.47
2 2 5 5 5
5 5 6 94.93 2
2 5 5 5 5
5 5 94.86 2 2
4 7 7 7 7
7 116.43 2 2 4
6 7 7 7 7
117.3 2 2 4 6
6 7 7 7 119.23
2 2 4 6 6
6 7 7 116.91 2
2 4 6 6 6
6 7 117.04 2 2
4 6 6 6 6
6 117.56 2 2 4
5 7 7 7 7
138.74 2 2 4 5
6 7 7 7 139.4
2 2 4 5 6
6 7 7 141.58 2
2 4 5 6 6
6 7 139.44 2 2
4 5 6 6 6
6 117.33 2 2 4
5 5 7 7 7
139.35 2 2 4 5
5 6 7 7 139.25
2 2 4 5 5
6 6 7 141.42 2
2 4 5 5 6
6 6 119.3 2 2
4 5 5 5 7
7 140.9 2 2 4
5 5 5 6 7
141.7 2 2 4 5
5 5 6 6 118.97
2 2 4 5 5
5 5 7 140.35 2
2 4 5 5 5
5 6 119.75 2 2
4 5 5 5 5
5 94.52 2 2 4
4 7 7 7 7
116.39 2 2 4 4
6 7 7 7 116.71
2 2 4 4 6
6 7 7 118.78 2
2 4 4 6 6
6 7 116.97 2 2
4 4 6 6 6
6 117.43 2 2 4
4 5 7 7 7
139.16 2 2 4 4
5 6 7 7 139.15
2 2 4 4 5
6 6 7 141.25 2
2 4 4 5 6
6 6 116.98 2 2
4 4 5 5 7
7 139.97 2 2 4
4 5 5 6 7
139.51 2 2 4 4
5 5 6 6 119.57
2 2 4 4 5
5 5 7 141.36 2
2 4 4 5 5
5 6 118.89 2 2
4 4 5 5 5
5 96.8 2 2 4
4 4 7 7 7
118.78 2 2 4 4
4 6 7 7 118.81
2 2 4 4 4
6 6 7 121 2
2 4 4 4 6
6 6 118.83 2 2
4 4 4 5 7
7 141.41 2 2 4
4 4 5 6 7
141.15 2 2 4 4
4 5 6 6 119.09
2 2 4 4 4
5 5 7 141.51 2
2 4 4 4 5
5 6 121.19 2 2
4 4 4 5 5
5 94.74 2 2 4
4 4 4 7 7
116.78 2 2 4 4
4 4 6 7 117.09
2 2 4 4 4
4 6 6 116.9 2
2 4 4 4 4
5 7 139.81 2 2
4 4 4 4 5
6 117.34 2 2 4
4 4 4 5 5
95.14 2 2 4 4
4 4 4 7 117.05
2 2 4 4 4
4 4 6 117.08 2
2 4 4 4 4
4 5 72.66 2 2
4 4 4 4 4
4 115.2 2 2 3
7 7 7 7 7
116.95 2 2 3 6
7 7 7 7 118.67
2 2 3 6 6
7 7 7 116.42 2
2 3 6 6 6
7 7 117.42 2 2
3 6 6 6 6
7 95.33 2 2 3
6 6 6 6 6
136.72 2 2 3 5
7 7 7 7 137.97
2 2 3 5 6
7 7 7 140.04 2
2 3 5 6 6
7 7 138.63 2 2
3 5 6 6 6
7 138.75 2 2 3
5 6 6 6 6
137.22 2 2 3 5
5 7 7 7 139.76
2 2 3 5 5
6 7 7 141.21 2
2 3 5 5 6
6 7 139.32 2 2
3 5 5 6 6
6 139.1 2 2 3
5 5 5 7 7
141.21 2 2 3 5
5 5 6 7 143.26
2 2 3 5 5
5 6 6 139.2 2
2 3 5 5 5
5 7 141.23 2 2
3 5 5 5 5
6 137.56 2 2 3
5 5 5 5 5
136.31 2 2 3 4
7 7 7 7 139.06
2 2 3 4 6
7 7 7 140.8 2
2 3 4 6 6
7 7 139.21 2 2
3 4 6 6 6
7 139.4 2 2 3
4 6 6 6 6
157.39 2 2 3 4
5 7 7 7 160.33
2 2 3 4 5
6 7 7 161.87 2
2 3 4 5 6
6 7 160.42 2 2
3 4 5 6 6
6 158.25 2 2 3
4 5 5 7 7
161.18 2 2 3 4
5 5 6 7 163.22
2 2 3 4 5
5 6 6 160.27 2
2 3 4 5 5
5 7 163.68 2 2
3 4 5 5 5
6 160.85 2 2 3
4 5 5 5 5
136.82 2 2 3 4
4 7 7 7 139.11
2 2 3 4 4
6 7 7 141.18 2
2 3 4 4 6
6 7 139.11 2 2
3 4 4 6 6
6 158.59 2 2 3
4 4 5 7 7
160.18 2 2 3 4
4 5 6 7 162.18
2 2 3 4 4
5 6 6 159.31 2
2 3 4 4 5
5 7 160.98 2 2
3 4 4 5 5
6 161.43 2 2 3
4 4 5 5 5
139.01 2 2 3 4
4 4 7 7 141.27
2 2 3 4 4
4 6 7 143.26 2
2 3 4 4 4
6 6 161.02 2 2
3 4 4 4 5
7 162.99 2 2 3
4 4 4 5 6
161.04 2 2 3 4
4 4 5 5 137.34
2 2 3 4 4
4 4 7 139.23 2
2 3 4 4 4
4 6 158.49 2 2
3 4 4 4 4
5 138.25 2 2 3
4 4 4 4 4
115.02 2 2 3 3
7 7 7 7 118.76
2 2 3 3 6
7 7 7 116.83 2
2 3 3 6 6
7 7 117.51 2 2
3 3 6 6 6
7 94.83 2 2 3
3 6 6 6 6
137.22 2 2 3 3
5 7 7 7 141.34
2 2 3 3 5
6 7 7 139.22 2
2 3 3 5 6
6 7 139.72 2 2
3 3 5 6 6
6 136.72 2 2 3
3 5 5 7 7
140.99 2 2 3 3
5 5 6 7 139.01
2 2 3 3 5
5 6 6 139.27 2
2 3 3 5 5
5 7 143 2 2
3 3 5 5 5
6 136.8 2 2 3
3 5 5 5 5
137.28 2 2 3 3
4 7 7 7 141.11
2 2 3 3 4
6 7 7 138.47 2
2 3 3 4 6
6 7 139.61 2 2
3 3 4 6 6
6 160.07 2 2 3
3 4 5 7 7
163.93 2 2 3 3
4 5 6 7 160.4
2 2 3 3 4
5 6 6 159.87 2
2 3 3 4 5
5 7 163.33 2 2
3 3 4 5 5
6 161.33 2 2 3
3 4 5 5 5
136.3 2 2 3 3
4 4 7 7 141.82
2 2 3 3 4
4 6 7 138.88 2
2 3 3 4 4
6 6 158.97 2 2
3 3 4 4 5
7 163.65 2 2 3
3 4 4 5 6
159.19 2 2 3 3
4 4 5 5 138.74
2 2 3 3 4
4 4 7 142.91 2
2 3 3 4 4
4 6 161.76 2 2
3 3 4 4 4
5 137.35 2 2 3
3 4 4 4 4
118.91 2 2 3 3
3 7 7 7 118.9
2 2 3 3 3
6 7 7 119.08 2
2 3 3 3 6
6 7 96.81 2 2
3 3 3 6 6
6 140.57 2 2 3
3 3 5 7 7
140.11 2 2 3 3
3 5 6 7 141.33
2 2 3 3 3
5 6 6 141.6 2
2 3 3 3 5
5 7 141.5 2 2
3 3 3 5 5
6 141.33 2 2 3
3 3 5 5 5
141.3 2 2 3 3
3 4 7 7 141
2 2 3 3 3
4 6 7 141.4 2
2 3 3 3 4
6 6 163.02 2 2
3 3 3 4 5
7 163.2 2 2 3
3 3 4 5 6
163.5 2 2 3 3
3 4 5 5 141.53
2 2 3 3 3
4 4 7 141.05 2
2 3 3 3 4
4 6 162.69 2 2
3 3 3 4 4
5 143.3 2 2 3
3 3 4 4 4
116.49 2 2 3 3
3 3 7 7 118.93
2 2 3 3 3
3 6 7 96.6 2
2 3 3 3 3
6 6 138.71 2 2
3 3 3 3 5
7 141.36 2 2 3
3 3 3 5 6
137.28 2 2 3 3
3 3 5 5 139.08
2 2 3 3 3
3 4 7 141.59 2
2 3 3 3 3
4 6 160.39 2 2
3 3 3 3 4
5 138.74 2 2 3
3 3 3 4 4
117.9 2 2 3 3
3 3 3 7 97.16
2 2 3 3 3
3 3 6 137.58 2
2 3 3 3 3
3 5 139.89 2 2
3 3 3 3 3
4 95.25 2 2 3
3 3 3 3 3
74.56 2 2 2 7
7 7 7 7 96.57
2 2 2 6 7
7 7 7 96.82 2
2 2 6 6 7
7 7 96.65 2 2
2 6 6 6 7
7 96.9 2 2 2
6 6 6 6 7
74.48 2 2 2 6
6 6 6 6 97.04
2 2 2 5 7
7 7 7 118.95 2
2 2 5 6 7
7 7 119.18 2 2
2 5 6 6 7
7 119.21 2 2 2
5 6 6 6 7
119.11 2 2 2 5
6 6 6 6 96.88
2 2 2 5 5
7 7 7 119.19 2
2 2 5 5 6
7 7 119.39 2 2
2 5 5 6 6
7 119.29 2 2 2
5 5 6 6 6
99.25 2 2 2 5
5 5 7 7 121.24
2 2 2 5 5
5 6 7 121.28 2
2 2 5 5 5
6 6 99.04 2 2
2 5 5 5 5
7 120.72 2 2 2
5 5 5 5 6
99.12 2 2 2 5
5 5 5 5 96.74
2 2 2 4 7
7 7 7 117.63 2
2 2 4 6 7
7 7 118.72 2 2
2 4 6 6 7
7 118.56 2 2 2
4 6 6 6 7
118.53 2 2 2 4
6 6 6 6 118.96
2 2 2 4 5
7 7 7 140.11 2
2 2 4 5 6
7 7 140.98 2 2
2 4 5 6 6
7 140.71 2 2 2
4 5 6 6 6
118.88 2 2 2 4
5 5 7 7 140.12
2 2 2 4 5
5 6 7 141.19 2
2 2 4 5 5
6 6 121.53 2 2
2 4 5 5 5
7 141.88 2 2 2
4 5 5 5 6
120.61 2 2 2 4
5 5 5 5 96.98
2 2 2 4 4
7 7 7 119.67 2
2 2 4 4 6
7 7 118.66 2 2
2 4 4 6 6
7 119.13 2 2 2
4 4 6 6 6
119.13 2 2 2 4
4 5 7 7 140.61
2 2 2 4 4
5 6 7 141.24 2
2 2 4 4 5
6 6 118.81 2 2
2 4 4 5 5
7 141.2 2 2 2
4 4 5 5 6
121.49 2 2 2 4
4 5 5 5 96.5
2 2 2 4 4
4 7 7 119.01 2
2 2 4 4 4
6 7 118.64 2 2
2 4 4 4 6
6 119.2 2 2 2
4 4 4 5 7
141.27 2 2 2 4
4 4 5 6 119.1
2 2 2 4 4
4 5 5 96.62 2
2 2 4 4 4
4 7 118.96 2 2
2 4 4 4 4
6 118.93 2 2 2
4 4 4 4 5
74.53 2 2 2 4
4 4 4 4 118.68
2 2 2 3 7
7 7 7 118.18 2
2 2 3 6 7
7 7 118.75 2 2
2 3 6 6 7
7 118.97 2 2 2
3 6 6 6 7
96.9 2 2 2 3
6 6 6 6 140.15
2 2 2 3 5
7 7 7 140.4 2
2 2 3 5 6
7 7 140.75 2 2
2 3 5 6 6
7 140.71 2 2 2
3 5 6 6 6
141.06 2 2 2 3
5 5 7 7 141.55
2 2 2 3 5
5 6 7 141.11 2
2 2 3 5 5
6 6 143.22 2 2
2 3 5 5 5
7 143.06 2 2 2
3 5 5 5 6
143.32 2 2 2 3
5 5 5 5 139.91
2 2 2 3 4
7 7 7 140.61 2
2 2 3 4 6
7 7 140.96 2 2
2 3 4 6 6
7 141.29 2 2 2
3 4 6 6 6
160.68 2 2 2 3
4 5 7 7 162.32
2 2 2 3 4
5 6 7 161.86 2
2 2 3 4 5
6 6 162.63 2 2
2 3 4 5 5
7 163.26 2 2 2
3 4 5 5 6
164.12 2 2 2 3
4 5 5 5 141.21
2 2 2 3 4
4 7 7 140.43 2
2 2 3 4 4
6 7 141.45 2 2
2 3 4 4 6
6 161.99 2 2 2
3 4 4 5 7
162.17 2 2 2 3
4 4 5 6 162.85
2 2 2 3 4
4 5 5 141.31 2
2 2 3 4 4
4 7 141.04 2 2
2 3 4 4 4
6 162.79 2 2 2
3 4 4 4 5
140.53 2 2 2 3
4 4 4 4 118.92
2 2 2 3 3
7 7 7 119.05 2
2 2 3 3 6
7 7 119.11 2 2
2 3 3 6 6
7 97.11 2 2 2
3 3 6 6 6
141.18 2 2 2 3
3 5 7 7 141.33
2 2 2 3 3
5 6 7 141.02 2
2 2 3 3 5
6 6 140.64 2 2
2 3 3 5 5
7 141.39 2 2 2
3 3 5 5 6
143.14 2 2 2 3
3 5 5 5 140.91
2 2 2 3 3
4 7 7 140.92 2
2 2 3 3 4
6 7 140.7 2 2
2 3 3 4 6
6 163.26 2 2 2
3 3 4 5 7
163.52 2 2 2 3
3 4 5 6 162.93
2 2 2 3 3
4 5 5 141.36 2
2 2 3 3 4
4 7 140.92 2 2
2 3 3 4 4
6 163.64 2 2 2
3 3 4 4 5
141.08 2 2 2 3
3 4 4 4 120.84
2 2 2 3 3
3 7 7 121.06 2
2 2 3 3 3
6 7 99.17 2 2
2 3 3 3 6
6 142.92 2 2 2
3 3 3 5 7
142.75 2 2 2 3
3 3 5 6 143.36
2 2 2 3 3
3 5 5 142.87 2
2 2 3 3 3
4 7 143.06 2 2
2 3 3 3 4
6 165.33 2 2 2
3 3 3 4 5
142.96 2 2 2 3
3 3 4 4 120.84
2 2 2 3 3
3 3 7 98.89 2
2 2 3 3 3
3 6 142.84 2 2
2 3 3 3 3
5 143.07 2 2 2
3 3 3 3 4
99.19 2 2 2 3
3 3 3 3 74.25
2 2 2 2 7
7 7 7 96.66 2
2 2 2 6 7
7 7 94.65 2 2
2 2 6 6 7
7 96.24 2 2 2
2 6 6 6 7
74.29 2 2 2 2
6 6 6 6 96.44
2 2 2 2 5
7 7 7 118.91 2
2 2 2 5 6
7 7 116.53 2 2
2 2 5 6 6
7 119.38 2 2 2
2 5 6 6 6
96.52 2 2 2 2
5 5 7 7 118.73
2 2 2 2 5
5 6 7 116.82 2
2 2 2 5 5
6 6 98.91 2 2
2 2 5 5 5
7 121.25 2 2 2
2 5 5 5 6
98.77 2 2 2 2
5 5 5 5 96.54
2 2 2 2 4
7 7 7 117.7 2
2 2 2 4 6
7 7 116.55 2 2
2 2 4 6 6
7 119.01 2 2 2
2 4 6 6 6
118.99 2 2 2 2
4 5 7 7 140.29
2 2 2 2 4
5 6 7 140.02 2
2 2 2 4 5
6 6 118.74 2 2
2 2 4 5 5
7 140.24 2 2 2
2 4 5 5 6
121.43 2 2 2 2
4 5 5 5 94.29
2 2 2 2 4
4 7 7 116.83 2
2 2 2 4 4
6 7 114.92 2 2
2 2 4 4 6
6 116.99 2 2 2
2 4 4 5 7
139.01 2 2 2 2
4 4 5 6 117.06
2 2 2 2 4
4 5 5 96.5 2
2 2 2 4 4
4 7 119.24 2 2
2 2 4 4 4
6 118.95 2 2 2
2 4 4 4 5
74.28 2 2 2 2
4 4 4 4 118.87
2 2 2 2 3
7 7 7 117.53 2
2 2 2 3 6
7 7 118.56 2 2
2 2 3 6 6
7 96.79 2 2 2
2 3 6 6 6
140.02 2 2 2 2
3 5 7 7 138.26
2 2 2 2 3
5 6 7 140.76 2
2 2 2 3 5
6 6 141.68 2 2
2 2 3 5 5
7 139.47 2 2 2
2 3 5 5 6
143.12 2 2 2 2
3 5 5 5 140.88
2 2 2 2 3
4 7 7 138.96 2
2 2 2 3 4
6 7 141.15 2 2
2 2 3 4 6
6 161.21 2 2 2
2 3 4 5 7
160.54 2 2 2 2
3 4 5 6 162.64
2 2 2 2 3
4 5 5 139.24 2
2 2 2 3 4
4 7 137.69 2 2
2 2 3 4 4
6 160.55 2 2 2
2 3 4 4 5
140.98 2 2 2 2
3 4 4 4 117.09
2 2 2 2 3
3 7 7 119.39 2
2 2 2 3 3
6 7 96.84 2 2
2 2 3 3 6
6 139.48 2 2 2
2 3 3 5 7
141.46 2 2 2 2
3 3 5 6 139.54
2 2 2 2 3
3 5 5 139.04 2
2 2 2 3 3
4 7 141.11 2 2
2 2 3 3 4
6 161.35 2 2 2
2 3 3 4 5
137.19 2 2 2 2
3 3 4 4 121
2 2 2 2 3
3 3 7 98.74 2
2 2 2 3 3
3 6 143 2 2
2 2 3 3 3
5 143.19 2 2 2
2 3 3 3 4
98.63 2 2 2 2
3 3 3 3 74.53
2 2 2 2 2
7 7 7 94.87 2
2 2 2 2 6
7 7 95.02 2 2
2 2 2 6 6
7 74.57 2 2 2
2 2 6 6 6
97.18 2 2 2 2
2 5 7 7 117.15
2 2 2 2 2
5 6 7 117.15 2
2 2 2 2 5
6 6 97.42 2 2
2 2 2 5 5
7 117.29 2 2 2
2 2 5 5 6
99.04 2 2 2 2
2 5 5 5 94.93
2 2 2 2 2
4 7 7 115.62 2
2 2 2 2 4
6 7 114.98 2 2
2 2 2 4 6
6 117.02 2 2 2
2 2 4 5 7
138 2 2 2 2
2 4 5 6 117.95
2 2 2 2 2
4 5 5 95 2
2 2 2 2 4
4 7 115.19 2 2
2 2 2 4 4
6 117.5 2 2 2
2 2 4 4 5
74.64 2 2 2 2
2 4 4 4 117.22
2 2 2 2 2
3 7 7 117.5 2
2 2 2 2 3
6 7 96.87 2 2
2 2 2 3 6
6 137.94 2 2 2
2 2 3 5 7
138.26 2 2 2 2
2 3 5 6 139.66
2 2 2 2 2
3 5 5 137.04 2
2 2 2 2 3
4 7 136.8 2 2
2 2 2 3 4
6 158.76 2 2 2
2 2 3 4 5
138.07 2 2 2 2
2 3 4 4 117.54
2 2 2 2 2
3 3 7 96.81 2
2 2 2 2 3
3 6 139.7 2 2
2 2 2 3 3
5 137.64 2 2 2
2 2 3 3 4
99.14 2 2 2 2
2 3 3 3 72.45
2 2 2 2 2
2 7 7 93.86 2
2 2 2 2 2
6 7 72.49 2 2
2 2 2 2 6
6 94.69 2 2 2
2 2 2 5 7
115.9 2 2 2 2
2 2 5 6 94.91
2 2 2 2 2
2 5 5 94.03 2
2 2 2 2 2
4 7 115.34 2 2
2 2 2 2 4
6 116.38 2 2 2
2 2 2 4 5
72.33 2 2 2 2
2 2 4 4 115.9
2 2 2 2 2
2 3 7 94.62 2
2 2 2 2 2
3 6 137.94 2 2
2 2 2 2 3
5 137.49 2 2 2
2 2 2 3 4
95.01 2 2 2 2
2 2 3 3 72.45
2 2 2 2 2
2 2 7 72.67 2
2 2 2 2 2
2 6 95 2 2
2 2 2 2 2
5 72.45 2 2 2
2 2 2 2 4
94.4 2 2 2 2
2 2 2 3 50
2 2 2 2 2
2 2 2 72.21 1
7 7 7 7 7
7 7 94.09 1 6
7 7 7 7 7
7 94.68 1 6 6
7 7 7 7 7
96.95 1 6 6 6
7 7 7 7 96.93
1 6 6 6 6
7 7 7 97.09 1
6 6 6 6 6
7 7 95.03 1 6
6 6 6 6 6
7 95.03 1 6 6
6 6 6 6 6
93.31 1 5 7 7
7 7 7 7 115.3
1 5 6 7 7
7 7 7 115.85 1
5 6 6 7 7
7 7 118.31 1 5
6 6 6 7 7
7 118.44 1 5 6
6 6 6 7 7
118.27 1 5 6 6
6 6 6 7 115.87
1 5 6 6 6
6 6 6 94.92 1
5 5 7 7 7
7 7 116.46 1 5
5 6 7 7 7
7 117.57 1 5 5
6 6 7 7 7
119.32 1 5 5 6
6 6 7 7 119.05
1 5 5 6 6
6 6 7 119.09 1
5 5 6 6 6
6 6 96.55 1 5
5 5 7 7 7
7 118.31 1 5 5
5 6 7 7 7
119.2 1 5 5 5
6 6 7 7 121.34
1 5 5 5 6
6 6 7 120.68 1
5 5 5 6 6
6 6 96.64 1 5
5 5 5 7 7
7 117.86 1 5 5
5 5 6 7 7
119.56 1 5 5 5
5 6 6 7 121.15
1 5 5 5 5
6 6 6 94.79 1
5 5 5 5 5
7 7 116.09 1 5
5 5 5 5 6
7 117.34 1 5 5
5 5 5 6 6
95.14 1 5 5 5
5 5 5 7 116.33
1 5 5 5 5
5 5 6 72.47 1
5 5 5 5 5
5 5 93.85 1 4
7 7 7 7 7
7 114.8 1 4 6
7 7 7 7 7
116.35 1 4 6 6
7 7 7 7 118.53
1 4 6 6 6
7 7 7 117.97 1
4 6 6 6 6
7 7 118.39 1 4
6 6 6 6 6
7 116.34 1 4 6
6 6 6 6 6
113.66 1 4 5 7
7 7 7 7 135.34
1 4 5 6 7
7 7 7 136.35 1
4 5 6 6 7
7 7 138.33 1 4
5 6 6 6 7
7 138.51 1 4 5
6 6 6 6 7
138.36 1 4 5 6
6 6 6 6 116.8
1 4 5 5 7
7 7 7 137.58 1
4 5 5 6 7
7 7 138.84 1 4
5 5 6 6 7
7 140.5 1 4 5
5 6 6 6 7
140.44 1 4 5 5
6 6 6 6 117.9
1 4 5 5 5
7 7 7 138.71 1
4 5 5 5 6
7 7 139.97 1 4
5 5 5 6 6
7 141.98 1 4 5
5 5 6 6 6
117.7 1 4 5 5
5 5 7 7 139.09
1 4 5 5 5
5 6 7 139.89 1
4 5 5 5 5
6 6 115.94 1 4
5 5 5 5 5
7 137.9 1 4 5
5 5 5 5 6
116.22 1 4 5 5
5 5 5 5 95.22
1 4 4 7 7
7 7 7 116.47 1
4 4 6 7 7
7 7 116.96 1 4
4 6 6 7 7
7 119.24 1 4 4
6 6 6 7 7
119.09 1 4 4 6
6 6 6 7 119.53
1 4 4 6 6
6 6 6 116.52 1
4 4 5 7 7
7 7 137.01 1 4
4 5 6 7 7
7 138.52 1 4 4
5 6 6 7 7
140.86 1 4 4 5
6 6 6 7 140.99
1 4 4 5 6
6 6 6 117.03 1
4 4 5 5 7
7 7 138.18 1 4
4 5 5 6 7
7 139.33 1 4 4
5 5 6 6 7
141.63 1 4 4 5
5 6 6 6 118.92
1 4 4 5 5
5 7 7 140.18 1
4 4 5 5 5
6 7 141.55 1 4
4 5 5 5 6
6 119.59 1 4 4
5 5 5 5 7
140.12 1 4 4 5
5 5 5 6 117.26
1 4 4 5 5
5 5 5 96.55 1
4 4 4 7 7
7 7 118.25 1 4
4 4 6 7 7
7 118.91 1 4 4
4 6 6 7 7
121.01 1 4 4 4
6 6 6 7 121.06
1 4 4 4 6
6 6 6 117.74 1
4 4 4 5 7
7 7 138.84 1 4
4 4 5 6 7
7 140.01 1 4 4
4 5 6 6 7
141.75 1 4 4 4
5 6 6 6 119.01
1 4 4 4 5
5 7 7 140.33 1
4 4 4 5 5
6 7 141.72 1 4
4 4 5 5 6
6 120.65 1 4 4
4 5 5 5 7
142.2 1 4 4 4
5 5 5 6 120.84
1 4 4 4 5
5 5 5 96.62 1
4 4 4 4 7
7 7 118.03 1 4
4 4 4 6 7
7 119.22 1 4 4
4 4 6 6 7
121.13 1 4 4 4
4 6 6 6 118.25
1 4 4 4 4
5 7 7 139.24 1
4 4 4 4 5
6 7 139.87 1 4
4 4 4 5 6
6 119.41 1 4 4
4 4 5 5 7
140.55 1 4 4 4
4 5 5 6 121.12
1 4 4 4 4
5 5 5 94.55 1
4 4 4 4 4
7 7 116.13 1 4
4 4 4 4 6
7 117.53 1 4 4
4 4 4 6 6
116.47 1 4 4 4
4 4 5 7 137.68
1 4 4 4 4
4 5 6 116.94 1
4 4 4 4 4
5 5 94.75 1 4
4 4 4 4 4
7 116.56 1 4 4
4 4 4 4 6
116.42 1 4 4 4
4 4 4 5 72.3
1 4 4 4 4
4 4 4 115.22 1
3 7 7 7 7
7 7 135.82 1 3
6 7 7 7 7
7 137.87 1 3 6
6 7 7 7 7
139.6 1 3 6 6
6 7 7 7 139.68
1 3 6 6 6
6 7 7 137.41 1
3 6 6 6 6
6 7 137.63 1 3
6 6 6 6 6
6 114.69 1 3 5
7 7 7 7 7
136.81 1 3 5 6
7 7 7 7 137.75
1 3 5 6 6
7 7 7 138.8 1
3 5 6 6 6
7 7 139.48 1 3
5 6 6 6 6
7 137.84 1 3 5
6 6 6 6 6
118.11 1 3 5 5
7 7 7 7 139.18
1 3 5 5 6
7 7 7 140.29 1
3 5 5 6 6
7 7 142.17 1 3
5 5 6 6 6
7 142.64 1 3 5
5 6 6 6 6
117.5 1 3 5 5
5 7 7 7 139.15
1 3 5 5 5
6 7 7 140.01 1
3 5 5 5 6
6 7 141.82 1 3
5 5 5 6 6
6 116.06 1 3 5
5 5 5 7 7
137.84 1 3 5 5
5 5 6 7 138.7
1 3 5 5 5
5 6 6 116.38 1
3 5 5 5 5
5 7 137.11 1 3
5 5 5 5 5
6 93.65 1 3 5
5 5 5 5 5
135.5 1 3 4 7
7 7 7 7 155.46
1 3 4 6 7
7 7 7 157.18 1
3 4 6 6 7
7 7 159.4 1 3
4 6 6 6 7
7 160.17 1 3 4
6 6 6 6 7
157.66 1 3 4 6
6 6 6 6 136.59
1 3 4 5 7
7 7 7 157.52 1
3 4 5 6 7
7 7 158.5 1 3
4 5 6 6 7
7 160.61 1 3 4
5 6 6 6 7
161.13 1 3 4 5
6 6 6 6 139.25
1 3 4 5 5
7 7 7 160.32 1
3 4 5 5 6
7 7 161.68 1 3
4 5 5 6 6
7 163.43 1 3 4
5 5 6 6 6
139.25 1 3 4 5
5 5 7 7 160.83
1 3 4 5 5
5 6 7 161.49 1
3 4 5 5 5
6 6 137.79 1 3
4 5 5 5 5
7 159.37 1 3 4
5 5 5 5 6
137.14 1 3 4 5
5 5 5 5 137.39
1 3 4 4 7
7 7 7 157.71 1
3 4 4 6 7
7 7 160.34 1 3
4 4 6 6 7
7 161.89 1 3 4
4 6 6 6 7
162.25 1 3 4 4
6 6 6 6 137.6
1 3 4 4 5
7 7 7 159.72 1
3 4 4 5 6
7 7 159.79 1 3
4 4 5 6 6
7 161.2 1 3 4
4 5 6 6 6
140.84 1 3 4 4
5 5 7 7 161.47
1 3 4 4 5
5 6 7 162.24 1
3 4 4 5 5
6 6 140.59 1 3
4 4 5 5 5
7 161.97 1 3 4
4 5 5 5 6
138.53 1 3 4 4
5 5 5 5 139.2
1 3 4 4 4
7 7 7 159.54 1
3 4 4 4 6
7 7 161.5 1 3
4 4 4 6 6
7 163.33 1 3 4
4 4 6 6 6
139.44 1 3 4 4
4 5 7 7 160.87
1 3 4 4 4
5 6 7 161.83 1
3 4 4 4 5
6 6 141.87 1 3
4 4 4 5 5
7 162.67 1 3 4
4 4 5 5 6
142.59 1 3 4 4
4 5 5 5 138.93
1 3 4 4 4
4 7 7 159.29 1
3 4 4 4 4
6 7 162.23 1 3
4 4 4 4 6
6 139.41 1 3 4
4 4 4 5 7
160.52 1 3 4 4
4 4 5 6 142.2
1 3 4 4 4
4 5 5 137.79 1
3 4 4 4 4
4 7 158.47 1 3
4 4 4 4 4
6 137.69 1 3 4
4 4 4 4 5
137.73 1 3 4 4
4 4 4 4 115.21
1 3 3 7 7
7 7 7 136.28 1
3 3 6 7 7
7 7 136.47 1 3
3 6 6 7 7
7 139.72 1 3 3
6 6 6 7 7
137.78 1 3 3 6
6 6 6 7 138.43
1 3 3 6 6
6 6 6 116.88 1
3 3 5 7 7
7 7 139.34 1 3
3 5 6 7 7
7 139.56 1 3 3
5 6 6 7 7
141.21 1 3 3 5
6 6 6 7 138.52
1 3 3 5 6
6 6 6 118.89 1
3 3 5 5 7
7 7 140.94 1 3
3 5 5 6 7
7 141.19 1 3 3
5 5 6 6 7
142.72 1 3 3 5
5 6 6 6 117.33
1 3 3 5 5
5 7 7 139.23 1
3 3 5 5 5
6 7 138.93 1 3
3 5 5 5 6
6 117.23 1 3 3
5 5 5 5 7
139.29 1 3 3 5
5 5 5 6 94.96
1 3 3 5 5
5 5 5 136.74 1
3 3 4 7 7
7 7 158.09 1 3
3 4 6 7 7
7 158.18 1 3 3
4 6 6 7 7
160.2 1 3 3 4
6 6 6 7 157.91
1 3 3 4 6
6 6 6 138.38 1
3 3 4 5 7
7 7 159.91 1 3
3 4 5 6 7
7 160.25 1 3 3
4 5 6 6 7
161.98 1 3 3 4
5 6 6 6 140.17
1 3 3 4 5
5 7 7 162.4 1
3 3 4 5 5
6 7 162.32 1 3
3 4 5 5 6
6 138.37 1 3 3
4 5 5 5 7
160.6 1 3 3 4
5 5 5 6 138.22
1 3 3 4 5
5 5 5 137.47 1
3 3 4 4 7
7 7 159.2 1 3
3 4 4 6 7
7 160 1 3 3
4 4 6 6 7
161.58 1 3 3 4
4 6 6 6 139.78
1 3 3 4 4
5 7 7 161.09 1
3 3 4 4 5
6 7 160.92 1 3
3 4 4 5 6
6 141.6 1 3 3
4 4 5 5 7
163.39 1 3 3 4
4 5 5 6 139.33
1 3 3 4 4
5 5 5 139.53 1
3 3 4 4 4
7 7 160.37 1 3
3 4 4 4 6
7 161.01 1 3 3
4 4 4 6 6
140.5 1 3 3 4
4 4 5 7 163.41
1 3 3 4 4
4 5 6 143.23 1
3 3 4 4 4
5 5 139.59 1 3
3 4 4 4 4
7 160.86 1 3 3
4 4 4 4 6
140.91 1 3 3 4
4 4 4 5 137.02
1 3 3 4 4
4 4 4 118.98 1
3 3 3 7 7
7 7 140.24 1 3
3 3 6 7 7
7 140.82 1 3 3
3 6 6 7 7
141.23 1 3 3 3
6 6 6 7 140.92
1 3 3 3 6
6 6 6 118.99 1
3 3 3 5 7
7 7 140.87 1 3
3 3 5 6 7
7 141.27 1 3 3
3 5 6 6 7
141.58 1 3 3 3
5 6 6 6 119.19
1 3 3 3 5
5 7 7 141.08 1
3 3 3 5 5
6 7 141.38 1 3
3 3 5 5 6
6 119.13 1 3 3
3 5 5 5 7
141.04 1 3 3 3
5 5 5 6 96.56
1 3 3 3 5
5 5 5 140.7 1
3 3 3 4 7
7 7 161.31 1 3
3 3 4 6 7
7 162.19 1 3 3
3 4 6 6 7
162.53 1 3 3 3
4 6 6 6 140.61
1 3 3 3 4
5 7 7 161.86 1
3 3 3 4 5
6 7 162.47 1 3
3 3 4 5 6
6 139.94 1 3 3
3 4 5 5 7
162.17 1 3 3 3
4 5 5 6 140.33
1 3 3 3 4
5 5 5 140.64 1
3 3 3 4 4
7 7 162.04 1 3
3 3 4 4 6
7 163.62 1 3 3
3 4 4 6 6
141.73 1 3 3 3
4 4 5 7 163.33
1 3 3 3 4
4 5 6 141.9 1
3 3 3 4 4
5 5 143.1 1 3
3 3 4 4 4
7 163.82 1 3 3
3 4 4 4 6
143.28 1 3 3 3
4 4 4 5 143.22
1 3 3 3 4
4 4 4 118.15 1
3 3 3 3 7
7 7 139.8 1 3
3 3 3 6 7
7 138.81 1 3 3
3 3 6 6 7
141.02 1 3 3 3
3 6 6 6 117.34
1 3 3 3 3
5 7 7 139.11 1
3 3 3 3 5
6 7 136.81 1 3
3 3 3 5 6
6 119 1 3 3
3 3 5 5 7
141.75 1 3 3 3
3 5 5 6 96.73
1 3 3 3 3
5 5 5 140.06 1
3 3 3 3 4
7 7 161.27 1 3
3 3 3 4 6
7 159.88 1 3 3
3 3 4 6 6
138.25 1 3 3 3
3 4 5 7 160.51
1 3 3 3 3
4 5 6 140.64 1
3 3 3 3 4
5 5 141.4 1 3
3 3 3 4 4
7 162.71 1 3 3
3 3 4 4 6
139.63 1 3 3 3
3 4 4 5 143.21
1 3 3 3 3
4 4 4 117.23 1
3 3 3 3 3
7 7 137.09 1 3
3 3 3 3 6
7 137.83 1 3 3
3 3 3 6 6
117.3 1 3 3 3
3 3 5 7 137.48
1 3 3 3 3
3 5 6 97.17 1
3 3 3 3 3
5 5 138.97 1 3
3 3 3 3 4
7 159 1 3 3
3 3 3 4 6
138.59 1 3 3 3
3 3 4 5 139.83
1 3 3 3 3
3 4 4 116.4 1
3 3 3 3 3
3 7 137.65 1 3
3 3 3 3 3
6 94.96 1 3 3
3 3 3 3 5
137.87 1 3 3 3
3 3 3 4 94.85
1 3 3 3 3
3 3 3 114.63 1
2 7 7 7 7
7 7 135.18 1 2
6 7 7 7 7
7 137.64 1 2 6
6 7 7 7 7
139.05 1 2 6 6
6 7 7 7 139.6
1 2 6 6 6
6 7 7 137.06 1
2 6 6 6 6
6 7 137.72 1 2
6 6 6 6 6
6 135.7 1 2 5
7 7 7 7 7
155.85 1 2 5 6
7 7 7 7 158.05
1 2 5 6 6
7 7 7 159.98 1
2 5 6 6 6
7 7 159.63 1 2
5 6 6 6 6
7 157.62 1 2 5
6 6 6 6 6
137.39 1 2 5 5
7 7 7 7 157.78
1 2 5 5 6
7 7 7 159.83 1
2 5 5 6 6
7 7 161.29 1 2
5 5 6 6 6
7 161.47 1 2 5
5 6 6 6 6
139.55 1 2 5 5
5 7 7 7 159.47
1 2 5 5 5
6 7 7 161.44 1
2 5 5 5 6
6 7 162.92 1 2
5 5 5 6 6
6 139.23 1 2 5
5 5 5 7 7
160.2 1 2 5 5
5 5 6 7 161.84
1 2 5 5 5
5 6 6 138.64 1
2 5 5 5 5
5 7 158.11 1 2
5 5 5 5 5
6 138 1 2 5
5 5 5 5 5
115.07 1 2 4 7
7 7 7 7 136.44
1 2 4 6 7
7 7 7 137.64 1
2 4 6 6 7
7 7 139.03 1 2
4 6 6 6 7
7 139.85 1 2 4
6 6 6 6 7
137.99 1 2 4 6
6 6 6 6 135.88
1 2 4 5 7
7 7 7 157.71 1
2 4 5 6 7
7 7 159.14 1 2
4 5 6 6 7
7 160.51 1 2 4
5 6 6 6 7
160.63 1 2 4 5
6 6 6 6 137.8
1 2 4 5 5
7 7 7 158.69 1
2 4 5 5 6
7 7 159.84 1 2
4 5 5 6 6
7 161.91 1 2 4
5 5 6 6 6
138.94 1 2 4 5
5 5 7 7 161.51
1 2 4 5 5
5 6 7 161.47 1
2 4 5 5 5
6 6 139.12 1 2
4 5 5 5 5
7 161.23 1 2 4
5 5 5 5 6
137.58 1 2 4 5
5 5 5 5 118.36
1 2 4 4 7
7 7 7 138.96 1
2 4 4 6 7
7 7 139.92 1 2
4 4 6 6 7
7 142.01 1 2 4
4 6 6 6 7
142.3 1 2 4 4
6 6 6 6 139.15
1 2 4 4 5
7 7 7 160.46 1
2 4 4 5 6
7 7 161.25 1 2
4 4 5 6 6
7 163.44 1 2 4
4 5 6 6 6
139.9 1 2 4 4
5 5 7 7 161.69
1 2 4 4 5
5 6 7 162.25 1
2 4 4 5 5
6 6 142.06 1 2
4 4 5 5 5
7 163.38 1 2 4
4 5 5 5 6
142.08 1 2 4 4
5 5 5 5 118.32
1 2 4 4 4
7 7 7 139.22 1
2 4 4 4 6
7 7 140.36 1 2
4 4 4 6 6
7 142.14 1 2 4
4 4 6 6 6
139.82 1 2 4 4
4 5 7 7 160.46
1 2 4 4 4
5 6 7 161.04 1
2 4 4 4 5
6 6 139.79 1 2
4 4 4 5 5
7 162.23 1 2 4
4 4 5 5 6
141.93 1 2 4 4
4 5 5 5 115.87
1 2 4 4 4
4 7 7 137.97 1
2 4 4 4 4
6 7 138.45 1 2
4 4 4 4 6
6 137.42 1 2 4
4 4 4 5 7
158.14 1 2 4 4
4 4 5 6 138.39
1 2 4 4 4
4 5 5 116.16 1
2 4 4 4 4
4 7 137.43 1 2
4 4 4 4 4
6 138.03 1 2 4
4 4 4 4 5
94.03 1 2 4 4
4 4 4 4 175.48
1 2 3 7 7
7 7 7 177.28 1
2 3 6 7 7
7 7 179.95 1 2
3 6 6 7 7
7 179.23 1 2 3
6 6 6 7 7
177.62 1 2 3 6
6 6 6 7 178.18
1 2 3 6 6
6 6 6 177.47 1
2 3 5 7 7
7 7 178.48 1 2
3 5 6 7 7
7 181.1 1 2 3
5 6 6 7 7
181.21 1 2 3 5
6 6 6 7 178.68
1 2 3 5 6
6 6 6 179.58 1
2 3 5 5 7
7 7 181.18 1 2
3 5 5 6 7
7 183.52 1 2 3
5 5 6 6 7
184.19 1 2 3 5
5 6 6 6 179.67
1 2 3 5 5
5 7 7 179.74 1
2 3 5 5 5
6 7 183.9 1 2
3 5 5 5 6
6 178.64 1 2 3
5 5 5 5 7
179.98 1 2 3 5
5 5 5 6 177.78
1 2 3 5 5
5 5 5 175.26 1
2 3 4 7 7
7 7 177.92 1 2
3 4 6 7 7
7 181.16 1 2 3
4 6 6 7 7
181.13 1 2 3 4
6 6 6 7 178.89
1 2 3 4 6
6 6 6 177.95 1
2 3 4 5 7
7 7 177.5 1 2
3 4 5 6 7
7 181.65 1 2 3
4 5 6 6 7
180.8 1 2 3 4
5 6 6 6 180.86
1 2 3 4 5
5 7 7 180.82 1
2 3 4 5 5
6 7 183.59 1 2
3 4 5 5 6
6 181.6 1 2 3
4 5 5 5 7
180.35 1 2 3 4
5 5 5 6 179.71
1 2 3 4 5
5 5 5 180.43 1
2 3 4 4 7
7 7 180.6 1 2
3 4 4 6 7
7 183.21 1 2 3
4 4 6 6 7
183.64 1 2 3 4
4 6 6 6 179.96
1 2 3 4 4
5 7 7 181.13 1
2 3 4 4 5
6 7 183.84 1 2
3 4 4 5 6
6 183.35 1 2 3
4 4 5 5 7
183.52 1 2 3 4
4 5 5 6 184.38
1 2 3 4 4
5 5 5 180.47 1
2 3 4 4 4
7 7 180.1 1 2
3 4 4 4 6
7 183.59 1 2 3
4 4 4 6 6
180.59 1 2 3 4
4 4 5 7 180.88
1 2 3 4 4
4 5 6 183.08 1
2 3 4 4 4
5 5 178.11 1 2
3 4 4 4 4
7 180.02 1 2 3
4 4 4 4 6
178.8 1 2 3 4
4 4 4 5 177.77
1 2 3 4 4
4 4 4 178.06 1
2 3 3 7 7
7 7 179.84 1 2
3 3 6 7 7
7 181.43 1 2 3
3 6 6 7 7
179.49 1 2 3 3
6 6 6 7 180.43
1 2 3 3 6
6 6 6 179.14 1
2 3 3 5 7
7 7 181.59 1 2
3 3 5 6 7
7 183.67 1 2 3
3 5 6 6 7
181.07 1 2 3 3
5 6 6 6 181.76
1 2 3 3 5
5 7 7 183.39 1
2 3 3 5 5
6 7 185.86 1 2
3 3 5 5 6
6 180.38 1 2 3
3 5 5 5 7
181.57 1 2 3 3
5 5 5 6 180.59
1 2 3 3 5
5 5 5 177.09 1
2 3 3 4 7
7 7 180.01 1 2
3 3 4 6 7
7 181.27 1 2 3
3 4 6 6 7
179.54 1 2 3 3
4 6 6 6 179.96
1 2 3 3 4
5 7 7 181.63 1
2 3 3 4 5
6 7 183.6 1 2
3 3 4 5 6
6 182.11 1 2 3
3 4 5 5 7
183.79 1 2 3 3
4 5 5 6 179.4
1 2 3 3 4
5 5 5 180.01 1
2 3 3 4 4
7 7 182.54 1 2
3 3 4 4 6
7 184.09 1 2 3
3 4 4 6 6
182.25 1 2 3 3
4 4 5 7 184.62
1 2 3 3 4
4 5 6 184.53 1
2 3 3 4 4
5 5 179.39 1 2
3 3 4 4 4
7 182.32 1 2 3
3 4 4 4 6
182.51 1 2 3 3
4 4 4 5 178.04
1 2 3 3 4
4 4 4 181.98 1
2 3 3 3 7
7 7 184.07 1 2
3 3 3 6 7
7 183.69 1 2 3
3 3 6 6 7
184.35 1 2 3 3
3 6 6 6 184.05
1 2 3 3 3
5 7 7 183.61 1
2 3 3 3 5
6 7 184.28 1 2
3 3 3 5 6
6 183.39 1 2 3
3 3 5 5 7
183.62 1 2 3 3
3 5 5 6 183.54
1 2 3 3 3
5 5 5 182.33 1
2 3 3 3 4
7 7 183 1 2
3 3 3 4 6
7 183.56 1 2 3
3 3 4 6 6
183.04 1 2 3 3
3 4 5 7 183.14
1 2 3 3 3
4 5 6 183.85 1
2 3 3 3 4
5 5 185.36 1 2
3 3 3 4 4
7 185.79 1 2 3
3 3 4 4 6
186.23 1 2 3 3
3 4 4 5 184.88
1 2 3 3 3
4 4 4 182.54 1
2 3 3 3 3
7 7 181.47 1 2
3 3 3 3 6
7 183.97 1 2 3
3 3 3 6 6
181.9 1 2 3 3
3 3 5 7 179.67
1 2 3 3 3
3 5 6 183.51 1
2 3 3 3 3
5 5 182.6 1 2
3 3 3 3 4
7 181.78 1 2 3
3 3 3 4 6
182.01 1 2 3 3
3 3 4 5 185.64
1 2 3 3 3
3 4 4 179.8 1
2 3 3 3 3
3 7 180.59 1 2
3 3 3 3 3
6 180.92 1 2 3
3 3 3 3 5
180.01 1 2 3 3
3 3 3 4 180.16
1 2 3 3 3
3 3 3 115 1
2 2 7 7 7
7 7 136.15 1 2
2 6 7 7 7
7 137.56 1 2 2
6 6 7 7 7
139.12 1 2 2 6
6 6 7 7 137.19
1 2 2 6 6
6 6 7 137.86 1
2 2 6 6 6
6 6 136.99 1 2
2 5 7 7 7
7 157.95 1 2 2
5 6 7 7 7
157.84 1 2 2 5
6 6 7 7 160.78
1 2 2 5 6
6 6 7 158.83 1
2 2 5 6 6
6 6 137.01 1 2
2 5 5 7 7
7 158.51 1 2 2
5 5 6 7 7
159.79 1 2 2 5
5 6 6 7 161.44
1 2 2 5 5
6 6 6 139.02 1
2 2 5 5 5
7 7 161.11 1 2
2 5 5 5 6
7 161.58 1 2 2
5 5 5 6 6
139.44 1 2 2 5
5 5 5 7 160.91
1 2 2 5 5
5 5 6 137.92 1
2 2 5 5 5
5 5 116.63 1 2
2 4 7 7 7
7 139.11 1 2 2
4 6 7 7 7
138.98 1 2 2 4
6 6 7 7 141.51
1 2 2 4 6
6 6 7 138.8 1
2 2 4 6 6
6 6 138.26 1 2
2 4 5 7 7
7 159.72 1 2 2
4 5 6 7 7
160.57 1 2 2 4
5 6 6 7 161.98
1 2 2 4 5
6 6 6 138.65 1
2 2 4 5 5
7 7 162.38 1 2
2 4 5 5 6
7 160.98 1 2 2
4 5 5 6 6
140.67 1 2 2 4
5 5 5 7 163.15
1 2 2 4 5
5 5 6 141.26 1
2 2 4 5 5
5 5 118.77 1 2
2 4 4 7 7
7 140.56 1 2 2
4 4 6 7 7
140.68 1 2 2 4
4 6 6 7 142.95
1 2 2 4 4
6 6 6 139.65 1
2 2 4 4 5
7 7 162.44 1 2
2 4 4 5 6
7 161.97 1 2 2
4 4 5 6 6
140.79 1 2 2 4
4 5 5 7 163.62
1 2 2 4 4
5 5 6 143 1
2 2 4 4 5
5 5 116.7 1 2
2 4 4 4 7
7 139.74 1 2 2
4 4 4 6 7
139.07 1 2 2 4
4 4 6 6 138.31
1 2 2 4 4
4 5 7 160.05 1
2 2 4 4 4
5 6 139.4 1 2
2 4 4 4 5
5 117.35 1 2 2
4 4 4 4 7
139.7 1 2 2 4
4 4 4 6 138.48
1 2 2 4 4
4 4 5 95.04 1
2 2 4 4 4
4 4 177.35 1 2
2 3 7 7 7
7 179.67 1 2 2
3 6 7 7 7
181.68 1 2 2 3
6 6 7 7 180.08
1 2 2 3 6
6 6 7 179.74 1
2 2 3 6 6
6 6 177.14 1 2
2 3 5 7 7
7 179.22 1 2 2
3 5 6 7 7
182.22 1 2 2 3
5 6 6 7 179.71
1 2 2 3 5
6 6 6 179.95 1
2 2 3 5 5
7 7 183.55 1 2
2 3 5 5 6
7 184.39 1 2 2
3 5 5 6 6
180.11 1 2 2 3
5 5 5 7 182.73
1 2 2 3 5
5 5 6 178.17 1
2 2 3 5 5
5 5 179.75 1 2
2 3 4 7 7
7 181.12 1 2 2
3 4 6 7 7
183.24 1 2 2 3
4 6 6 7 181.27
1 2 2 3 4
6 6 6 179.74 1
2 2 3 4 5
7 7 181.22 1 2
2 3 4 5 6
7 183.56 1 2 2
3 4 5 6 6
181.94 1 2 2 3
4 5 5 7 184
1 2 2 3 4
5 5 6 182.86 1
2 2 3 4 5
5 5 181.75 1 2
2 3 4 4 7
7 183.43 1 2 2
3 4 4 6 7
185.45 1 2 2 3
4 4 6 6 181.91
1 2 2 3 4
4 5 7 183.76 1
2 2 3 4 4
5 6 184.69 1 2
2 3 4 4 5
5 180.31 1 2 2
3 4 4 4 7
181.41 1 2 2 3
4 4 4 6 179.93
1 2 2 3 4
4 4 5 180.2 1
2 2 3 4 4
4 4 177.95 1 2
2 3 3 7 7
7 181.89 1 2 2
3 3 6 7 7
180.01 1 2 2 3
3 6 6 7 181.21
1 2 2 3 3
6 6 6 180.28 1
2 2 3 3 5
7 7 183.77 1 2
2 3 3 5 6
7 180.55 1 2 2
3 3 5 6 6
181.5 1 2 2 3
3 5 5 7 185.66
1 2 2 3 3
5 5 6 180.33 1
2 2 3 3 5
5 5 179.39 1 2
2 3 3 4 7
7 183.05 1 2 2
3 3 4 6 7
180.84 1 2 2 3
3 4 6 6 181.35
1 2 2 3 3
4 5 7 185.19 1
2 2 3 3 4
5 6 183.82 1 2
2 3 3 4 5
5 181.67 1 2 2
3 3 4 4 7
185.47 1 2 2 3
3 4 4 6 183.26
1 2 2 3 3
4 4 5 179.85 1
2 2 3 3 4
4 4 183.37 1 2
2 3 3 3 7
7 183.86 1 2 2
3 3 3 6 7
183.12 1 2 2 3
3 3 6 6 183.16
1 2 2 3 3
3 5 7 183.53 1
2 2 3 3 3
5 6 183.09 1 2
2 3 3 3 5
5 185.92 1 2 2
3 3 3 4 7
185.32 1 2 2 3
3 3 4 6 185.12
1 2 2 3 3
3 4 5 186.89 1
2 2 3 3 3
4 4 181.54 1 2
2 3 3 3 3
7 184.13 1 2 2
3 3 3 3 6
180.26 1 2 2 3
3 3 3 5 183.41
1 2 2 3 3
3 3 4 180.41 1
2 2 3 3 3
3 3 118.96 1 2
2 2 7 7 7
7 140.09 1 2 2
2 6 7 7 7
140.73 1 2 2 2
6 6 7 7 141.1
1 2 2 2 6
6 6 7 141.09 1
2 2 2 6 6
6 6 140.92 1 2
2 2 5 7 7
7 161.58 1 2 2
2 5 6 7 7
162.04 1 2 2 2
5 6 6 7 162.5
1 2 2 2 5
6 6 6 140.77 1
2 2 2 5 5
7 7 162.76 1 2
2 2 5 5 6
7 162.98 1 2 2
2 5 5 6 6
143 1 2 2 2
5 5 5 7 164
1 2 2 2 5
5 5 6 143.27 1
2 2 2 5 5
5 5 118.6 1 2
2 2 4 7 7
7 140.94 1 2 2
2 4 6 7 7
141.31 1 2 2 2
4 6 6 7 141.09
1 2 2 2 4
6 6 6 140.13 1
2 2 2 4 5
7 7 162.43 1 2
2 2 4 5 6
7 162.1 1 2 2
2 4 5 6 6
141.52 1 2 2 2
4 5 5 7 163.85
1 2 2 2 4
5 5 6 142.69 1
2 2 2 4 5
5 5 118.76 1 2
2 2 4 4 7
7 140.85 1 2 2
2 4 4 6 7
141.1 1 2 2 2
4 4 6 6 139.88
1 2 2 2 4
4 5 7 162.66 1
2 2 2 4 4
5 6 141.28 1 2
2 2 4 4 5
5 118.96 1 2 2
2 4 4 4 7
141.26 1 2 2 2
4 4 4 6 140.29
1 2 2 2 4
4 4 5 96.88 1
2 2 2 4 4
4 4 181.85 1 2
2 2 3 7 7
7 183.18 1 2 2
2 3 6 7 7
182.79 1 2 2 2
3 6 6 7 183.15
1 2 2 2 3
6 6 6 182.29 1
2 2 2 3 5
7 7 183.75 1 2
2 2 3 5 6
7 183.13 1 2 2
2 3 5 6 6
185.74 1 2 2 2
3 5 5 7 185.65
1 2 2 2 3
5 5 6 185.68 1
2 2 2 3 5
5 5 182.81 1 2
2 2 3 4 7
7 184.42 1 2 2
2 3 4 6 7
183.2 1 2 2 2
3 4 6 6 183.25
1 2 2 2 3
4 5 7 183.77 1
2 2 2 3 4
5 6 185.74 1 2
2 2 3 4 5
5 182.97 1 2 2
2 3 4 4 7
183.04 1 2 2 2
3 4 4 6 184.19
1 2 2 2 3
4 4 5 182.78 1
2 2 2 3 4
4 4 183.13 1 2
2 2 3 3 7
7 183.06 1 2 2
2 3 3 6 7
183.6 1 2 2 2
3 3 6 6 185
1 2 2 2 3
3 5 7 184.79 1
2 2 2 3 3
5 6 186.76 1 2
2 2 3 3 5
5 184.03 1 2 2
2 3 3 4 7
183.39 1 2 2 2
3 3 4 6 185.25
1 2 2 2 3
3 4 5 183.22 1
2 2 2 3 3
4 4 187.36 1 2
2 2 3 3 3
7 187.36 1 2 2
2 3 3 3 6
187.01 1 2 2 2
3 3 3 5 186.8
1 2 2 2 3
3 3 4 187.42 1
2 2 2 3 3
3 3 118.63 1 2
2 2 2 7 7
7 140.13 1 2 2
2 2 6 7 7
139.4 1 2 2 2
2 6 6 7 141.35
1 2 2 2 2
6 6 6 139.9 1
2 2 2 2 5
7 7 160.82 1 2
2 2 2 5 6
7 160.27 1 2 2
2 2 5 6 6
141.4 1 2 2 2
2 5 5 7 162.72
1 2 2 2 2
5 5 6 143.57 1
2 2 2 2 5
5 5 116.84 1 2
2 2 2 4 7
7 139.43 1 2 2
2 2 4 6 7
137.57 1 2 2 2
2 4 6 6 138.24
1 2 2 2 2
4 5 7 161.16 1
2 2 2 2 4
5 6 139.51 1 2
2 2 2 4 5
5 119.45 1 2 2
2 2 4 4 7
141.09 1 2 2 2
2 4 4 6 140.27
1 2 2 2 2
4 4 5 96.83 1
2 2 2 2 4
4 4 182.51 1 2
2 2 2 3 7
7 182.32 1 2 2
2 2 3 6 7
183.25 1 2 2 2
2 3 6 6 182.27
1 2 2 2 2
3 5 7 181.76 1
2 2 2 2 3
5 6 185.07 1 2
2 2 2 3 5
5 181.8 1 2 2
2 2 3 4 7
180.59 1 2 2 2
2 3 4 6 181.91
1 2 2 2 2
3 4 5 182.73 1
2 2 2 2 3
4 4 181.14 1 2
2 2 2 3 3
7 183.13 1 2 2
2 2 3 3 6
183.08 1 2 2 2
2 3 3 5 180.07
1 2 2 2 2
3 3 4 187.64 1
2 2 2 2 3
3 3 117.16 1 2
2 2 2 2 7
7 137.17 1 2 2
2 2 2 6 7
138.11 1 2 2 2
2 2 6 6 138.43
1 2 2 2 2
2 5 7 158.9 1
2 2 2 2 2
5 6 139.96 1 2
2 2 2 2 5
5 117.46 1 2 2
2 2 2 4 7
137.29 1 2 2 2
2 2 4 6 138.18
1 2 2 2 2
2 4 5 97.33 1
2 2 2 2 2
4 4 180.55 1 2
2 2 2 2 3
7 180.14 1 2 2
2 2 2 3 6
180.27 1 2 2 2
2 2 3 5 179.78
1 2 2 2 2
2 3 4 180.73 1
2 2 2 2 2
3 3 116.19 1 2
2 2 2 2 2
7 137.84 1 2 2
2 2 2 2 6
136.84 1 2 2 2
2 2 2 5 94.91
1 2 2 2 2
2 2 4 180.38 1
2 2 2 2 2
2 3 95.19 1 2
2 2 2 2 2
2 72.33 1 1 7
7 7 7 7 7
95.1 1 1 6 7
7 7 7 7 95.19
1 1 6 6 7
7 7 7 97.25 1
1 6 6 6 7
7 7 96.74 1 1
6 6 6 6 7
7 96.99 1 1 6
6 6 6 6 7
95.51 1 1 6 6
6 6 6 6 95.03
1 1 5 7 7
7 7 7 117.2 1
1 5 6 7 7
7 7 117.46 1 1
5 6 6 7 7
7 119.31 1 1 5
6 6 6 7 7
119.57 1 1 5 6
6 6 6 7 119.02
1 1 5 6 6
6 6 6 94.69 1
1 5 5 7 7
7 7 116.96 1 1
5 5 6 7 7
7 117.17 1 1 5
5 6 6 7 7
119.3 1 1 5 5
6 6 6 7 118.82
1 1 5 5 6
6 6 6 96.75 1
1 5 5 5 7
7 7 119.39 1 1
5 5 5 6 7
7 118.95 1 1 5
5 5 6 6 7
121.26 1 1 5 5
5 6 6 6 94.61
1 1 5 5 5
5 7 7 117.44 1
1 5 5 5 5
6 7 116.81 1 1
5 5 5 5 6
6 94.87 1 1 5
5 5 5 5 7
117.46 1 1 5 5
5 5 5 6 72.44
1 1 5 5 5
5 5 5 94.97 1
1 4 7 7 7
7 7 117.46 1 1
4 6 7 7 7
7 117.18 1 1 4
6 6 7 7 7
119.71 1 1 4 6
6 6 7 7 119.35
1 1 4 6 6
6 6 7 119.47 1
1 4 6 6 6
6 6 116.25 1 1
4 5 7 7 7
7 138.96 1 1 4
5 6 7 7 7
138.49 1 1 4 5
6 6 7 7 141.03
1 1 4 5 6
6 6 7 140.22 1
1 4 5 6 6
6 6 116.96 1 1
4 5 5 7 7
7 139.1 1 1 4
5 5 6 7 7
139.3 1 1 4 5
5 6 6 7 141.38
1 1 4 5 5
6 6 6 118.83 1
1 4 5 5 5
7 7 140.88 1 1
4 5 5 5 6
7 141.38 1 1 4
5 5 5 6 6
117.43 1 1 4 5
5 5 5 7 139.72
1 1 4 5 5
5 5 6 117.27 1
1 4 5 5 5
5 5 94.73 1 1
4 4 7 7 7
7 117.25 1 1 4
4 6 7 7 7
117.27 1 1 4 4
6 6 7 7 119.36
1 1 4 4 6
6 6 7 118.85 1
1 4 4 6 6
6 6 117.01 1 1
4 4 5 7 7
7 140.11 1 1 4
4 5 6 7 7
138.76 1 1 4 4
5 6 6 7 141.78
1 1 4 4 5
6 6 6 116.02 1
1 4 4 5 5
7 7 138.67 1 1
4 4 5 5 6
7 139.71 1 1 4
4 5 5 6 6
118.82 1 1 4 4
5 5 5 7 141.19
1 1 4 4 5
5 5 6 116.63 1
1 4 4 5 5
5 5 97.02 1 1
4 4 4 7 7
7 118.99 1 1 4
4 4 6 7 7
119.52 1 1 4 4
4 6 6 7 121.38
1 1 4 4 4
6 6 6 119.14 1
1 4 4 4 5
7 7 141.32 1 1
4 4 4 5 6
7 141.59 1 1 4
4 4 5 6 6
118.95 1 1 4 4
4 5 5 7 140.96
1 1 4 4 4
5 5 6 121.25 1
1 4 4 4 5
5 5 94.64 1 1
4 4 4 4 7
7 117.45 1 1 4
4 4 4 6 7
117.26 1 1 4 4
4 4 6 6 117.42
1 1 4 4 4
4 5 7 139.54 1
1 4 4 4 4
5 6 116.51 1 1
4 4 4 4 5
5 95.28 1 1 4
4 4 4 4 7
117.19 1 1 4 4
4 4 4 6 117.78
1 1 4 4 4
4 4 5 72.3 1
1 4 4 4 4
4 4 115.07 1 1
3 7 7 7 7
7 135.73 1 1 3
6 7 7 7 7
137.69 1 1 3 6
6 7 7 7 139.16
1 1 3 6 6
6 7 7 139.5 1
1 3 6 6 6
6 7 137.71 1 1
3 6 6 6 6
6 117.01 1 1 3
5 7 7 7 7
138 1 1 3 5
6 7 7 7 138.94
1 1 3 5 6
6 7 7 140.51 1
1 3 5 6 6
6 7 141.18 1 1
3 5 6 6 6
6 118.62 1 1 3
5 5 7 7 7
140.6 1 1 3 5
5 6 7 7 141.34
1 1 3 5 5
6 6 7 143.52 1
1 3 5 5 6
6 6 117.17 1 1
3 5 5 5 7
7 138.29 1 1 3
5 5 5 6 7
139.55 1 1 3 5
5 5 6 6 117.64
1 1 3 5 5
5 5 7 138.84 1
1 3 5 5 5
5 6 94.83 1 1
3 5 5 5 5
5 136.36 1 1 3
4 7 7 7 7
157.78 1 1 3 4
6 7 7 7 158.52
1 1 3 4 6
6 7 7 160.45 1
1 3 4 6 6
6 7 161.21 1 1
3 4 6 6 6
6 138.85 1 1 3
4 5 7 7 7
160.5 1 1 3 4
5 6 7 7 161.1
1 1 3 4 5
6 6 7 163.52 1
1 3 4 5 6
6 6 141.5 1 1
3 4 5 5 7
7 162.35 1 1 3
4 5 5 6 7
163.6 1 1 3 4
5 5 6 6 139.49
1 1 3 4 5
5 5 7 161.07 1
1 3 4 5 5
5 6 139.41 1 1
3 4 5 5 5
5 137 1 1 3
4 4 7 7 7
158.43 1 1 3 4
4 6 7 7 159.46
1 1 3 4 4
6 6 7 161.53 1
1 3 4 4 6
6 6 139.18 1 1
3 4 4 5 7
7 159.96 1 1 3
4 4 5 6 7
160.97 1 1 3 4
4 5 6 6 141.1
1 1 3 4 4
5 5 7 162.26 1
1 3 4 4 5
5 6 139.56 1 1
3 4 4 5 5
5 139.35 1 1 3
4 4 4 7 7
159.98 1 1 3 4
4 4 6 7 161.37
1 1 3 4 4
4 6 6 141.5 1
1 3 4 4 4
5 7 161.95 1 1
3 4 4 4 5
6 143.31 1 1 3
4 4 4 5 5
137.34 1 1 3 4
4 4 4 7 158.77
1 1 3 4 4
4 4 6 139.1 1
1 3 4 4 4
4 5 137.38 1 1
3 4 4 4 4
4 115.09 1 1 3
3 7 7 7 7
136.69 1 1 3 3
6 7 7 7 136.67
1 1 3 3 6
6 7 7 139.31 1
1 3 3 6 6
6 7 137.01 1 1
3 3 6 6 6
6 118.81 1 1 3
3 5 7 7 7
140.73 1 1 3 3
5 6 7 7 140.66
1 1 3 3 5
6 6 7 142.75 1
1 3 3 5 6
6 6 117.11 1 1
3 3 5 5 7
7 139.44 1 1 3
3 5 5 6 7
138.92 1 1 3 3
5 5 6 6 117.39
1 1 3 3 5
5 5 7 139.9 1
1 3 3 5 5
5 6 94.87 1 1
3 3 5 5 5
5 136.76 1 1 3
3 4 7 7 7
159.52 1 1 3 3
4 6 7 7 159.04
1 1 3 3 4
6 6 7 160.97 1
1 3 3 4 6
6 6 141.08 1 1
3 3 4 5 7
7 163.55 1 1 3
3 4 5 6 7
163.33 1 1 3 3
4 5 6 6 139.23
1 1 3 3 4
5 5 7 161.76 1
1 3 3 4 5
5 6 139.54 1 1
3 3 4 5 5
5 136.64 1 1 3
3 4 4 7 7
159.56 1 1 3 3
4 4 6 7 158.22
1 1 3 3 4
4 6 6 140.78 1
1 3 3 4 4
5 7 163.43 1 1
3 3 4 4 5
6 138.23 1 1 3
3 4 4 5 5
138.56 1 1 3 3
4 4 4 7 161.69
1 1 3 3 4
4 4 6 143.15 1
1 3 3 4 4
4 5 136.97 1 1
3 3 4 4 4
4 119 1 1 3
3 3 7 7 7
141.13 1 1 3 3
3 6 7 7 140.86
1 1 3 3 3
6 6 7 140.89 1
1 3 3 3 6
6 6 118.92 1 1
3 3 3 5 7
7 140.57 1 1 3
3 3 5 6 7
141.14 1 1 3 3
3 5 6 6 119.12
1 1 3 3 3
5 5 7 141.48 1
1 3 3 3 5
5 6 97.12 1 1
3 3 3 5 5
5 141.14 1 1 3
3 3 4 7 7
163.57 1 1 3 3
3 4 6 7 164.16
1 1 3 3 3
4 6 6 141.43 1
1 3 3 3 4
5 7 163.31 1 1
3 3 3 4 5
6 141.71 1 1 3
3 3 4 5 5
141.34 1 1 3 3
3 4 4 7 163.08
1 1 3 3 3
4 4 6 141.62 1
1 3 3 3 4
4 5 143.23 1 1
3 3 3 4 4
4 116.83 1 1 3
3 3 3 7 7
139.37 1 1 3 3
3 3 6 7 137.44
1 1 3 3 3
3 6 6 119.37 1
1 3 3 3 3
5 7 141.23 1 1
3 3 3 3 5
6 96.61 1 1 3
3 3 3 5 5
139.06 1 1 3 3
3 3 4 7 161.18
1 1 3 3 3
3 4 6 141.28 1
1 3 3 3 3
4 5 138.99 1 1
3 3 3 3 4
4 117.09 1 1 3
3 3 3 3 7
137.51 1 1 3 3
3 3 3 6 96.82
1 1 3 3 3
3 3 5 139.39 1
1 3 3 3 3
3 4 95.19 1 1
3 3 3 3 3
3 114.98 1 1 2
7 7 7 7 7
136.81 1 1 2 6
7 7 7 7 137.31
1 1 2 6 6
7 7 7 138.93 1
1 2 6 6 6
7 7 139.1 1 1
2 6 6 6 6
7 138.01 1 1 2
6 6 6 6 6
136.69 1 1 2 5
7 7 7 7 157.86
1 1 2 5 6
7 7 7 158.8 1
1 2 5 6 6
7 7 161.02 1 1
2 5 6 6 6
7 160.31 1 1 2
5 6 6 6 6
137.54 1 1 2 5
5 7 7 7 158.99
1 1 2 5 5
6 7 7 159.82 1
1 2 5 5 6
6 7 161.21 1 1
2 5 5 6 6
6 139.05 1 1 2
5 5 5 7 7
160.79 1 1 2 5
5 5 6 7 161.93
1 1 2 5 5
5 6 6 137.23 1
1 2 5 5 5
5 7 159.21 1 1
2 5 5 5 5
6 138.35 1 1 2
5 5 5 5 5
117.5 1 1 2 4
7 7 7 7 138.44
1 1 2 4 6
7 7 7 139.25 1
1 2 4 6 6
7 7 140.85 1 1
2 4 6 6 6
7 141.43 1 1 2
4 6 6 6 6
139.21 1 1 2 4
5 7 7 7 161.57
1 1 2 4 5
6 7 7 160.99 1
1 2 4 5 6
6 7 163.08 1 1
2 4 5 6 6
6 139.23 1 1 2
4 5 5 7 7
160.53 1 1 2 4
5 5 6 7 161.57
1 1 2 4 5
5 6 6 141.28 1
1 2 4 5 5
5 7 162.79 1 1
2 4 5 5 5
6 138.99 1 1 2
4 5 5 5 5
119.16 1 1 2 4
4 7 7 7 140.28
1 1 2 4 4
6 7 7 141.74 1
1 2 4 4 6
6 7 143.19 1 1
2 4 4 6 6
6 141.26 1 1 2
4 4 5 7 7
162.65 1 1 2 4
4 5 6 7 163.21
1 1 2 4 4
5 6 6 141.15 1
1 2 4 4 5
5 7 162.41 1 1
2 4 4 5 5
6 143.25 1 1 2
4 4 5 5 5
117.62 1 1 2 4
4 4 7 7 138.31
1 1 2 4 4
4 6 7 139.49 1
1 2 4 4 4
6 6 139.55 1 1
2 4 4 4 5
7 160.44 1 1 2
4 4 4 5 6
139.38 1 1 2 4
4 4 5 5 117.22
1 1 2 4 4
4 4 7 138.79 1
1 2 4 4 4
4 6 139.2 1 1
2 4 4 4 4
5 94.9 1 1 2
4 4 4 4 4
177.31 1 1 2 3
7 7 7 7 177.6
1 1 2 3 6
7 7 7 180.66 1
1 2 3 6 6
7 7 179.65 1 1
2 3 6 6 6
7 178.2 1 1 2
3 6 6 6 6
180.3 1 1 2 3
5 7 7 7 179.83
1 1 2 3 5
6 7 7 182.55 1
1 2 3 5 6
6 7 182.63 1 1
2 3 5 6 6
6 180.82 1 1 2
3 5 5 7 7
181.91 1 1 2 3
5 5 6 7 184.7
1 1 2 3 5
5 6 6 179.89 1
1 2 3 5 5
5 7 179.62 1 1
2 3 5 5 5
6 179.26 1 1 2
3 5 5 5 5
179.72 1 1 2 3
4 7 7 7 180.21
1 1 2 3 4
6 7 7 182.48 1
1 2 3 4 6
6 7 183.11 1 1
2 3 4 6 6
6 181.83 1 1 2
3 4 5 7 7
182.29 1 1 2 3
4 5 6 7 183.86
1 1 2 3 4
5 6 6 183.2 1
1 2 3 4 5
5 7 183.44 1 1
2 3 4 5 5
6 181.88 1 1 2
3 4 5 5 5
182.68 1 1 2 3
4 4 7 7 181.47
1 1 2 3 4
4 6 7 184.15 1
1 2 3 4 4
6 6 183.06 1 1
2 3 4 4 5
7 183.78 1 1 2
3 4 4 5 6
185.02 1 1 2 3
4 4 5 5 180.76
1 1 2 3 4
4 4 7 179.74 1
1 2 3 4 4
4 6 181.89 1 1
2 3 4 4 4
5 180.65 1 1 2
3 4 4 4 4
178.35 1 1 2 3
3 7 7 7 179.36
1 1 2 3 3
6 7 7 180.95 1
1 2 3 3 6
6 7 179.44 1 1
2 3 3 6 6
6 182.1 1 1 2
3 3 5 7 7
183.88 1 1 2 3
3 5 6 7 185.28
1 1 2 3 3
5 6 6 179.96 1
1 2 3 3 5
5 7 181.37 1 1
2 3 3 5 5
6 179.99 1 1 2
3 3 5 5 5
179.33 1 1 2 3
3 4 7 7 181.16
1 1 2 3 3
4 6 7 183.59 1
1 2 3 3 4
6 6 183.16 1 1
2 3 3 4 5
7 185.42 1 1 2
3 3 4 5 6
182.08 1 1 2 3
3 4 5 5 181.51
1 1 2 3 3
4 4 7 182.93 1
1 2 3 3 4
4 6 185.4 1 1
2 3 3 4 4
5 179.79 1 1 2
3 3 4 4 4
183.49 1 1 2 3
3 3 7 7 182.76
1 1 2 3 3
3 6 7 183.56 1
1 2 3 3 3
6 6 183.64 1 1
2 3 3 3 5
7 183.55 1 1 2
3 3 3 5 6
183.72 1 1 2 3
3 3 5 5 185.19
1 1 2 3 3
3 4 7 185.76 1
1 2 3 3 3
4 6 184.57 1 1
2 3 3 3 4
5 187.56 1 1 2
3 3 3 4 4
181.99 1 1 2 3
3 3 3 7 179.64
1 1 2 3 3
3 3 6 183.67 1
1 2 3 3 3
3 5 182.74 1 1
2 3 3 3 3
4 180.18 1 1 2
3 3 3 3 3
114.75 1 1 2 2
7 7 7 7 137.07
1 1 2 2 6
7 7 7 136.61 1
1 2 2 6 6
7 7 138.73 1 1
2 2 6 6 6
7 137.05 1 1 2
2 6 6 6 6
137.18 1 1 2 2
5 7 7 7 159.55
1 1 2 2 5
6 7 7 159.12 1
1 2 2 5 6
6 7 161.55 1 1
2 2 5 6 6
6 137.08 1 1 2
2 5 5 7 7
159.57 1 1 2 2
5 5 6 7 159.02
1 1 2 2 5
5 6 6 138.92 1
1 2 2 5 5
5 7 162.19 1 1
2 2 5 5 5
6 137.31 1 1 2
2 5 5 5 5
119.03 1 1 2 2
4 7 7 7 141.05
1 1 2 2 4
6 7 7 141.18 1
1 2 2 4 6
6 7 143.43 1 1
2 2 4 6 6
6 140.99 1 1 2
2 4 5 7 7
163.43 1 1 2 2
4 5 6 7 163.31
1 1 2 2 4
5 6 6 141.29 1
1 2 2 4 5
5 7 162.76 1 1
2 2 4 5 5
6 142.91 1 1 2
2 4 5 5 5
116.17 1 1 2 2
4 4 7 7 138.94
1 1 2 2 4
4 6 7 138.73 1
1 2 2 4 4
6 6 139.13 1 1
2 2 4 4 5
7 161.65 1 1 2
2 4 4 5 6
138.85 1 1 2 2
4 4 5 5 117.46
1 1 2 2 4
4 4 7 139.37 1
1 2 2 4 4
4 6 139.84 1 1
2 2 4 4 4
5 94.76 1 1 2
2 4 4 4 4
178.17 1 1 2 2
3 7 7 7 179.2
1 1 2 2 3
6 7 7 181.53 1
1 2 2 3 6
6 7 179.18 1 1
2 2 3 6 6
6 179.96 1 1 2
2 3 5 7 7
181.96 1 1 2 2
3 5 6 7 183.09
1 1 2 2 3
5 6 6 181.96 1
1 2 2 3 5
5 7 182.93 1 1
2 2 3 5 5
6 179.72 1 1 2
2 3 5 5 5
181.33 1 1 2 2
3 4 7 7 183.18
1 1 2 2 3
4 6 7 184.63 1
1 2 2 3 4
6 6 184.08 1 1
2 2 3 4 5
7 185.2 1 1 2
2 3 4 5 6
185.42 1 1 2 2
3 4 5 5 179.89
1 1 2 2 3
4 4 7 180.85 1
1 2 2 3 4
4 6 181.14 1 1
2 2 3 4 4
5 179.88 1 1 2
2 3 4 4 4
177.41 1 1 2 2
3 3 7 7 181.23
1 1 2 2 3
3 6 7 179.67 1
1 2 2 3 3
6 6 181.67 1 1
2 2 3 3 5
7 184.6 1 1 2
2 3 3 5 6
179.45 1 1 2 2
3 3 5 5 181.22
1 1 2 2 3
3 4 7 185.56 1
1 2 2 3 3
4 6 185.64 1 1
2 2 3 3 4
5 178.65 1 1 2
2 3 3 4 4
183.43 1 1 2 2
3 3 3 7 182.62
1 1 2 2 3
3 3 6 184.47 1
1 2 2 3 3
3 5 187.31 1 1
2 2 3 3 3
4 179.59 1 1 2
2 3 3 3 3
118.97 1 1 2 2
2 7 7 7 140.77
1 1 2 2 2
6 7 7 141.05 1
1 2 2 2 6
6 7 141.25 1 1
2 2 2 6 6
6 140.93 1 1 2
2 2 5 7 7
163.32 1 1 2 2
2 5 6 7 164.1
1 1 2 2 2
5 6 6 141.5 1
1 2 2 2 5
5 7 162.93 1 1
2 2 2 5 5
6 143.02 1 1 2
2 2 5 5 5
118.84 1 1 2 2
2 4 7 7 140.91
1 1 2 2 2
4 6 7 141.25 1
1 2 2 2 4
6 6 141.58 1 1
2 2 2 4 5
7 163.72 1 1 2
2 2 4 5 6
140.91 1 1 2 2
2 4 5 5 119.18
1 1 2 2 2
4 4 7 141.55 1
1 2 2 2 4
4 6 141.95 1 1
2 2 2 4 4
5 97.37 1 1 2
2 2 4 4 4
182.87 1 1 2 2
2 3 7 7 183.03
1 1 2 2 2
3 6 7 183.2 1
1 2 2 2 3
6 6 184.95 1 1
2 2 2 3 5
7 185.09 1 1 2
2 2 3 5 6
187.59 1 1 2 2
2 3 5 5 183.34
1 1 2 2 2
3 4 7 183.13 1
1 2 2 2 3
4 6 185.09 1 1
2 2 2 3 4
5 183.39 1 1 2
2 2 3 4 4
183.24 1 1 2 2
2 3 3 7 183.15
1 1 2 2 2
3 3 6 187.52 1
1 2 2 2 3
3 5 182.98 1 1
2 2 2 3 3
4 187.47 1 1 2
2 2 3 3 3
116.72 1 1 2 2
2 2 7 7 138.53
1 1 2 2 2
2 6 7 136.98 1
1 2 2 2 2
6 6 138.97 1 1
2 2 2 2 5
7 161.18 1 1 2
2 2 2 5 6
138.85 1 1 2 2
2 2 5 5 119.26
1 1 2 2 2
2 4 7 141.4 1
1 2 2 2 2
4 6 141.74 1 1
2 2 2 2 4
5 96.58 1 1 2
2 2 2 4 4
180.71 1 1 2 2
2 2 3 7 179.45
1 1 2 2 2
2 3 6 182.85 1
1 2 2 2 2
3 5 183.25 1 1
2 2 2 2 3
4 178.96 1 1 2
2 2 2 3 3
117.47 1 1 2 2
2 2 2 7 137.46
1 1 2 2 2
2 2 6 139.87 1
1 2 2 2 2
2 5 96.93 1 1
2 2 2 2 2
4 180.59 1 1 2
2 2 2 2 3
94.41 1 1 2 2
2 2 2 2 74.59
1 1 1 7 7
7 7 7 96.72 1
1 1 6 7 7
7 7 96.9 1 1
1 6 6 7 7
7 99.16 1 1 1
6 6 6 7 7
98.93 1 1 1 6
6 6 6 7 99.34
1 1 1 6 6
6 6 6 96.87 1
1 1 5 7 7
7 7 119.3 1 1
1 5 6 7 7
7 118.68 1 1 1
5 6 6 7 7
121.11 1 1 1 5
6 6 6 7 120.9
1 1 1 5 6
6 6 6 96.75 1
1 1 5 5 7
7 7 119.41 1 1
1 5 5 6 7
7 119.17 1 1 1
5 5 6 6 7
121.53 1 1 1 5
5 6 6 6 96.86
1 1 1 5 5
5 7 7 118.77 1
1 1 5 5 5
6 7 119.32 1 1
1 5 5 5 6
6 96.45 1 1 1
5 5 5 5 7
119.35 1 1 1 5
5 5 5 6 74.6
1 1 1 5 5
5 5 5 96.64 1
1 1 4 7 7
7 7 118.8 1 1
1 4 6 7 7
7 118.82 1 1 1
4 6 6 7 7
121.16 1 1 1 4
6 6 6 7 121.18
1 1 1 4 6
6 6 6 117.8 1
1 1 4 5 7
7 7 139.71 1 1
1 4 5 6 7
7 139.53 1 1 1
4 5 6 6 7
142.23 1 1 1 4
5 6 6 6 118.82
1 1 1 4 5
5 7 7 141.06 1
1 1 4 5 5
6 7 141.22 1 1
1 4 5 5 6
6 118.95 1 1 1
4 5 5 5 7
141.22 1 1 1 4
5 5 5 6 118.94
1 1 1 4 5
5 5 5 96.71 1
1 1 4 4 7
7 7 119.33 1 1
1 4 4 6 7
7 119.31 1 1 1
4 4 6 6 7
121.13 1 1 1 4
4 6 6 6 118.77
1 1 1 4 4
5 7 7 140.67 1
1 1 4 4 5
6 7 141.19 1 1
1 4 4 5 6
6 118.83 1 1 1
4 4 5 5 7
141.5 1 1 1 4
4 5 5 6 119.08
1 1 1 4 4
5 5 5 96.57 1
1 1 4 4 4
7 7 118.95 1 1
1 4 4 4 6
7 118.84 1 1 1
4 4 4 6 6
118.19 1 1 1 4
4 4 5 7 141
1 1 1 4 4
4 5 6 118.36 1
1 1 4 4 4
5 5 96.67 1 1
1 4 4 4 4
7 119.38 1 1 1
4 4 4 4 6
118.34 1 1 1 4
4 4 4 5 74.5
1 1 1 4 4
4 4 4 119.15 1
1 1 3 7 7
7 7 140.5 1 1
1 3 6 7 7
7 141.55 1 1 1
3 6 6 7 7
142.65 1 1 1 3
6 6 6 7 143.42
1 1 1 3 6
6 6 6 118.79 1
1 1 3 5 7
7 7 140.32 1 1
1 3 5 6 7
7 141.53 1 1 1
3 5 6 6 7
142.85 1 1 1 3
5 6 6 6 119.17
1 1 1 3 5
5 7 7 140.15 1
1 1 3 5 5
6 7 141.42 1 1
1 3 5 5 6
6 119.06 1 1 1
3 5 5 5 7
140.54 1 1 1 3
5 5 5 6 97.12
1 1 1 3 5
5 5 5 139.95 1
1 1 3 4 7
7 7 161.23 1 1
1 3 4 6 7
7 162.64 1 1 1
3 4 6 6 7
163.93 1 1 1 3
4 6 6 6 141.11
1 1 1 3 4
5 7 7 162.15 1
1 1 3 4 5
6 7 163.05 1 1
1 3 4 5 6
6 140.64 1 1 1
3 4 5 5 7
162.17 1 1 1 3
4 5 5 6 141.59
1 1 1 3 4
5 5 5 141.11 1
1 1 3 4 4
7 7 162.45 1 1
1 3 4 4 6
7 163.05 1 1 1
3 4 4 6 6
141.07 1 1 1 3
4 4 5 7 162.63
1 1 1 3 4
4 5 6 141.04 1
1 1 3 4 4
5 5 140.95 1 1
1 3 4 4 4
7 162.01 1 1 1
3 4 4 4 6
141.15 1 1 1 3
4 4 4 5 140.61
1 1 1 3 4
4 4 4 119.23 1
1 1 3 3 7
7 7 141.25 1 1
1 3 3 6 7
7 140.66 1 1 1
3 3 6 6 7
143.49 1 1 1 3
3 6 6 6 119.19
1 1 1 3 3
5 7 7 141.6 1
1 1 3 3 5
6 7 141.03 1 1
1 3 3 5 6
6 119.42 1 1 1
3 3 5 5 7
141.51 1 1 1 3
3 5 5 6 96.82
1 1 1 3 3
5 5 5 140.87 1
1 1 3 3 4
7 7 163.38 1 1
1 3 3 4 6
7 163.42 1 1 1
3 3 4 6 6
140.9 1 1 1 3
3 4 5 7 163.88
1 1 1 3 3
4 5 6 141.14 1
1 1 3 3 4
5 5 141.36 1 1
1 3 3 4 4
7 163.52 1 1 1
3 3 4 4 6
141.16 1 1 1 3
3 4 4 5 141.07
1 1 1 3 3
4 4 4 121.19 1
1 1 3 3 3
7 7 142.92 1 1
1 3 3 3 6
7 143.25 1 1 1
3 3 3 6 6
121.06 1 1 1 3
3 3 5 7 142.93
1 1 1 3 3
3 5 6 98.92 1
1 1 3 3 3
5 5 143.04 1 1
1 3 3 3 4
7 164.63 1 1 1
3 3 3 4 6
143.11 1 1 1 3
3 3 4 5 142.61
1 1 1 3 3
3 4 4 120.88 1
1 1 3 3 3
3 7 143.44 1 1
1 3 3 3 3
6 98.95 1 1 1
3 3 3 3 5
142.97 1 1 1 3
3 3 3 4 99.21
1 1 1 3 3
3 3 3 118.98 1
1 1 2 7 7
7 7 140.2 1 1
1 2 6 7 7
7 141.29 1 1 1
2 6 6 7 7
142.95 1 1 1 2
6 6 6 7 142.99
1 1 1 2 6
6 6 6 139.66 1
1 1 2 5 7
7 7 161.58 1 1
1 2 5 6 7
7 162.51 1 1 1
2 5 6 6 7
163.72 1 1 1 2
5 6 6 6 141.28
1 1 1 2 5
5 7 7 162.49 1
1 1 2 5 5
6 7 164.05 1 1
1 2 5 5 6
6 141.63 1 1 1
2 5 5 5 7
161.76 1 1 1 2
5 5 5 6 141.02
1 1 1 2 5
5 5 5 118.85 1
1 1 2 4 7
7 7 140.33 1 1
1 2 4 6 7
7 141.39 1 1 1
2 4 6 6 7
143.02 1 1 1 2
4 6 6 6 141.31
1 1 1 2 4
5 7 7 162.45 1
1 1 2 4 5
6 7 163.04 1 1
1 2 4 5 6
6 140.81 1 1 1
2 4 5 5 7
162.78 1 1 1 2
4 5 5 6 141.16
1 1 1 2 4
5 5 5 119.36 1
1 1 2 4 4
7 7 140.68 1 1
1 2 4 4 6
7 141.49 1 1 1
2 4 4 6 6
141.36 1 1 1 2
4 4 5 7 162.3
1 1 1 2 4
4 5 6 141.25 1
1 1 2 4 4
5 5 119.45 1 1
1 2 4 4 4
7 140.15 1 1 1
2 4 4 4 6
140.77 1 1 1 2
4 4 4 5 97.06
1 1 1 2 4
4 4 4 181.73 1
1 1 2 3 7
7 7 182.18 1 1
1 2 3 6 7
7 185.04 1 1 1
2 3 6 6 7
184.87 1 1 1 2
3 6 6 6 183.33
1 1 1 2 3
5 7 7 183.51 1
1 1 2 3 5
6 7 186 1 1
1 2 3 5 6
6 184.14 1 1 1
2 3 5 5 7
184.03 1 1 1 2
3 5 5 6 183.64
1 1 1 2 3
5 5 5 183.98 1
1 1 2 3 4
7 7 183.33 1 1
1 2 3 4 6
7 186.17 1 1 1
2 3 4 6 6
183.9 1 1 1 2
3 4 5 7 183.96
1 1 1 2 3
4 5 6 183.28 1
1 1 2 3 4
5 5 184.11 1 1
1 2 3 4 4
7 184.29 1 1 1
2 3 4 4 6
183.48 1 1 1 2
3 4 4 5 182.8
1 1 1 2 3
4 4 4 182.17 1
1 1 2 3 3
7 7 184.84 1 1
1 2 3 3 6
7 187.24 1 1 1
2 3 3 6 6
183.52 1 1 1 2
3 3 5 7 185.5
1 1 1 2 3
3 5 6 183.77 1
1 1 2 3 3
5 5 183.18 1 1
1 2 3 3 4
7 185.22 1 1 1
2 3 3 4 6
183.14 1 1 1 2
3 3 4 5 183.21
1 1 1 2 3
3 4 4 187.14 1
1 1 2 3 3
3 7 187.3 1 1
1 2 3 3 3
6 187.13 1 1 1
2 3 3 3 5
187.52 1 1 1 2
3 3 3 4 186.85
1 1 1 2 3
3 3 3 118.48 1
1 1 2 2 7
7 7 141.09 1 1
1 2 2 6 7
7 141.66 1 1 1
2 2 6 6 7
143.17 1 1 1 2
2 6 6 6 140.36
1 1 1 2 2
5 7 7 162.8 1
1 1 2 2 5
6 7 162.77 1 1
1 2 2 5 6
6 141.63 1 1 1
2 2 5 5 7
163.12 1 1 1 2
2 5 5 6 141.35
1 1 1 2 2
5 5 5 118.59 1
1 1 2 2 4
7 7 141.81 1 1
1 2 2 4 6
7 141.17 1 1 1
2 2 4 6 6
141.15 1 1 1 2
2 4 5 7 163.55
1 1 1 2 2
4 5 6 141.02 1
1 1 2 2 4
5 5 119.02 1 1
1 2 2 4 4
7 141.3 1 1 1
2 2 4 4 6
140.77 1 1 1 2
2 4 4 5 97.02
1 1 1 2 2
4 4 4 183.15 1
1 1 2 2 3
7 7 185.54 1 1
1 2 2 3 6
7 186.65 1 1 1
2 2 3 6 6
183.09 1 1 1 2
2 3 5 7 185.64
1 1 1 2 2
3 5 6 183.3 1
1 1 2 2 3
5 5 183.73 1 1
1 2 2 3 4
7 185.29 1 1 1
2 2 3 4 6
183.74 1 1 1 2
2 3 4 5 184.03
1 1 1 2 2
3 4 4 183.4 1
1 1 2 2 3
3 7 187.36 1 1
1 2 2 3 3
6 182.78 1 1 1
2 2 3 3 5
183.2 1 1 1 2
2 3 3 4 187.69
1 1 1 2 2
3 3 3 121.04 1
1 1 2 2 2
7 7 142.89 1 1
1 2 2 2 6
7 143.44 1 1 1
2 2 2 6 6
142.91 1 1 1 2
2 2 5 7 165.08
1 1 1 2 2
2 5 6 143.16 1
1 1 2 2 2
5 5 121.01 1 1
1 2 2 2 4
7 143.34 1 1 1
2 2 2 4 6
143.08 1 1 1 2
2 2 4 5 99.02
1 1 1 2 2
2 4 4 187.45 1
1 1 2 2 2
3 7 187.85 1 1
1 2 2 2 3
6 187.15 1 1 1
2 2 2 3 5
187.43 1 1 1 2
2 2 3 4 187.77
1 1 1 2 2
2 3 3 120.87 1
1 1 2 2 2
2 7 142.75 1 1
1 2 2 2 2
6 142.67 1 1 1
2 2 2 2 5
98.77 1 1 1 2
2 2 2 4 186.91
1 1 1 2 2
2 2 3 99.34 1
1 1 2 2 2
2 2 74.27 1 1
1 1 7 7 7
7 96.63 1 1 1
1 6 7 7 7
97.04 1 1 1 1
6 6 7 7 99.04
1 1 1 1 6
6 6 7 98.58 1
1 1 1 6 6
6 6 96.77 1 1
1 1 5 7 7
7 119.29 1 1 1
1 5 6 7 7
119.36 1 1 1 1
5 6 6 7 121.17
1 1 1 1 5
6 6 6 94.48 1
1 1 1 5 5
7 7 117.55 1 1
1 1 5 5 6
7 116.83 1 1 1
1 5 5 6 6
96.63 1 1 1 1
5 5 5 7 118.97
1 1 1 1 5
5 5 6 74.28 1
1 1 1 5 5
5 5 96.62 1 1
1 1 4 7 7
7 119.13 1 1 1
1 4 6 7 7
118.91 1 1 1 1
4 6 6 7 121.26
1 1 1 1 4
6 6 6 118.2 1
1 1 1 4 5
7 7 140.62 1 1
1 1 4 5 6
7 140 1 1 1
1 4 5 6 6
117.11 1 1 1 1
4 5 5 7 140.18
1 1 1 1 4
5 5 6 118.93 1
1 1 1 4 5
5 5 94.4 1 1
1 1 4 4 7
7 116.7 1 1 1
1 4 4 6 7
117.02 1 1 1 1
4 4 6 6 116.5
1 1 1 1 4
4 5 7 138.95 1
1 1 1 4 4
5 6 115.18 1 1
1 1 4 4 5
5 96.82 1 1 1
1 4 4 4 7
118.88 1 1 1 1
4 4 4 6 118.88
1 1 1 1 4
4 4 5 74.29 1
1 1 1 4 4
4 4 118.66 1 1
1 1 3 7 7
7 140.97 1 1 1
1 3 6 7 7
141.18 1 1 1 1
3 6 6 7 142.79
1 1 1 1 3
6 6 6 116.48 1
1 1 1 3 5
7 7 138.87 1 1
1 1 3 5 6
7 139.23 1 1 1
1 3 5 6 6
119.49 1 1 1 1
3 5 5 7 140.49
1 1 1 1 3
5 5 6 96.83 1
1 1 1 3 5
5 5 140.09 1 1
1 1 3 4 7
7 161.32 1 1 1
1 3 4 6 7
162.58 1 1 1 1
3 4 6 6 139.78
1 1 1 1 3
4 5 7 160.93 1
1 1 1 3 4
5 6 141.22 1 1
1 1 3 4 5
5 139.01 1 1 1
1 3 4 4 7
160.1 1 1 1 1
3 4 4 6 137.06
1 1 1 1 3
4 4 5 141.28 1
1 1 1 3 4
4 4 116.92 1 1
1 1 3 3 7
7 138.82 1 1 1
1 3 3 6 7
139.01 1 1 1 1
3 3 6 6 118.76
1 1 1 1 3
3 5 7 141.22 1
1 1 1 3 3
5 6 97 1 1
1 1 3 3 5
5 138.85 1 1 1
1 3 3 4 7
161.63 1 1 1 1
3 3 4 6 141.27
1 1 1 1 3
3 4 5 136.7 1
1 1 1 3 3
4 4 120.63 1 1
1 1 3 3 3
7 143.1 1 1 1
1 3 3 3 6
98.84 1 1 1 1
3 3 3 5 142.81
1 1 1 1 3
3 3 4 98.44 1
1 1 1 3 3
3 3 118.74 1 1
1 1 2 7 7
7 140.23 1 1 1
1 2 6 7 7
141.15 1 1 1 1
2 6 6 7 142.9
1 1 1 1 2
6 6 6 139.66 1
1 1 1 2 5
7 7 161.57 1 1
1 1 2 5 6
7 162.04 1 1 1
1 2 5 6 6
139.45 1 1 1 1
2 5 5 7 160.17
1 1 1 1 2
5 5 6 141.06 1
1 1 1 2 5
5 5 117.95 1 1
1 1 2 4 7
7 138.32 1 1 1
1 2 4 6 7
139.6 1 1 1 1
2 4 6 6 139.69
1 1 1 1 2
4 5 7 160.65 1
1 1 1 2 4
5 6 137.21 1 1
1 1 2 4 5
5 119.4 1 1 1
1 2 4 4 7
139.71 1 1 1 1
2 4 4 6 141.63
1 1 1 1 2
4 4 5 96.39 1
1 1 1 2 4
4 4 182.43 1 1
1 1 2 3 7
7 182.43 1 1 1
1 2 3 6 7
185.26 1 1 1 1
2 3 6 6 181.92
1 1 1 1 2
3 5 7 182.3 1
1 1 1 2 3
5 6 183.95 1 1
1 1 2 3 5
5 181.87 1 1 1
1 2 3 4 7
181.95 1 1 1 1
2 3 4 6 180.23
1 1 1 1 2
3 4 5 183.43 1
1 1 1 2 3
4 4 181.99 1 1
1 1 2 3 3
7 183.43 1 1 1
1 2 3 3 6
184.22 1 1 1 1
2 3 3 5 180.15
1 1 1 1 2
3 3 4 187.43 1
1 1 1 2 3
3 3 116.78 1 1
1 1 2 2 7
7 139.25 1 1 1
1 2 2 6 7
139.03 1 1 1 1
2 2 6 6 138.87
1 1 1 1 2
2 5 7 161.42 1
1 1 1 2 2
5 6 137.4 1 1
1 1 2 2 5
5 119.27 1 1 1
1 2 2 4 7
141.17 1 1 1 1
2 2 4 6 141.51
1 1 1 1 2
2 4 5 97.08 1
1 1 1 2 2
4 4 181.76 1 1
1 1 2 2 3
7 183.44 1 1 1
1 2 2 3 6
179.51 1 1 1 1
2 2 3 5 184.04
1 1 1 1 2
2 3 4 179.61 1
1 1 1 2 2
3 3 121.01 1 1
1 1 2 2 2
7 143.35 1 1 1
1 2 2 2 6
143.28 1 1 1 1
2 2 2 5 98.98
1 1 1 1 2
2 2 4 187.77 1
1 1 1 2 2
2 3 98.68 1 1
1 1 2 2 2
2 74.65 1 1 1
1 1 7 7 7
97.07 1 1 1 1
1 6 7 7 97.33
1 1 1 1 1
6 6 7 99.19 1
1 1 1 1 6
6 6 94.77 1 1
1 1 1 5 7
7 117.47 1 1 1
1 1 5 6 7
117.53 1 1 1 1
1 5 6 6 94.98
1 1 1 1 1
5 5 7 117.09 1
1 1 1 1 5
5 6 74.65 1 1
1 1 1 5 5
5 94.83 1 1 1
1 1 4 7 7
117.17 1 1 1 1
1 4 6 7 116.72
1 1 1 1 1
4 6 6 115.5 1
1 1 1 1 4
5 7 137.84 1 1
1 1 1 4 5
6 115.23 1 1 1
1 1 4 5 5
94.97 1 1 1 1
1 4 4 7 117.25
1 1 1 1 1
4 4 6 115.24 1
1 1 1 1 4
4 5 74.56 1 1
1 1 1 4 4
4 117.09 1 1 1
1 1 3 7 7
138.68 1 1 1 1
1 3 6 7 139.99
1 1 1 1 1
3 6 6 117.22 1
1 1 1 1 3
5 7 138.74 1 1
1 1 1 3 5
6 97 1 1 1
1 1 3 5 5
138.01 1 1 1 1
1 3 4 7 159.63
1 1 1 1 1
3 4 6 137.42 1
1 1 1 1 3
4 5 138.04 1 1
1 1 1 3 4
4 117.24 1 1 1
1 1 3 3 7
139.57 1 1 1 1
1 3 3 6 96.97
1 1 1 1 1
3 3 5 137.81 1
1 1 1 1 3
3 4 99.18 1 1
1 1 1 3 3
3 117.37 1 1 1
1 1 2 7 7
138.78 1 1 1 1
1 2 6 7 139.98
1 1 1 1 1
2 6 6 137.56 1
1 1 1 1 2
5 7 158.59 1 1
1 1 1 2 5
6 137.62 1 1 1
1 1 2 5 5
117.5 1 1 1 1
1 2 4 7 138.98
1 1 1 1 1
2 4 6 137.43 1
1 1 1 1 2
4 5 97.08 1 1
1 1 1 2 4
4 180.81 1 1 1
1 1 2 3 7
180.34 1 1 1 1
1 2 3 6 180.65
1 1 1 1 1
2 3 5 179.63 1
1 1 1 1 2
3 4 180.22 1 1
1 1 1 2 3
3 117.68 1 1 1
1 1 2 2 7
139.37 1 1 1 1
1 2 2 6 138.06
1 1 1 1 1
2 2 5 97.03 1
1 1 1 1 2
2 4 180.49 1 1
1 1 1 2 2
3 99.18 1 1 1
1 1 2 2 2
72.62 1 1 1 1
1 1 7 7 94.59
1 1 1 1 1
1 6 7 94.57 1
1 1 1 1 1
6 6 93.72 1 1
1 1 1 1 5
7 116.52 1 1 1
1 1 1 5 6
72.45 1 1 1 1
1 1 5 5 93.63
1 1 1 1 1
1 4 7 116.33 1
1 1 1 1 1
4 6 115.35 1 1
1 1 1 1 4
5 72.56 1 1 1
1 1 1 4 4
116.38 1 1 1 1
1 1 3 7 137.81
1 1 1 1 1
1 3 6 95.15 1
1 1 1 1 1
3 5 137.92 1 1
1 1 1 1 3
4 95.06 1 1 1
1 1 1 3 3
116.73 1 1 1 1
1 1 2 7 137.66
1 1 1 1 1
1 2 6 137.62 1
1 1 1 1 1
2 5 95 1 1
1 1 1 1 2
4 180.52 1 1 1
1 1 1 2 3
94.79 1 1 1 1
1 1 2 2 72.54
1 1 1 1 1
1 1 7 95.05 1
1 1 1 1 1
1 6 72.37 1 1
1 1 1 1 1
5 72.3 1 1 1
1 1 1 1 4
94.96 1 1 1 1
1 1 1 3 94.81
1 1 1 1 1
1 1 2 50 1
1 1 1 1 1
1 1
