48.4 7 7 7 7
68.21 6 7 7 7
65.02 6 6 7 7
68.12 6 6 6 7
48.33 6 6 6 6
67.99 5 7 7 7
86.13 5 6 7 7
83.74 5 6 6 7
87.5 5 6 6 6
64.74 5 5 7 7
84.51 5 5 6 7
80.57 5 5 6 6
67.94 5 5 5 7
87.81 5 5 5 6
48.7 5 5 5 5
67.74 4 7 7 7
85.34 4 6 7 7
84.44 4 6 6 7
87.74 4 6 6 6
85.65 4 5 7 7
102.19 4 5 6 7
101.85 4 5 6 6
84.1 4 5 5 7
101.97 4 5 5 6
87.25 4 5 5 5
65.14 4 4 7 7
84.47 4 4 6 7
81.02 4 4 6 6
84.54 4 4 5 7
102.23 4 4 5 6
81.03 4 4 5 5
67.83 4 4 4 7
87.72 4 4 4 6
87.35 4 4 4 5
48.65 4 4 4 4
68.09 3 7 7 7
82.5 3 6 7 7
84.37 3 6 6 7
67.77 3 6 6 6
81.6 3 5 7 7
96.96 3 5 6 7
98.46 3 5 6 6
84.44 3 5 5 7
99.11 3 5 5 6
67.87 3 5 5 5
85.69 3 4 7 7
100.65 3 4 6 7
102.33 3 4 6 6
100.95 3 4 5 7
115.82 3 4 5 6
101.97 3 4 5 5
84.09 3 4 4 7
98.75 3 4 4 6
99.77 3 4 4 5
87.61 3 4 4 4
65.1 3 3 7 7
82.4 3 3 6 7
65.2 3 3 6 6
81.7 3 3 5 7
100.28 3 3 5 6
64.92 3 3 5 5
84.42 3 3 4 7
102.37 3 3 4 6
101.44 3 3 4 5
80.76 3 3 4 4
67.87 3 3 3 7
68.04 3 3 3 6
68.2 3 3 3 5
87.46 3 3 3 4
48.62 3 3 3 3
68.1 2 7 7 7
82.4 2 6 7 7
84.43 2 6 6 7
68.19 2 6 6 6
85.42 2 5 7 7
99.78 2 5 6 7
102.2 2 5 6 6
84.85 2 5 5 7
98.11 2 5 5 6
87.69 2 5 5 5
82.78 2 4 7 7
97.97 2 4 6 7
98.99 2 4 6 6
99.81 2 4 5 7
115.58 2 4 5 6
98.48 2 4 5 5
84.49 2 4 4 7
98.79 2 4 4 6
101.93 2 4 4 5
68.02 2 4 4 4
100.33 2 3 7 7
100.65 2 3 6 7
85.44 2 3 6 6
115.56 2 3 5 7
114.37 2 3 5 6
117.18 2 3 5 5
115.17 2 3 4 7
114.24 2 3 4 6
129.03 2 3 4 5
115.97 2 3 4 4
97.19 2 3 3 7
84.72 2 3 3 6
116.41 2 3 3 5
113.29 2 3 3 4
87.22 2 3 3 3
64.75 2 2 7 7
82.31 2 2 6 7
64.36 2 2 6 6
84.28 2 2 5 7
102.21 2 2 5 6
80.92 2 2 5 5
82.3 2 2 4 7
100.22 2 2 4 6
102.56 2 2 4 5
65.23 2 2 4 4
98.98 2 2 3 7
84.06 2 2 3 6
114.1 2 2 3 5
117.23 2 2 3 4
81.06 2 2 3 3
68.03 2 2 2 7
68.19 2 2 2 6
87.29 2 2 2 5
68.09 2 2 2 4
87.56 2 2 2 3
48.49 2 2 2 2
68.19 1 7 7 7
85.87 1 6 7 7
84.58 1 6 6 7
87.24 1 6 6 6
81.45 1 5 7 7
101.17 1 5 6 7
98.7 1 5 6 6
83.64 1 5 5 7
101.95 1 5 5 6
67.47 1 5 5 5
83.06 1 4 7 7
100.47 1 4 6 7
98.6 1 4 6 6
97.05 1 4 5 7
115.9 1 4 5 6
98.79 1 4 5 5
84.19 1 4 4 7
102.17 1 4 4 6
98.5 1 4 4 5
68.28 1 4 4 4
100.24 1 3 7 7
114.57 1 3 6 7
116.63 1 3 6 6
100.61 1 3 5 7
114.7 1 3 5 6
85.72 1 3 5 5
115.48 1 3 4 7
129.79 1 3 4 6
114.5 1 3 4 5
116.09 1 3 4 4
98.9 1 3 3 7
116.54 1 3 3 6
84.27 1 3 3 5
112.65 1 3 3 4
87.76 1 3 3 3
99.99 1 2 7 7
114.45 1 2 6 7
116.44 1 2 6 6
114.66 1 2 5 7
130.62 1 2 5 6
116.57 1 2 5 5
99.13 1 2 4 7
115.39 1 2 4 6
114.16 1 2 4 5
85.81 1 2 4 4
145.78 1 2 3 7
146.21 1 2 3 6
145.23 1 2 3 5
146.71 1 2 3 4
145 1 2 3 3
98.74 1 2 2 7
116.15 1 2 2 6
112.98 1 2 2 5
84.37 1 2 2 4
144.96 1 2 2 3
86.98 1 2 2 2
64.81 1 1 7 7
83.95 1 1 6 7
81.52 1 1 6 6
82.33 1 1 5 7
102.76 1 1 5 6
64.15 1 1 5 5
82.87 1 1 4 7
101.52 1 1 4 6
101.08 1 1 4 5
64.36 1 1 4 4
99.29 1 1 3 7
112.61 1 1 3 6
84.7 1 1 3 5
116.47 1 1 3 4
80.77 1 1 3 3
99.93 1 1 2 7
113.6 1 1 2 6
115.36 1 1 2 5
84.53 1 1 2 4
144.73 1 1 2 3
81.35 1 1 2 2
68.14 1 1 1 7
87.47 1 1 1 6
67.71 1 1 1 5
68.33 1 1 1 4
87.07 1 1 1 3
87.8 1 1 1 2
48.55 1 1 1 1
