48.28 7 7 7 7
7 7 7 7 62.53
6 7 7 7 7
7 7 7 61.51 6
6 7 7 7 7
7 7 66.03 6 6
6 7 7 7 7
7 64.11 6 6 6
6 7 7 7 7
66.26 6 6 6 6
6 7 7 7 62.05
6 6 6 6 6
6 7 7 63.02 6
6 6 6 6 6
6 7 48.27 6 6
6 6 6 6 6
6 63.12 5 7 7
7 7 7 7 7
74.76 5 6 7 7
7 7 7 7 77.08
5 6 6 7 7
7 7 7 79.7 5
6 6 6 7 7
7 7 78.51 5 6
6 6 6 7 7
7 80.17 5 6 6
6 6 6 7 7
76.53 5 6 6 6
6 6 6 7 76.96
5 6 6 6 6
6 6 6 61.53 5
5 7 7 7 7
7 7 75.62 5 5
6 7 7 7 7
7 74.68 5 5 6
6 7 7 7 7
80.09 5 5 6 6
6 7 7 7 78.31
5 5 6 6 6
6 7 7 80.42 5
5 6 6 6 6
6 7 74.37 5 5
6 6 6 6 6
6 66.68 5 5 5
7 7 7 7 7
79.42 5 5 5 6
7 7 7 7 79.85
5 5 5 6 6
7 7 7 84.36 5
5 5 6 6 6
7 7 82.02 5 5
5 6 6 6 6
7 84.45 5 5 5
6 6 6 6 6
64.43 5 5 5 5
7 7 7 7 78.31
5 5 5 5 6
7 7 7 77.9 5
5 5 5 6 6
7 7 81.88 5 5
5 5 6 6 6
7 79.92 5 5 5
5 6 6 6 6
66.45 5 5 5 5
5 7 7 7 79.98
5 5 5 5 5
6 7 7 79.44 5
5 5 5 5 6
6 7 84.83 5 5
5 5 5 6 6
6 62.21 5 5 5
5 5 5 7 7
76.24 5 5 5 5
5 5 6 7 74.63
5 5 5 5 5
5 6 6 63.01 5
5 5 5 5 5
5 7 76.83 5 5
5 5 5 5 5
6 48.63 5 5 5
5 5 5 5 5
62.61 4 7 7 7
7 7 7 7 73.87
4 6 7 7 7
7 7 7 75.64 4
6 6 7 7 7
7 7 79.79 4 6
6 6 7 7 7
7 78.15 4 6 6
6 6 7 7 7
80.65 4 6 6 6
6 6 7 7 76.46
4 6 6 6 6
6 6 7 76.74 4
6 6 6 6 6
6 6 74.17 4 5
7 7 7 7 7
7 84.13 4 5 6
7 7 7 7 7
88.24 4 5 6 6
7 7 7 7 89.88
4 5 6 6 6
7 7 7 88.82 4
5 6 6 6 6
7 7 92.36 4 5
6 6 6 6 6
7 88.67 4 5 6
6 6 6 6 6
76.57 4 5 5 7
7 7 7 7 86.94
4 5 5 6 7
7 7 7 88.7 4
5 5 6 6 7
7 7 91.79 4 5
5 6 6 6 7
7 91.85 4 5 5
6 6 6 6 7
93.39 4 5 5 6
6 6 6 6 80.05
4 5 5 5 7
7 7 7 90.56 4
5 5 5 6 7
7 7 92.52 4 5
5 5 6 6 7
7 95.22 4 5 5
5 6 6 6 7
95.25 4 5 5 5
6 6 6 6 78.36
4 5 5 5 5
7 7 7 89.74 4
5 5 5 5 6
7 7 91.88 4 5
5 5 5 6 6
7 94.95 4 5 5
5 5 6 6 6
80.33 4 5 5 5
5 5 7 7 91.84
4 5 5 5 5
5 6 7 92.93 4
5 5 5 5 5
6 6 76.85 4 5
5 5 5 5 5
7 88.08 4 5 5
5 5 5 5 6
76.45 4 5 5 5
5 5 5 5 61.81
4 4 7 7 7
7 7 7 76.47 4
4 6 7 7 7
7 7 75.37 4 4
6 6 7 7 7
7 79.51 4 4 6
6 6 7 7 7
77.96 4 4 6 6
6 6 7 7 80.06
4 4 6 6 6
6 6 7 75.23 4
4 6 6 6 6
6 6 75.59 4 4
5 7 7 7 7
7 87.73 4 4 5
6 7 7 7 7
87.72 4 4 5 6
6 7 7 7 92.77
4 4 5 6 6
6 7 7 91.89 4
4 5 6 6 6
6 7 93.47 4 4
5 6 6 6 6
6 74.85 4 4 5
5 7 7 7 7
88.84 4 4 5 5
6 7 7 7 88.55
4 4 5 5 6
6 7 7 93.52 4
4 5 5 6 6
6 7 91.26 4 4
5 5 6 6 6
6 79.6 4 4 5
5 5 7 7 7
92.7 4 4 5 5
5 6 7 7 92.84
4 4 5 5 5
6 6 7 97.32 4
4 5 5 5 6
6 6 77.27 4 4
5 5 5 5 7
7 91.58 4 4 5
5 5 5 6 7
90.78 4 4 5 5
5 5 6 6 79.91
4 4 5 5 5
5 5 7 93.68 4
4 5 5 5 5
5 6 75.58 4 4
5 5 5 5 5
5 66.46 4 4 4
7 7 7 7 7
79.5 4 4 4 6
7 7 7 7 79.49
4 4 4 6 6
7 7 7 84.31 4
4 4 6 6 6
7 7 83.49 4 4
4 6 6 6 6
7 84.45 4 4 4
6 6 6 6 6
79.28 4 4 4 5
7 7 7 7 89.96
4 4 4 5 6
7 7 7 92.14 4
4 4 5 6 6
7 7 95.61 4 4
4 5 6 6 6
7 96.13 4 4 4
5 6 6 6 6
80.04 4 4 4 5
5 7 7 7 92.37
4 4 4 5 5
6 7 7 92.98 4
4 4 5 5 6
6 7 97.32 4 4
4 5 5 6 6
6 84.11 4 4 4
5 5 5 7 7
96.2 4 4 4 5
5 5 6 7 97.27
4 4 4 5 5
5 6 6 81.82 4
4 4 5 5 5
5 7 95.28 4 4
4 5 5 5 5
6 84.2 4 4 4
5 5 5 5 5
64.02 4 4 4 4
7 7 7 7 79.06
4 4 4 4 6
7 7 7 77.67 4
4 4 4 6 6
7 7 82.58 4 4
4 4 6 6 6
7 80.35 4 4 4
4 6 6 6 6
78.54 4 4 4 4
5 7 7 7 89.63
4 4 4 4 5
6 7 7 91.86 4
4 4 4 5 6
6 7 96.17 4 4
4 4 5 6 6
6 77.25 4 4 4
4 5 5 7 7
92.68 4 4 4 4
5 5 6 7 91.21
4 4 4 4 5
5 6 6 82.46 4
4 4 4 5 5
5 7 95.31 4 4
4 4 5 5 5
6 80.14 4 4 4
4 5 5 5 5
66.18 4 4 4 4
4 7 7 7 79.99
4 4 4 4 4
6 7 7 79.88 4
4 4 4 4 6
6 7 84.3 4 4
4 4 4 6 6
6 80.06 4 4 4
4 4 5 7 7
91.61 4 4 4 4
4 5 6 7 93.46
4 4 4 4 4
5 6 6 79.81 4
4 4 4 4 5
5 7 94.57 4 4
4 4 4 5 5
6 84.41 4 4 4
4 4 5 5 5
62.14 4 4 4 4
4 4 7 7 76.45
4 4 4 4 4
4 6 7 75.47 4
4 4 4 4 4
6 6 76.87 4 4
4 4 4 4 5
7 88.09 4 4 4
4 4 4 5 6
75.4 4 4 4 4
4 4 5 5 62.9
4 4 4 4 4
4 4 7 77.27 4
4 4 4 4 4
4 6 77.13 4 4
4 4 4 4 4
5 48.06 4 4 4
4 4 4 4 4
62.96 3 7 7 7
7 7 7 7 74.26
3 6 7 7 7
7 7 7 75.52 3
6 6 7 7 7
7 7 78.55 3 6
6 6 7 7 7
7 78.64 3 6 6
6 6 7 7 7
76.31 3 6 6 6
6 6 7 7 75.52
3 6 6 6 6
6 6 7 62.7 3
6 6 6 6 6
6 6 73.05 3 5
7 7 7 7 7
7 82.59 3 5 6
7 7 7 7 7
86.14 3 5 6 6
7 7 7 7 87.65
3 5 6 6 6
7 7 7 88.84 3
5 6 6 6 6
7 7 86.89 3 5
6 6 6 6 6
7 87.45 3 5 6
6 6 6 6 6
75.85 3 5 5 7
7 7 7 7 86.65
3 5 5 6 7
7 7 7 89.36 3
5 5 6 6 7
7 7 90.47 3 5
5 6 6 6 7
7 92.63 3 5 5
6 6 6 6 7
89.32 3 5 5 6
6 6 6 6 77.46
3 5 5 5 7
7 7 7 88.79 3
5 5 5 6 7
7 7 90.26 3 5
5 5 6 6 7
7 91.78 3 5 5
5 6 6 6 7
93.79 3 5 5 5
6 6 6 6 79.16
3 5 5 5 5
7 7 7 89.98 3
5 5 5 5 6
7 7 91.02 3 5
5 5 5 6 6
7 93.51 3 5 5
5 5 6 6 6
75.88 3 5 5 5
5 5 7 7 87.28
3 5 5 5 5
5 6 7 88.75 3
5 5 5 5 5
6 6 76.88 3 5
5 5 5 5 5
7 87.48 3 5 5
5 5 5 5 6
62.41 3 5 5 5
5 5 5 5 74.34
3 4 7 7 7
7 7 7 85.08 3
4 6 7 7 7
7 7 87.03 3 4
6 6 7 7 7
7 89.91 3 4 6
6 6 7 7 7
90.41 3 4 6 6
6 6 7 7 87.72
3 4 6 6 6
6 6 7 87.96 3
4 6 6 6 6
6 6 84.8 3 4
5 7 7 7 7
7 94.67 3 4 5
6 7 7 7 7
97.45 3 4 5 6
6 7 7 7 99.89
3 4 5 6 6
6 7 7 99.52 3
4 5 6 6 6
6 7 98.52 3 4
5 6 6 6 6
6 88.04 3 4 5
5 7 7 7 7
97.22 3 4 5 5
6 7 7 7 100.09
3 4 5 5 6
6 7 7 101.42 3
4 5 5 6 6
6 7 102.19 3 4
5 5 6 6 6
6 88.58 3 4 5
5 5 7 7 7
99.05 3 4 5 5
5 6 7 7 102.52
3 4 5 5 5
6 6 7 103.2 3
4 5 5 5 6
6 6 90.95 3 4
5 5 5 5 7
7 101.32 3 4 5
5 5 5 6 7
102.79 3 4 5 5
5 5 6 6 87.66
3 4 5 5 5
5 5 7 98.3 3
4 5 5 5 5
5 6 89.18 3 4
5 5 5 5 5
5 76.22 3 4 4
7 7 7 7 7
86.08 3 4 4 6
7 7 7 7 88.28
3 4 4 6 6
7 7 7 90.62 3
4 4 6 6 6
7 7 92.77 3 4
4 6 6 6 6
7 89.61 3 4 4
6 6 6 6 6
86.61 3 4 4 5
7 7 7 7 95.22
3 4 4 5 6
7 7 7 99.06 3
4 4 5 6 6
7 7 100.89 3 4
4 5 6 6 6
7 102.85 3 4 4
5 6 6 6 6
88.97 3 4 4 5
5 7 7 7 98.29
3 4 4 5 5
6 7 7 101.89 3
4 4 5 5 6
6 7 104.55 3 4
4 5 5 6 6
6 91 3 4 4
5 5 5 7 7
101.26 3 4 4 5
5 5 6 7 103.66
3 4 4 5 5
5 6 6 91.9 3
4 4 5 5 5
5 7 102.14 3 4
4 5 5 5 5
6 88.52 3 4 4
5 5 5 5 5
79.55 3 4 4 4
7 7 7 7 89.99
3 4 4 4 6
7 7 7 92.4 3
4 4 4 6 6
7 7 93.89 3 4
4 4 6 6 6
7 95.52 3 4 4
4 6 6 6 6
90.53 3 4 4 4
5 7 7 7 100.68
3 4 4 4 5
6 7 7 103.17 3
4 4 4 5 6
6 7 104.57 3 4
4 4 5 6 6
6 92.82 3 4 4
4 5 5 7 7
103.54 3 4 4 4
5 5 6 7 105.99
3 4 4 4 5
5 6 6 93.86 3
4 4 4 5 5
5 7 104.38 3 4
4 4 5 5 5
6 95.48 3 4 4
4 5 5 5 5
78.04 3 4 4 4
4 7 7 7 89.69
3 4 4 4 4
6 7 7 91.1 3
4 4 4 4 6
6 7 93.27 3 4
4 4 4 6 6
6 88.66 3 4 4
4 4 5 7 7
97.58 3 4 4 4
4 5 6 7 102.26
3 4 4 4 4
5 6 6 91.47 3
4 4 4 4 5
5 7 102.28 3 4
4 4 4 5 5
6 93.44 3 4 4
4 4 5 5 5
80.29 3 4 4 4
4 4 7 7 91.52
3 4 4 4 4
4 6 7 93.3 3
4 4 4 4 4
6 6 91.65 3 4
4 4 4 4 5
7 99.73 3 4 4
4 4 4 5 6
93.73 3 4 4 4
4 4 5 5 76.26
3 4 4 4 4
4 4 7 86.67 3
4 4 4 4 4
4 6 86.79 3 4
4 4 4 4 4
5 77.25 3 4 4
4 4 4 4 4
61.65 3 3 7 7
7 7 7 7 75.3
3 3 6 7 7
7 7 7 73.68 3
3 6 6 7 7
7 7 77.83 3 3
6 6 6 7 7
7 74.56 3 3 6
6 6 6 7 7
76.25 3 3 6 6
6 6 6 7 61.61
3 3 6 6 6
6 6 6 75.33 3
3 5 7 7 7
7 7 87.07 3 3
5 6 7 7 7
7 86.59 3 3 5
6 6 7 7 7
90.1 3 3 5 6
6 6 7 7 87.05
3 3 5 6 6
6 6 7 89.08 3
3 5 6 6 6
6 6 73.89 3 3
5 5 7 7 7
7 87.33 3 3 5
5 6 7 7 7
86.12 3 3 5 5
6 6 7 7 89.43
3 3 5 5 6
6 6 7 86.19 3
3 5 5 6 6
6 6 78.4 3 3
5 5 5 7 7
7 90.1 3 3 5
5 5 6 7 7
90.41 3 3 5 5
5 6 6 7 94.95
3 3 5 5 5
6 6 6 73.98 3
3 5 5 5 5
7 7 87.55 3 3
5 5 5 5 6
7 86.34 3 3 5
5 5 5 6 6
75.79 3 3 5 5
5 5 5 7 89.06
3 3 5 5 5
5 5 6 61.98 3
3 5 5 5 5
5 5 76.13 3 3
4 7 7 7 7
7 88.69 3 3 4
6 7 7 7 7
86.97 3 3 4 6
6 7 7 7 91.85
3 3 4 6 6
6 7 7 88.52 3
3 4 6 6 6
6 7 90.47 3 3
4 6 6 6 6
6 88.31 3 3 4
5 7 7 7 7
98.84 3 3 4 5
6 7 7 7 100.62
3 3 4 5 6
6 7 7 104.22 3
3 4 5 6 6
6 7 101.13 3 3
4 5 6 6 6
6 88.61 3 3 4
5 5 7 7 7
100.2 3 3 4 5
5 6 7 7 98.93
3 3 4 5 5
6 6 7 103.45 3
3 4 5 5 6
6 6 91.55 3 3
4 5 5 5 7
7 103.26 3 3 4
5 5 5 6 7
104 3 3 4 5
5 5 6 6 87.71
3 3 4 5 5
5 5 7 101.19 3
3 4 5 5 5
5 6 90.31 3 3
4 5 5 5 5
5 74.48 3 3 4
4 7 7 7 7
88.52 3 3 4 4
6 7 7 7 87.26
3 3 4 4 6
6 7 7 91.63 3
3 4 4 6 6
6 7 87.36 3 3
4 4 6 6 6
6 88.66 3 3 4
4 5 7 7 7
100.18 3 3 4 4
5 6 7 7 100.85
3 3 4 4 5
6 6 7 104.54 3
3 4 4 5 6
6 6 86.61 3 3
4 4 5 5 7
7 100.77 3 3 4
4 5 5 6 7
99.32 3 3 4 4
5 5 6 6 92.19
3 3 4 4 5
5 5 7 104.02 3
3 4 4 5 5
5 6 87.12 3 3
4 4 5 5 5
5 79.74 3 3 4
4 4 7 7 7
92.31 3 3 4 4
4 6 7 7 91.57
3 3 4 4 4
6 6 7 96.04 3
3 4 4 4 6
6 6 92.95 3 3
4 4 4 5 7
7 104.03 3 3 4
4 4 5 6 7
103.6 3 3 4 4
4 5 6 6 92.03
3 3 4 4 4
5 5 7 104.67 3
3 4 4 4 5
5 6 95.69 3 3
4 4 4 5 5
5 78.37 3 3 4
4 4 4 7 7
92.47 3 3 4 4
4 4 6 7 89.99
3 3 4 4 4
4 6 6 91.7 3
3 4 4 4 4
5 7 101.72 3 3
4 4 4 4 5
6 89.47 3 3 4
4 4 4 5 5
80.78 3 3 4 4
4 4 4 7 93.03
3 3 4 4 4
4 4 6 93.4 3
3 4 4 4 4
4 5 76.12 3 3
4 4 4 4 4
4 66.27 3 3 3
7 7 7 7 7
77.32 3 3 3 6
7 7 7 7 78.41
3 3 3 6 6
7 7 7 78.52 3
3 3 6 6 6
7 7 79.32 3 3
3 6 6 6 6
7 66.82 3 3 3
6 6 6 6 6
77.77 3 3 3 5
7 7 7 7 87.45
3 3 3 5 6
7 7 7 89.69 3
3 3 5 6 6
7 7 88.94 3 3
3 5 6 6 6
7 89.63 3 3 3
5 6 6 6 6
78.27 3 3 3 5
5 7 7 7 89.57
3 3 3 5 5
6 7 7 90.42 3
3 3 5 5 6
6 7 90.99 3 3
3 5 5 6 6
6 77.56 3 3 3
5 5 5 7 7
89.1 3 3 3 5
5 5 6 7 90.39
3 3 3 5 5
5 6 6 78.7 3
3 3 5 5 5
5 7 89.33 3 3
3 5 5 5 5
6 66.51 3 3 3
5 5 5 5 5
79.9 3 3 3 4
7 7 7 7 89.88
3 3 3 4 6
7 7 7 91.7 3
3 3 4 6 6
7 7 92.04 3 3
3 4 6 6 6
7 92.66 3 3 3
4 6 6 6 6
91.47 3 3 3 4
5 7 7 7 99.86
3 3 3 4 5
6 7 7 104.12 3
3 3 4 5 6
6 7 103.2 3 3
3 4 5 6 6
6 92.39 3 3 3
4 5 5 7 7
102.62 3 3 3 4
5 5 6 7 103.7
3 3 3 4 5
5 6 6 91.29 3
3 3 4 5 5
5 7 102.63 3 3
3 4 5 5 5
6 91.18 3 3 3
4 5 5 5 5
79.46 3 3 3 4
4 7 7 7 90.53
3 3 3 4 4
6 7 7 91.91 3
3 3 4 4 6
6 7 91.7 3 3
3 4 4 6 6
6 90.49 3 3 3
4 4 5 7 7
100.34 3 3 3 4
4 5 6 7 103.94
3 3 3 4 4
5 6 6 91.96 3
3 3 4 4 5
5 7 102.05 3 3
3 4 4 5 5
6 91.11 3 3 3
4 4 5 5 5
84.29 3 3 3 4
4 4 7 7 95.54
3 3 3 4 4
4 6 7 95.3 3
3 3 4 4 4
6 6 95.28 3 3
3 4 4 4 5
7 104.04 3 3 3
4 4 4 5 6
96.33 3 3 3 4
4 4 5 5 82.55
3 3 3 4 4
4 4 7 92.74 3
3 3 4 4 4
4 6 92.67 3 3
3 4 4 4 4
5 84.73 3 3 3
4 4 4 4 4
64.35 3 3 3 3
7 7 7 7 77.67
3 3 3 3 6
7 7 7 73.21 3
3 3 3 6 6
7 7 77.12 3 3
3 3 6 6 6
7 64.5 3 3 3
3 6 6 6 6
78.17 3 3 3 3
5 7 7 7 88.03
3 3 3 3 5
6 7 7 86.75 3
3 3 3 5 6
6 7 90.29 3 3
3 3 5 6 6
6 74.43 3 3 3
3 5 5 7 7
87.23 3 3 3 3
5 5 6 7 82.94
3 3 3 3 5
5 6 6 78.02 3
3 3 3 5 5
5 7 91.3 3 3
3 3 5 5 5
6 64.28 3 3 3
3 5 5 5 5
78.18 3 3 3 3
4 7 7 7 90.56
3 3 3 3 4
6 7 7 88.89 3
3 3 3 4 6
6 7 92.22 3 3
3 3 4 6 6
6 92.06 3 3 3
3 4 5 7 7
103.48 3 3 3 3
4 5 6 7 101.3
3 3 3 3 4
5 6 6 87.92 3
3 3 3 4 5
5 7 101.14 3 3
3 3 4 5 5
6 91.55 3 3 3
3 4 5 5 5
78.18 3 3 3 3
4 4 7 7 90.9
3 3 3 3 4
4 6 7 87.19 3
3 3 3 4 4
6 6 90.35 3 3
3 3 4 4 5
7 101.51 3 3 3
3 4 4 5 6
87.25 3 3 3 3
4 4 5 5 82.04
3 3 3 3 4
4 4 7 95.6 3
3 3 3 4 4
4 6 95.39 3 3
3 3 4 4 4
5 80.77 3 3 3
3 4 4 4 4
66.37 3 3 3 3
3 7 7 7 75.15
3 3 3 3 3
6 7 7 76.4 3
3 3 3 3 6
6 7 66.59 3 3
3 3 3 6 6
6 75.43 3 3 3
3 3 5 7 7
85.07 3 3 3 3
3 5 6 7 84.67
3 3 3 3 3
5 6 6 75.86 3
3 3 3 3 5
5 7 84.68 3 3
3 3 3 5 5
6 65.83 3 3 3
3 3 5 5 5
80.46 3 3 3 3
3 4 7 7 89.59
3 3 3 3 3
4 6 7 90.04 3
3 3 3 3 4
6 6 89.29 3 3
3 3 3 4 5
7 98.61 3 3 3
3 3 4 5 6
89.92 3 3 3 3
3 4 5 5 80.08
3 3 3 3 3
4 4 7 88.46 3
3 3 3 3 4
4 6 89.28 3 3
3 3 3 4 4
5 84.08 3 3 3
3 3 4 4 4
62.3 3 3 3 3
3 3 7 7 73.36
3 3 3 3 3
3 6 7 61.6 3
3 3 3 3 3
6 6 73.97 3 3
3 3 3 3 5
7 84.53 3 3 3
3 3 3 5 6
62.37 3 3 3 3
3 3 5 5 75.98
3 3 3 3 3
3 4 7 87.88 3
3 3 3 3 3
4 6 88.37 3 3
3 3 3 3 4
5 75.08 3 3 3
3 3 3 4 4
62.64 3 3 3 3
3 3 3 7 62.82
3 3 3 3 3
3 3 6 62.97 3
3 3 3 3 3
3 5 77.87 3 3
3 3 3 3 3
4 48.24 3 3 3
3 3 3 3 3
62.38 2 7 7 7
7 7 7 7 73.64
2 6 7 7 7
7 7 7 75.78 2
6 6 7 7 7
7 7 77.92 2 6
6 6 7 7 7
7 77.93 2 6 6
6 6 7 7 7
75.82 2 6 6 6
6 6 7 7 76.29
2 6 6 6 6
6 6 7 62.95 2
6 6 6 6 6
6 6 75.01 2 5
7 7 7 7 7
7 84.94 2 5 6
7 7 7 7 7
87.45 2 5 6 6
7 7 7 7 89.27
2 5 6 6 6
7 7 7 89.74 2
5 6 6 6 6
7 7 87.73 2 5
6 6 6 6 6
7 87.45 2 5 6
6 6 6 6 6
76.1 2 5 5 7
7 7 7 7 86.76
2 5 5 6 7
7 7 7 88.25 2
5 5 6 6 7
7 7 91.02 2 5
5 6 6 6 7
7 92.22 2 5 5
6 6 6 6 7
88.8 2 5 5 6
6 6 6 6 79.21
2 5 5 5 7
7 7 7 91.29 2
5 5 5 6 7
7 7 93.4 2 5
5 5 6 6 7
7 94.02 2 5 5
5 6 6 6 7
95.07 2 5 5 5
6 6 6 6 78.86
2 5 5 5 5
7 7 7 90.09 2
5 5 5 5 6
7 7 91.29 2 5
5 5 5 6 6
7 92.85 2 5 5
5 5 6 6 6
80.73 2 5 5 5
5 5 7 7 90.74
2 5 5 5 5
5 6 7 94.61 2
5 5 5 5 5
6 6 76.97 2 5
5 5 5 5 5
7 86.91 2 5 5
5 5 5 5 6
77.27 2 5 5 5
5 5 5 5 74.01
2 4 7 7 7
7 7 7 83.39 2
4 6 7 7 7
7 7 86.1 2 4
6 6 7 7 7
7 86.57 2 4 6
6 6 7 7 7
89.86 2 4 6 6
6 6 7 7 86.86
2 4 6 6 6
6 6 7 87.65 2
4 6 6 6 6
6 6 85.45 2 4
5 7 7 7 7
7 94.05 2 4 5
6 7 7 7 7
97.88 2 4 5 6
6 7 7 7 99.64
2 4 5 6 6
6 7 7 100.59 2
4 5 6 6 6
6 7 98.13 2 4
5 6 6 6 6
6 85.93 2 4 5
5 7 7 7 7
94.91 2 4 5 5
6 7 7 7 99.6
2 4 5 5 6
6 7 7 101.01 2
4 5 5 6 6
6 7 102.19 2 4
5 5 6 6 6
6 90.71 2 4 5
5 5 7 7 7
99.48 2 4 5 5
5 6 7 7 103.51
2 4 5 5 5
6 6 7 105.57 2
4 5 5 5 6
6 6 89.68 2 4
5 5 5 5 7
7 98.89 2 4 5
5 5 5 6 7
102.34 2 4 5 5
5 5 6 6 91.86
2 4 5 5 5
5 5 7 100.85 2
4 5 5 5 5
5 6 87.07 2 4
5 5 5 5 5
5 76.37 2 4 4
7 7 7 7 7
86.17 2 4 4 6
7 7 7 7 87.9
2 4 4 6 6
7 7 7 90.67 2
4 4 6 6 6
7 7 91.72 2 4
4 6 6 6 6
7 88.15 2 4 4
6 6 6 6 6
87.71 2 4 4 5
7 7 7 7 98.53
2 4 4 5 6
7 7 7 99.62 2
4 4 5 6 6
7 7 101.47 2 4
4 5 6 6 6
7 102.91 2 4 4
5 6 6 6 6
88.18 2 4 4 5
5 7 7 7 99.74
2 4 4 5 5
6 7 7 100.48 2
4 4 5 5 6
6 7 103.15 2 4
4 5 5 6 6
6 93.05 2 4 4
5 5 5 7 7
103.48 2 4 4 5
5 5 6 7 104.76
2 4 4 5 5
5 6 6 92.82 2
4 4 5 5 5
5 7 101.2 2 4
4 5 5 5 5
6 93.47 2 4 4
5 5 5 5 5
78.31 2 4 4 4
7 7 7 7 87.35
2 4 4 4 6
7 7 7 90.19 2
4 4 4 6 6
7 7 92.43 2 4
4 4 6 6 6
7 93.57 2 4 4
4 6 6 6 6
90.15 2 4 4 4
5 7 7 7 98.93
2 4 4 4 5
6 7 7 101.91 2
4 4 4 5 6
6 7 104.86 2 4
4 4 5 6 6
6 90.71 2 4 4
4 5 5 7 7
100.82 2 4 4 4
5 5 6 7 103.9
2 4 4 4 5
5 6 6 93.97 2
4 4 4 5 5
5 7 105.95 2 4
4 4 5 5 5
6 93.56 2 4 4
4 5 5 5 5
79.06 2 4 4 4
4 7 7 7 90.61
2 4 4 4 4
6 7 7 91.83 2
4 4 4 4 6
6 7 93.26 2 4
4 4 4 6 6
6 89.69 2 4 4
4 4 5 7 7
100.39 2 4 4 4
4 5 6 7 103.3
2 4 4 4 4
5 6 6 91.16 2
4 4 4 4 5
5 7 102.32 2 4
4 4 4 5 5
6 95.76 2 4 4
4 4 5 5 5
76.49 2 4 4 4
4 4 7 7 86.22
2 4 4 4 4
4 6 7 87.73 2
4 4 4 4 4
6 6 87.83 2 4
4 4 4 4 5
7 97.78 2 4 4
4 4 4 5 6
88.77 2 4 4 4
4 4 5 5 75.47
2 4 4 4 4
4 4 7 87.4 2
4 4 4 4 4
4 6 87.95 2 4
4 4 4 4 4
5 62.68 2 4 4
4 4 4 4 4
85.54 2 3 7 7
7 7 7 7 85.87
2 3 6 7 7
7 7 7 89.46 2
3 6 6 7 7
7 7 89.24 2 3
6 6 6 7 7
7 87.47 2 3 6
6 6 6 7 7
88.32 2 3 6 6
6 6 6 7 74.81
2 3 6 6 6
6 6 6 94.54 2
3 5 7 7 7
7 7 95.73 2 3
5 6 7 7 7
7 98.54 2 3 5
6 6 7 7 7
99.84 2 3 5 6
6 6 7 7 98.1
2 3 5 6 6
6 6 7 97.53 2
3 5 6 6 6
6 6 98.19 2 3
5 5 7 7 7
7 99.61 2 3 5
5 6 7 7 7
101.62 2 3 5 5
6 6 7 7 101.05
2 3 5 5 6
6 6 7 100.44 2
3 5 5 6 6
6 6 98.35 2 3
5 5 5 7 7
7 99.7 2 3 5
5 5 6 7 7
102.92 2 3 5 5
5 6 6 7 103.84
2 3 5 5 5
6 6 6 101.94 2
3 5 5 5 5
7 7 100.89 2 3
5 5 5 5 6
7 104.15 2 3 5
5 5 5 6 6
97.5 2 3 5 5
5 5 5 7 97.63
2 3 5 5 5
5 5 6 99.23 2
3 5 5 5 5
5 5 94.69 2 3
4 7 7 7 7
7 96.5 2 3 4
6 7 7 7 7
99.54 2 3 4 6
6 7 7 7 100.19
2 3 4 6 6
6 7 7 97.73 2
3 4 6 6 6
6 7 98.3 2 3
4 6 6 6 6
6 103.25 2 3 4
5 7 7 7 7
107.86 2 3 4 5
6 7 7 7 108.44
2 3 4 5 6
6 7 7 111.53 2
3 4 5 6 6
6 7 108.3 2 3
4 5 6 6 6
6 107.35 2 3 4
5 5 7 7 7
110.12 2 3 4 5
5 6 7 7 111.37
2 3 4 5 5
6 6 7 113.09 2
3 4 5 5 6
6 6 109.06 2 3
4 5 5 5 7
7 111.18 2 3 4
5 5 5 6 7
113.62 2 3 4 5
5 5 6 6 110.29
2 3 4 5 5
5 5 7 111.34 2
3 4 5 5 5
5 6 107.56 2 3
4 5 5 5 5
5 98.33 2 3 4
4 7 7 7 7
97.62 2 3 4 4
6 7 7 7 101.2
2 3 4 4 6
6 7 7 102.23 2
3 4 4 6 6
6 7 101.25 2 3
4 4 6 6 6
6 106.16 2 3 4
4 5 7 7 7
107.48 2 3 4 4
5 6 7 7 112.57
2 3 4 4 5
6 6 7 111.98 2
3 4 4 5 6
6 6 110.41 2 3
4 4 5 5 7
7 109.52 2 3 4
4 5 5 6 7
113.49 2 3 4 4
5 5 6 6 111.46
2 3 4 4 5
5 5 7 112.87 2
3 4 4 5 5
5 6 114.47 2 3
4 4 5 5 5
5 100.31 2 3 4
4 4 7 7 7
100.25 2 3 4 4
4 6 7 7 104.16
2 3 4 4 4
6 6 7 103.55 2
3 4 4 4 6
6 6 108.6 2 3
4 4 4 5 7
7 111.66 2 3 4
4 4 5 6 7
114.87 2 3 4 4
4 5 6 6 111.91
2 3 4 4 4
5 5 7 113.02 2
3 4 4 4 5
5 6 113.5 2 3
4 4 4 5 5
5 101.65 2 3 4
4 4 4 7 7
100.82 2 3 4 4
4 4 6 7 104.34
2 3 4 4 4
4 6 6 109.72 2
3 4 4 4 4
5 7 111.58 2 3
4 4 4 4 5
6 113.09 2 3 4
4 4 4 5 5
98.57 2 3 4 4
4 4 4 7 98.3
2 3 4 4 4
4 4 6 108.66 2
3 4 4 4 4
4 5 99.24 2 3
4 4 4 4 4
4 84.94 2 3 3
7 7 7 7 7
87.12 2 3 3 6
7 7 7 7 90.35
2 3 3 6 6
7 7 7 87.17 2
3 3 6 6 6
7 7 88.41 2 3
3 6 6 6 6
7 76.27 2 3 3
6 6 6 6 6
96.42 2 3 3 5
7 7 7 7 99.24
2 3 3 5 6
7 7 7 102.6 2
3 3 5 6 6
7 7 101.11 2 3
3 5 6 6 6
7 101.9 2 3 3
5 6 6 6 6
96.54 2 3 3 5
5 7 7 7 98.43
2 3 3 5 5
6 7 7 102.1 2
3 3 5 5 6
6 7 98.79 2 3
3 5 5 6 6
6 99.05 2 3 3
5 5 5 7 7
102.26 2 3 3 5
5 5 6 7 106.88
2 3 3 5 5
5 6 6 97.17 2
3 3 5 5 5
5 7 98.5 2 3
3 5 5 5 5
6 99.39 2 3 3
5 5 5 5 5
94.51 2 3 3 4
7 7 7 7 97.05
2 3 3 4 6
7 7 7 100.46 2
3 3 4 6 6
7 7 98.72 2 3
3 4 6 6 6
7 99.23 2 3 3
4 6 6 6 6
107.48 2 3 3 4
5 7 7 7 109.23
2 3 3 4 5
6 7 7 113.72 2
3 3 4 5 6
6 7 111.23 2 3
3 4 5 6 6
6 107.47 2 3 3
4 5 5 7 7
108.56 2 3 3 4
5 5 6 7 112.39
2 3 3 4 5
5 6 6 110.68 2
3 3 4 5 5
5 7 111.72 2 3
3 4 5 5 5
6 107.67 2 3 3
4 5 5 5 5
99.66 2 3 3 4
4 7 7 7 100.22
2 3 3 4 4
6 7 7 103.1 2
3 3 4 4 6
6 7 100.34 2 3
3 4 4 6 6
6 107.96 2 3 3
4 4 5 7 7
111.55 2 3 3 4
4 5 6 7 115.42
2 3 3 4 4
5 6 6 108.84 2
3 3 4 4 5
5 7 111 2 3
3 4 4 5 5
6 112.76 2 3 3
4 4 5 5 5
99.58 2 3 3 4
4 4 7 7 102.57
2 3 3 4 4
4 6 7 104.06 2
3 3 4 4 4
6 6 110.76 2 3
3 4 4 4 5
7 114.59 2 3 3
4 4 4 5 6
110.93 2 3 3 4
4 4 5 5 99.33
2 3 3 4 4
4 4 7 102.99 2
3 3 4 4 4
4 6 112.12 2 3
3 4 4 4 4
5 98.56 2 3 3
4 4 4 4 4
90.85 2 3 3 3
7 7 7 7 91.09
2 3 3 3 6
7 7 7 91.23 2
3 3 3 6 6
7 7 91.19 2 3
3 3 6 6 6
7 80.19 2 3 3
3 6 6 6 6
100.5 2 3 3 3
5 7 7 7 101.54
2 3 3 3 5
6 7 7 102.74 2
3 3 3 5 6
6 7 101.32 2 3
3 3 5 6 6
6 102.62 2 3 3
3 5 5 7 7
102.54 2 3 3 3
5 5 6 7 103.38
2 3 3 3 5
5 6 6 102.73 2
3 3 3 5 5
5 7 102.79 2 3
3 3 5 5 5
6 102.88 2 3 3
3 5 5 5 5
99.93 2 3 3 3
4 7 7 7 101.5
2 3 3 3 4
6 7 7 101.7 2
3 3 3 4 6
6 7 102.81 2 3
3 3 4 6 6
6 110.95 2 3 3
3 4 5 7 7
112.38 2 3 3 3
4 5 6 7 113.61
2 3 3 3 4
5 6 6 113.62 2
3 3 3 4 5
5 7 111.68 2 3
3 3 4 5 5
6 111.56 2 3 3
3 4 5 5 5
103.93 2 3 3 3
4 4 7 7 103.24
2 3 3 3 4
4 6 7 103.41 2
3 3 3 4 4
6 6 113.61 2 3
3 3 4 4 5
7 114.47 2 3 3
3 4 4 5 6
116.53 2 3 3 3
4 4 5 5 105.7
2 3 3 3 4
4 4 7 104.97 2
3 3 3 4 4
4 6 113.74 2 3
3 3 4 4 4
5 107.22 2 3 3
3 4 4 4 4
89.66 2 3 3 3
3 7 7 7 87.63
2 3 3 3 3
6 7 7 90.98 2
3 3 3 3 6
6 7 78.62 2 3
3 3 3 6 6
6 100.84 2 3 3
3 3 5 7 7
100.62 2 3 3 3
3 5 6 7 103.72
2 3 3 3 3
5 6 6 98.17 2
3 3 3 3 5
5 7 96.79 2 3
3 3 3 5 5
6 103.05 2 3 3
3 3 5 5 5
100.06 2 3 3 3
3 4 7 7 100.12
2 3 3 3 3
4 6 7 101.93 2
3 3 3 3 4
6 6 111.88 2 3
3 3 3 4 5
7 111.95 2 3 3
3 3 4 5 6
108.82 2 3 3 3
3 4 5 5 101.92
2 3 3 3 3
4 4 7 101.38 2
3 3 3 3 4
4 6 114.52 2 3
3 3 3 4 4
5 103.84 2 3 3
3 3 4 4 4
90.09 2 3 3 3
3 3 7 7 89.55
2 3 3 3 3
3 6 7 80.25 2
3 3 3 3 3
6 6 97.71 2 3
3 3 3 3 5
7 98 2 3 3
3 3 3 5 6
98.63 2 3 3 3
3 3 5 5 100.08
2 3 3 3 3
3 4 7 100.16 2
3 3 3 3 3
4 6 109.02 2 3
3 3 3 3 4
5 101.42 2 3 3
3 3 3 4 4
87.8 2 3 3 3
3 3 3 7 76.4
2 3 3 3 3
3 3 6 98.37 2
3 3 3 3 3
3 5 97.78 2 3
3 3 3 3 3
4 77.22 2 3 3
3 3 3 3 3
61.28 2 2 7 7
7 7 7 7 74.78
2 2 6 7 7
7 7 7 74.1 2
2 6 6 7 7
7 7 78.63 2 2
6 6 6 7 7
7 75.1 2 2 6
6 6 6 7 7
75.99 2 2 6 6
6 6 6 7 61.85
2 2 6 6 6
6 6 6 76.49 2
2 5 7 7 7
7 7 88.72 2 2
5 6 7 7 7
7 87.56 2 2 5
6 6 7 7 7
92.09 2 2 5 6
6 6 7 7 87.45
2 2 5 6 6
6 6 7 89.99 2
2 5 6 6 6
6 6 74.54 2 2
5 5 7 7 7
7 88.66 2 2 5
5 6 7 7 7
87.29 2 2 5 5
6 6 7 7 92.12
2 2 5 5 6
6 6 7 88.44 2
2 5 5 6 6
6 6 79.87 2 2
5 5 5 7 7
7 93.05 2 2 5
5 5 6 7 7
92.03 2 2 5 5
5 6 6 7 96.05
2 2 5 5 5
6 6 6 76.86 2
2 5 5 5 5
7 7 90.99 2 2
5 5 5 5 6
7 90.11 2 2 5
5 5 5 6 6
79.92 2 2 5 5
5 5 5 7 94.17
2 2 5 5 5
5 5 6 75.03 2
2 5 5 5 5
5 5 76.08 2 2
4 7 7 7 7
7 86.94 2 2 4
6 7 7 7 7
87.25 2 2 4 6
6 7 7 7 89.95
2 2 4 6 6
6 7 7 87.24 2
2 4 6 6 6
6 7 89.3 2 2
4 6 6 6 6
6 87.3 2 2 4
5 7 7 7 7
99.91 2 2 4 5
6 7 7 7 100.58
2 2 4 5 6
6 7 7 104.58 2
2 4 5 6 6
6 7 100.3 2 2
4 5 6 6 6
6 88.47 2 2 4
5 5 7 7 7
100.45 2 2 4 5
5 6 7 7 100.32
2 2 4 5 5
6 6 7 104.95 2
2 4 5 5 6
6 6 93.39 2 2
4 5 5 5 7
7 103.65 2 2 4
5 5 5 6 7
104.87 2 2 4 5
5 5 6 6 91.74
2 2 4 5 5
5 5 7 102.13 2
2 4 5 5 5
5 6 92.59 2 2
4 5 5 5 5
5 73.57 2 2 4
4 7 7 7 7
87.26 2 2 4 4
6 7 7 7 85.47
2 2 4 4 6
6 7 7 89.4 2
2 4 4 6 6
6 7 84.99 2 2
4 4 6 6 6
6 87.67 2 2 4
4 5 7 7 7
100.29 2 2 4 4
5 6 7 7 98.7
2 2 4 4 5
6 6 7 103.21 2
2 4 4 5 6
6 6 87.26 2 2
4 4 5 5 7
7 99.92 2 2 4
4 5 5 6 7
98.81 2 2 4 4
5 5 6 6 90.9
2 2 4 4 5
5 5 7 104.42 2
2 4 4 5 5
5 6 89.58 2 2
4 4 5 5 5
5 77.44 2 2 4
4 4 7 7 7
89.82 2 2 4 4
4 6 7 7 90.3
2 2 4 4 4
6 6 7 94.93 2
2 4 4 4 6
6 6 91.97 2 2
4 4 4 5 7
7 103.52 2 2 4
4 4 5 6 7
103.63 2 2 4 4
4 5 6 6 92.26
2 2 4 4 4
5 5 7 104.15 2
2 4 4 4 5
5 6 96.61 2 2
4 4 4 5 5
5 73.36 2 2 4
4 4 4 7 7
87.88 2 2 4 4
4 4 6 7 85.06
2 2 4 4 4
4 6 6 87.97 2
2 4 4 4 4
5 7 100.85 2 2
4 4 4 4 5
6 87.03 2 2 4
4 4 4 5 5
76.01 2 2 4 4
4 4 4 7 89.76
2 2 4 4 4
4 4 6 88.69 2
2 4 4 4 4
4 5 62.03 2 2
4 4 4 4 4
4 84.49 2 2 3
7 7 7 7 7
86.67 2 2 3 6
7 7 7 7 91.51
2 2 3 6 6
7 7 7 87.86 2
2 3 6 6 6
7 7 88.77 2 2
3 6 6 6 6
7 76.44 2 2 3
6 6 6 6 6
96.34 2 2 3 5
7 7 7 7 97
2 2 3 5 6
7 7 7 100.79 2
2 3 5 6 6
7 7 98.32 2 2
3 5 6 6 6
7 99.52 2 2 3
5 6 6 6 6
97.2 2 2 3 5
5 7 7 7 99.75
2 2 3 5 5
6 7 7 102.84 2
2 3 5 5 6
6 7 99.05 2 2
3 5 5 6 6
6 99.91 2 2 3
5 5 5 7 7
101.35 2 2 3 5
5 5 6 7 105.52
2 2 3 5 5
5 6 6 101.19 2
2 3 5 5 5
5 7 103.18 2 2
3 5 5 5 5
6 98.43 2 2 3
5 5 5 5 5
96.5 2 2 3 4
7 7 7 7 98.75
2 2 3 4 6
7 7 7 102.68 2
2 3 4 6 6
7 7 99.61 2 2
3 4 6 6 6
7 102.11 2 2 3
4 6 6 6 6
105.95 2 2 3 4
5 7 7 7 109.14
2 2 3 4 5
6 7 7 113.46 2
2 3 4 5 6
6 7 110.78 2 2
3 4 5 6 6
6 108.25 2 2 3
4 5 5 7 7
110.98 2 2 3 4
5 5 6 7 115.89
2 2 3 4 5
5 6 6 111.05 2
2 3 4 5 5
5 7 114.18 2 2
3 4 5 5 5
6 111.35 2 2 3
4 5 5 5 5
96.68 2 2 3 4
4 7 7 7 98.87
2 2 3 4 4
6 7 7 101.98 2
2 3 4 4 6
6 7 99.81 2 2
3 4 4 6 6
6 106.92 2 2 3
4 4 5 7 7
110.03 2 2 3 4
4 5 6 7 113.94
2 2 3 4 4
5 6 6 109.58 2
2 3 4 4 5
5 7 110.54 2 2
3 4 4 5 5
6 110.59 2 2 3
4 4 5 5 5
99.63 2 2 3 4
4 4 7 7 102.79
2 2 3 4 4
4 6 7 106.34 2
2 3 4 4 4
6 6 110.13 2 2
3 4 4 4 5
7 113.86 2 2 3
4 4 4 5 6
114.19 2 2 3 4
4 4 5 5 96.9
2 2 3 4 4
4 4 7 98.5 2
2 3 4 4 4
4 6 106.31 2 2
3 4 4 4 4
5 99.73 2 2 3
4 4 4 4 4
82.27 2 2 3 3
7 7 7 7 90.06
2 2 3 3 6
7 7 7 85.91 2
2 3 3 6 6
7 7 88.98 2 2
3 3 6 6 6
7 74.96 2 2 3
3 6 6 6 6
96.78 2 2 3 3
5 7 7 7 102.05
2 2 3 3 5
6 7 7 98.93 2
2 3 3 5 6
6 7 102.15 2 2
3 3 5 6 6
6 95.11 2 2 3
3 5 5 7 7
101.48 2 2 3 3
5 5 6 7 97.89
2 2 3 3 5
5 6 6 98.45 2
2 3 3 5 5
5 7 107 2 2
3 3 5 5 5
6 94.32 2 2 3
3 5 5 5 5
96.28 2 2 3 3
4 7 7 7 102.87
2 2 3 3 4
6 7 7 98.72 2
2 3 3 4 6
6 7 102.4 2 2
3 3 4 6 6
6 108.35 2 2 3
3 4 5 7 7
115.43 2 2 3 3
4 5 6 7 112.16
2 2 3 3 4
5 6 6 107.75 2
2 3 3 4 5
5 7 113.57 2 2
3 3 4 5 5
6 113.13 2 2 3
3 4 5 5 5
95.29 2 2 3 3
4 4 7 7 102.04
2 2 3 3 4
4 6 7 98.24 2
2 3 3 4 4
6 6 108.95 2 2
3 3 4 4 5
7 114.67 2 2 3
3 4 4 5 6
106.03 2 2 3 3
4 4 5 5 99.53
2 2 3 3 4
4 4 7 107.01 2
2 3 3 4 4
4 6 112.96 2 2
3 3 4 4 4
5 95.44 2 2 3
3 4 4 4 4
89.13 2 2 3 3
3 7 7 7 90.26
2 2 3 3 3
6 7 7 91.77 2
2 3 3 3 6
6 7 79.87 2 2
3 3 3 6 6
6 101.08 2 2 3
3 3 5 7 7
100.15 2 2 3 3
3 5 6 7 102.68
2 2 3 3 3
5 6 6 101.74 2
2 3 3 3 5
5 7 102.15 2 2
3 3 3 5 5
6 101.92 2 2 3
3 3 5 5 5
103.02 2 2 3 3
3 4 7 7 103.56
2 2 3 3 3
4 6 7 105.08 2
2 3 3 3 4
6 6 114.54 2 2
3 3 3 4 5
7 113.55 2 2 3
3 3 4 5 6
113.59 2 2 3 3
3 4 5 5 102.44
2 2 3 3 3
4 4 7 102 2
2 3 3 3 4
4 6 113.26 2 2
3 3 3 4 4
5 105.91 2 2 3
3 3 4 4 4
85.55 2 2 3 3
3 3 7 7 90.92
2 2 3 3 3
3 6 7 77.53 2
2 3 3 3 3
6 6 98.06 2 2
3 3 3 3 5
7 103.94 2 2 3
3 3 3 5 6
94.38 2 2 3 3
3 3 5 5 99.37
2 2 3 3 3
3 4 7 104.1 2
2 3 3 3 3
4 6 112.2 2 2
3 3 3 3 4
5 97.74 2 2 3
3 3 3 4 4
88.21 2 2 3 3
3 3 3 7 80.07
2 2 3 3 3
3 3 6 97.4 2
2 3 3 3 3
3 5 102.23 2 2
3 3 3 3 3
4 75.41 2 2 3
3 3 3 3 3
66.24 2 2 2 7
7 7 7 7 77.08
2 2 2 6 7
7 7 7 78.63 2
2 2 6 6 7
7 7 77.98 2 2
2 6 6 6 7
7 78.59 2 2 2
6 6 6 6 7
65.98 2 2 2 6
6 6 6 6 80.15
2 2 2 5 7
7 7 7 90.65 2
2 2 5 6 7
7 7 91.35 2 2
2 5 6 6 7
7 91.98 2 2 2
5 6 6 6 7
91.83 2 2 2 5
6 6 6 6 80.32
2 2 2 5 5
7 7 7 91.12 2
2 2 5 5 6
7 7 91.94 2 2
2 5 5 6 6
7 91.22 2 2 2
5 5 6 6 6
84.06 2 2 2 5
5 5 7 7 95.15
2 2 2 5 5
5 6 7 96.34 2
2 2 5 5 5
6 6 82.14 2 2
2 5 5 5 5
7 94.63 2 2 2
5 5 5 5 6
84.37 2 2 2 5
5 5 5 5 76.99
2 2 2 4 7
7 7 7 86.77 2
2 2 4 6 7
7 7 90.09 2 2
2 4 6 6 7
7 89.27 2 2 2
4 6 6 6 7
89.2 2 2 2 4
6 6 6 6 90.55
2 2 2 4 5
7 7 7 100.28 2
2 2 4 5 6
7 7 102.77 2 2
2 4 5 6 6
7 102.06 2 2 2
4 5 6 6 6
90.09 2 2 2 4
5 5 7 7 100.76
2 2 2 4 5
5 6 7 103.45 2
2 2 4 5 5
6 6 95.11 2 2
2 4 5 5 5
7 105.22 2 2 2
4 5 5 5 6
92.86 2 2 2 4
5 5 5 5 78.65
2 2 2 4 4
7 7 7 89.19 2
2 2 4 4 6
7 7 90.32 2 2
2 4 4 6 6
7 90.13 2 2 2
4 4 6 6 6
92.23 2 2 2 4
4 5 7 7 103.07
2 2 2 4 4
5 6 7 103.12 2
2 2 4 4 5
6 6 92.6 2 2
2 4 4 5 5
7 102.24 2 2 2
4 4 5 5 6
94.74 2 2 2 4
4 5 5 5 78.56
2 2 2 4 4
4 7 7 89.1 2
2 2 4 4 4
6 7 89.63 2 2
2 4 4 4 6
6 91.65 2 2 2
4 4 4 5 7
101.77 2 2 2 4
4 4 5 6 90.49
2 2 2 4 4
4 5 5 78.9 2
2 2 4 4 4
4 7 89.35 2 2
2 4 4 4 4
6 92.01 2 2 2
4 4 4 4 5
66.36 2 2 2 4
4 4 4 4 90.44
2 2 2 3 7
7 7 7 90.51 2
2 2 3 6 7
7 7 91.2 2 2
2 3 6 6 7
7 90.64 2 2 2
3 6 6 6 7
79.82 2 2 2 3
6 6 6 6 100.47
2 2 2 3 5
7 7 7 101.29 2
2 2 3 5 6
7 7 101.5 2 2
2 3 5 6 6
7 103.54 2 2 2
3 5 6 6 6
103.12 2 2 2 3
5 5 7 7 104.07
2 2 2 3 5
5 6 7 104.6 2
2 2 3 5 5
6 6 105.77 2 2
2 3 5 5 5
7 105.63 2 2 2
3 5 5 5 6
106 2 2 2 3
5 5 5 5 100.78
2 2 2 3 4
7 7 7 101.15 2
2 2 3 4 6
7 7 102.61 2 2
2 3 4 6 6
7 102.72 2 2 2
3 4 6 6 6
110.06 2 2 2 3
4 5 7 7 112.4
2 2 2 3 4
5 6 7 112.67 2
2 2 3 4 5
6 6 113.26 2 2
2 3 4 5 5
7 115.24 2 2 2
3 4 5 5 6
114.66 2 2 2 3
4 5 5 5 102.65
2 2 2 3 4
4 7 7 103.58 2
2 2 3 4 4
6 7 102.88 2 2
2 3 4 4 6
6 113.06 2 2 2
3 4 4 5 7
113.4 2 2 2 3
4 4 5 6 115.85
2 2 2 3 4
4 5 5 101.41 2
2 2 3 4 4
4 7 102.39 2 2
2 3 4 4 4
6 112.16 2 2 2
3 4 4 4 5
103.16 2 2 2 3
4 4 4 4 89.92
2 2 2 3 3
7 7 7 90.85 2
2 2 3 3 6
7 7 91.91 2 2
2 3 3 6 6
7 80.2 2 2 2
3 3 6 6 6
103.53 2 2 2 3
3 5 7 7 102.59
2 2 2 3 3
5 6 7 104.41 2
2 2 3 3 5
6 6 101.46 2 2
2 3 3 5 5
7 101.6 2 2 2
3 3 5 5 6
106.92 2 2 2 3
3 5 5 5 100.1
2 2 2 3 3
4 7 7 101.31 2
2 2 3 3 4
6 7 102.03 2 2
2 3 3 4 6
6 114.51 2 2 2
3 3 4 5 7
116.69 2 2 2 3
3 4 5 6 113.84
2 2 2 3 3
4 5 5 101.26 2
2 2 3 3 4
4 7 103.05 2 2
2 3 3 4 4
6 114.17 2 2 2
3 3 4 4 5
102.13 2 2 2 3
3 4 4 4 95.3
2 2 2 3 3
3 7 7 94.2 2
2 2 3 3 3
6 7 83.55 2 2
2 3 3 3 6
6 105.81 2 2 2
3 3 3 5 7
105.55 2 2 2 3
3 3 5 6 105.86
2 2 2 3 3
3 5 5 105.34 2
2 2 3 3 3
4 7 106.19 2 2
2 3 3 3 4
6 116.29 2 2 2
3 3 3 4 5
106.38 2 2 2 3
3 3 4 4 93.14
2 2 2 3 3
3 3 7 82.49 2
2 2 3 3 3
3 6 106.56 2 2
2 3 3 3 3
5 104.24 2 2 2
3 3 3 3 4
84.32 2 2 2 3
3 3 3 3 64.04
2 2 2 2 7
7 7 7 76.91 2
2 2 2 6 7
7 7 73.74 2 2
2 2 6 6 7
7 77.32 2 2 2
2 6 6 6 7
64.55 2 2 2 2
6 6 6 6 79.36
2 2 2 2 5
7 7 7 91.36 2
2 2 2 5 6
7 7 88.66 2 2
2 2 5 6 6
7 92.19 2 2 2
2 5 6 6 6
77.76 2 2 2 2
5 5 7 7 91.2
2 2 2 2 5
5 6 7 87.06 2
2 2 2 5 5
6 6 82.14 2 2
2 2 5 5 5
7 95.99 2 2 2
2 5 5 5 6
80.4 2 2 2 2
5 5 5 5 76.92
2 2 2 2 4
7 7 7 88.08 2
2 2 2 4 6
7 7 86.04 2 2
2 2 4 6 6
7 91.41 2 2 2
2 4 6 6 6
91.59 2 2 2 2
4 5 7 7 102.73
2 2 2 2 4
5 6 7 100.23 2
2 2 2 4 5
6 6 90.37 2 2
2 2 4 5 5
7 102.33 2 2 2
2 4 5 5 6
95.67 2 2 2 2
4 5 5 5 73.89
2 2 2 2 4
4 7 7 87.23 2
2 2 2 4 4
6 7 83.54 2 2
2 2 4 4 6
6 87.41 2 2 2
2 4 4 5 7
101.01 2 2 2 2
4 4 5 6 87.64
2 2 2 2 4
4 5 5 76.88 2
2 2 2 4 4
4 7 91.1 2 2
2 2 4 4 4
6 91.61 2 2 2
2 4 4 4 5
64.31 2 2 2 2
4 4 4 4 89.71
2 2 2 2 3
7 7 7 88.1 2
2 2 2 3 6
7 7 90.75 2 2
2 2 3 6 6
7 77.51 2 2 2
2 3 6 6 6
100.14 2 2 2 2
3 5 7 7 98.38
2 2 2 2 3
5 6 7 102.08 2
2 2 2 3 5
6 6 102.49 2 2
2 2 3 5 5
7 100.59 2 2 2
2 3 5 5 6
104.58 2 2 2 2
3 5 5 5 100.43
2 2 2 2 3
4 7 7 100.09 2
2 2 2 3 4
6 7 103.3 2 2
2 2 3 4 6
6 111 2 2 2
2 3 4 5 7
111.14 2 2 2 2
3 4 5 6 115.05
2 2 2 2 3
4 5 5 99.48 2
2 2 2 3 4
4 7 97.37 2 2
2 2 3 4 4
6 111.16 2 2 2
2 3 4 4 5
102.83 2 2 2 2
3 4 4 4 86.03
2 2 2 2 3
3 7 7 90.54 2
2 2 2 3 3
6 7 78.19 2 2
2 2 3 3 6
6 98.35 2 2 2
2 3 3 5 7
104 2 2 2 2
3 3 5 6 97.86
2 2 2 2 3
3 5 5 98.1 2
2 2 2 3 3
4 7 103.92 2 2
2 2 3 3 4
6 112.71 2 2 2
2 3 3 4 5
95.05 2 2 2 2
3 3 4 4 93.86
2 2 2 2 3
3 3 7 82.33 2
2 2 2 3 3
3 6 103.62 2 2
2 2 3 3 3
5 106.4 2 2 2
2 3 3 3 4
80.28 2 2 2 2
3 3 3 3 65.86
2 2 2 2 2
7 7 7 74.89 2
2 2 2 2 6
7 7 76.13 2 2
2 2 2 6 6
7 66.74 2 2 2
2 2 6 6 6
80.74 2 2 2 2
2 5 7 7 89.34
2 2 2 2 2
5 6 7 89.5 2
2 2 2 2 5
6 6 79.47 2 2
2 2 2 5 5
7 88.56 2 2 2
2 2 5 5 6
84.35 2 2 2 2
2 5 5 5 75.02
2 2 2 2 2
4 7 7 84.87 2
2 2 2 2 4
6 7 85.06 2 2
2 2 2 4 6
6 89.89 2 2 2
2 2 4 5 7
98.79 2 2 2 2
2 4 5 6 88.82
2 2 2 2 2
4 5 5 75.83 2
2 2 2 2 4
4 7 84.74 2 2
2 2 2 4 4
6 90.52 2 2 2
2 2 4 4 5
66.17 2 2 2 2
2 4 4 4 89.71
2 2 2 2 2
3 7 7 89.89 2
2 2 2 2 3
6 7 80.78 2 2
2 2 2 3 6
6 100.34 2 2 2
2 2 3 5 7
101.17 2 2 2 2
2 3 5 6 103.44
2 2 2 2 2
3 5 5 98.57 2
2 2 2 2 3
4 7 98.64 2 2
2 2 2 3 4
6 108.87 2 2 2
2 2 3 4 5
98.88 2 2 2 2
2 3 4 4 88.7
2 2 2 2 2
3 3 7 79.56 2
2 2 2 2 3
3 6 103.37 2 2
2 2 2 3 3
5 98.74 2 2 2
2 2 3 3 4
84.08 2 2 2 2
2 3 3 3 61.68
2 2 2 2 2
2 7 7 73.45 2
2 2 2 2 2
6 7 61.92 2 2
2 2 2 2 6
6 76.39 2 2 2
2 2 2 5 7
87.69 2 2 2 2
2 2 5 6 74.48
2 2 2 2 2
2 5 5 72.91 2
2 2 2 2 2
4 7 85.26 2 2
2 2 2 2 4
6 88.16 2 2 2
2 2 2 4 5
62.19 2 2 2 2
2 2 4 4 86.82
2 2 2 2 2
2 3 7 75.37 2
2 2 2 2 2
3 6 98.15 2 2
2 2 2 2 3
5 99.84 2 2 2
2 2 2 3 4
76.11 2 2 2 2
2 2 3 3 62.64
2 2 2 2 2
2 2 7 62.06 2
2 2 2 2 2
2 6 77.6 2 2
2 2 2 2 2
5 62.56 2 2 2
2 2 2 2 4
77.15 2 2 2 2
2 2 2 3 48.38
2 2 2 2 2
2 2 2 62.59 1
7 7 7 7 7
7 7 74.55 1 6
7 7 7 7 7
7 75.79 1 6 6
7 7 7 7 7
80.08 1 6 6 6
7 7 7 7 78.45
1 6 6 6 6
7 7 7 80.31 1
6 6 6 6 6
7 7 76.46 1 6
6 6 6 6 6
7 77.31 1 6 6
6 6 6 6 6
73.73 1 5 7 7
7 7 7 7 86.03
1 5 6 7 7
7 7 7 86.3 1
5 6 6 7 7
7 7 90.97 1 5
6 6 6 7 7
7 89.3 1 5 6
6 6 6 7 7
91.71 1 5 6 6
6 6 6 7 87.61
1 5 6 6 6
6 6 6 75.75 1
5 5 7 7 7
7 7 86.99 1 5
5 6 7 7 7
7 88.97 1 5 5
6 6 7 7 7
93.1 1 5 5 6
6 6 7 7 92.28
1 5 5 6 6
6 6 7 93.03 1
5 5 6 6 6
6 6 78.04 1 5
5 5 7 7 7
7 90.11 1 5 5
5 6 7 7 7
90.67 1 5 5 5
6 6 7 7 94.49
1 5 5 5 6
6 6 7 92.6 1
5 5 5 6 6
6 6 78.56 1 5
5 5 5 7 7
7 90.46 1 5 5
5 5 6 7 7
92.26 1 5 5 5
5 6 6 7 95.23
1 5 5 5 5
6 6 6 75.98 1
5 5 5 5 5
7 7 87.77 1 5
5 5 5 5 6
7 88.25 1 5 5
5 5 5 6 6
76.28 1 5 5 5
5 5 5 7 88.25
1 5 5 5 5
5 5 6 62.92 1
5 5 5 5 5
5 5 73.16 1 4
7 7 7 7 7
7 86.22 1 4 6
7 7 7 7 7
86.67 1 4 6 6
7 7 7 7 90.31
1 4 6 6 6
7 7 7 88.79 1
4 6 6 6 6
7 7 91.2 1 4
6 6 6 6 6
7 86.85 1 4 6
6 6 6 6 6
82.51 1 4 5 7
7 7 7 7 94.67
1 4 5 6 7
7 7 7 95.87 1
4 5 6 6 7
7 7 100.02 1 4
5 6 6 6 7
7 98.55 1 4 5
6 6 6 6 7
100.05 1 4 5 6
6 6 6 6 86.86
1 4 5 5 7
7 7 7 98.61 1
4 5 5 6 7
7 7 100.06 1 4
5 5 6 6 7
7 103.35 1 4 5
5 6 6 6 7
102.54 1 4 5 5
6 6 6 6 87.59
1 4 5 5 5
7 7 7 99.83 1
4 5 5 5 6
7 7 99.59 1 4
5 5 5 6 6
7 104.54 1 4 5
5 5 6 6 6
90.17 1 4 5 5
5 5 7 7 101.38
1 4 5 5 5
5 6 7 101.26 1
4 5 5 5 5
6 6 86.03 1 4
5 5 5 5 5
7 98.55 1 4 5
5 5 5 5 6
88.05 1 4 5 5
5 5 5 5 75.37
1 4 4 7 7
7 7 7 87.54 1
4 4 6 7 7
7 7 89.08 1 4
4 6 6 7 7
7 92.85 1 4 4
6 6 6 7 7
91.39 1 4 4 6
6 6 6 7 94.05
1 4 4 6 6
6 6 6 87.16 1
4 4 5 7 7
7 7 98.2 1 4
4 5 6 7 7
7 99.85 1 4 4
5 6 6 7 7
103.45 1 4 4 5
6 6 6 7 102.53
1 4 4 5 6
6 6 6 88.82 1
4 4 5 5 7
7 7 99.9 1 4
4 5 5 6 7
7 101.82 1 4 4
5 5 6 6 7
105.64 1 4 4 5
5 6 6 6 90.88
1 4 4 5 5
5 7 7 101.27 1
4 4 5 5 5
6 7 103.68 1 4
4 5 5 5 6
6 91.54 1 4 4
5 5 5 5 7
103 1 4 4 5
5 5 5 6 89.2
1 4 4 5 5
5 5 5 78.04 1
4 4 4 7 7
7 7 90.19 1 4
4 4 6 7 7
7 90.49 1 4 4
4 6 6 7 7
94.28 1 4 4 4
6 6 6 7 94.11
1 4 4 4 6
6 6 6 88.2 1
4 4 4 5 7
7 7 99.79 1 4
4 4 5 6 7
7 100.46 1 4 4
4 5 6 6 7
105.27 1 4 4 4
5 6 6 6 89.78
1 4 4 4 5
5 7 7 101.87 1
4 4 4 5 5
6 7 104.16 1 4
4 4 5 5 6
6 93.21 1 4 4
4 5 5 5 7
103.11 1 4 4 4
5 5 5 6 93.42
1 4 4 4 5
5 5 5 78.35 1
4 4 4 4 7
7 7 89.85 1 4
4 4 4 6 7
7 91.86 1 4 4
4 4 6 6 7
95.88 1 4 4 4
4 6 6 6 89.76
1 4 4 4 4
5 7 7 100.2 1
4 4 4 4 5
6 7 102.16 1 4
4 4 4 5 6
6 91.75 1 4 4
4 4 5 5 7
102.06 1 4 4 4
4 5 5 6 94.25
1 4 4 4 4
5 5 5 75.61 1
4 4 4 4 4
7 7 87.82 1 4
4 4 4 4 6
7 88.49 1 4 4
4 4 4 6 6
86.53 1 4 4 4
4 4 5 7 98.78
1 4 4 4 4
4 5 6 89.51 1
4 4 4 4 4
5 5 76.34 1 4
4 4 4 4 4
7 88.98 1 4 4
4 4 4 4 6
87.93 1 4 4 4
4 4 4 5 63.32
1 4 4 4 4
4 4 4 85.16 1
3 7 7 7 7
7 7 93.79 1 3
6 7 7 7 7
7 97.67 1 3 6
6 7 7 7 7
99.94 1 3 6 6
6 7 7 7 101.06
1 3 6 6 6
6 7 7 97.63 1
3 6 6 6 6
6 7 97.89 1 3
6 6 6 6 6
6 85.54 1 3 5
7 7 7 7 7
97.08 1 3 5 6
7 7 7 7 98.01
1 3 5 6 6
7 7 7 100.3 1
3 5 6 6 6
7 7 101.26 1 3
5 6 6 6 6
7 98.77 1 3 5
6 6 6 6 6
88.69 1 3 5 5
7 7 7 7 99.39
1 3 5 5 6
7 7 7 101.44 1
3 5 5 6 6
7 7 103.4 1 3
5 5 6 6 6
7 103.89 1 3 5
5 6 6 6 6
89.54 1 3 5 5
5 7 7 7 100.68
1 3 5 5 5
6 7 7 101.55 1
3 5 5 5 6
6 7 103.65 1 3
5 5 5 6 6
6 87.53 1 3 5
5 5 5 7 7
97.82 1 3 5 5
5 5 6 7 99.94
1 3 5 5 5
5 6 6 86.84 1
3 5 5 5 5
5 7 98.67 1 3
5 5 5 5 5
6 75.32 1 3 5
5 5 5 5 5
95.35 1 3 4 7
7 7 7 7 103.01
1 3 4 6 7
7 7 7 107.34 1
3 4 6 6 7
7 7 108.42 1 3
4 6 6 6 7
7 109.67 1 3 4
6 6 6 6 7
107.09 1 3 4 6
6 6 6 6 96.29
1 3 4 5 7
7 7 7 106.22 1
3 4 5 6 7
7 7 109.22 1 3
4 5 6 6 7
7 111.97 1 3 4
5 6 6 6 7
112.18 1 3 4 5
6 6 6 6 99.05
1 3 4 5 5
7 7 7 109.31 1
3 4 5 5 6
7 7 111.72 1 3
4 5 5 6 6
7 113.29 1 3 4
5 5 6 6 6
100.17 1 3 4 5
5 5 7 7 110.53
1 3 4 5 5
5 6 7 113.41 1
3 4 5 5 5
6 6 97.66 1 3
4 5 5 5 5
7 108 1 3 4
5 5 5 5 6
98.52 1 3 4 5
5 5 5 5 97.45
1 3 4 4 7
7 7 7 106.92 1
3 4 4 6 7
7 7 110.92 1 3
4 4 6 6 7
7 112.91 1 3 4
4 6 6 6 7
113.4 1 3 4 4
6 6 6 6 97.58
1 3 4 4 5
7 7 7 108.16 1
3 4 4 5 6
7 7 110.76 1 3
4 4 5 6 6
7 111.95 1 3 4
4 5 6 6 6
101.9 1 3 4 4
5 5 7 7 111.82
1 3 4 4 5
5 6 7 114.27 1
3 4 4 5 5
6 6 101.8 1 3
4 4 5 5 5
7 112.92 1 3 4
4 5 5 5 6
100.37 1 3 4 4
5 5 5 5 100.4
1 3 4 4 4
7 7 7 108.81 1
3 4 4 4 6
7 7 112.24 1 3
4 4 4 6 6
7 113.8 1 3 4
4 4 6 6 6
99.69 1 3 4 4
4 5 7 7 110.66
1 3 4 4 4
5 6 7 112.84 1
3 4 4 4 5
6 6 102.9 1 3
4 4 4 5 5
7 114.6 1 3 4
4 4 5 5 6
104.77 1 3 4 4
4 5 5 5 101.37
1 3 4 4 4
4 7 7 110.62 1
3 4 4 4 4
6 7 112.92 1 3
4 4 4 4 6
6 102.53 1 3 4
4 4 4 5 7
111.94 1 3 4 4
4 4 5 6 104.8
1 3 4 4 4
4 5 5 98.83 1
3 4 4 4 4
4 7 107.05 1 3
4 4 4 4 4
6 98.03 1 3 4
4 4 4 4 5
97.74 1 3 4 4
4 4 4 4 84.85
1 3 3 7 7
7 7 7 96.89 1
3 3 6 7 7
7 7 95.97 1 3
3 6 6 7 7
7 100.22 1 3 3
6 6 6 7 7
95.88 1 3 3 6
6 6 6 7 100.07
1 3 3 6 6
6 6 6 87.03 1
3 3 5 7 7
7 7 98.9 1 3
3 5 6 7 7
7 98.3 1 3 3
5 6 6 7 7
103.15 1 3 3 5
6 6 6 7 97.82
1 3 3 5 6
6 6 6 89.7 1
3 3 5 5 7
7 7 102.38 1 3
3 5 5 6 7
7 101.75 1 3 3
5 5 6 6 7
107.02 1 3 3 5
5 6 6 6 87.98
1 3 3 5 5
5 7 7 100.33 1
3 3 5 5 5
6 7 98.26 1 3
3 5 5 5 6
6 88.17 1 3 3
5 5 5 5 7
102.13 1 3 3 5
5 5 5 6 76.35
1 3 3 5 5
5 5 5 95.44 1
3 3 4 7 7
7 7 106.63 1 3
3 4 6 7 7
7 107.56 1 3 3
4 6 6 7 7
111.9 1 3 3 4
6 6 6 7 106.99
1 3 3 4 6
6 6 6 97.85 1
3 3 4 5 7
7 7 110.31 1 3
3 4 5 6 7
7 108.49 1 3 3
4 5 6 6 7
112.9 1 3 3 4
5 6 6 6 100.2
1 3 3 4 5
5 7 7 112.69 1
3 3 4 5 5
6 7 113.08 1 3
3 4 5 5 6
6 97.78 1 3 3
4 5 5 5 7
111.18 1 3 3 4
5 5 5 6 100.47
1 3 3 4 5
5 5 5 97.5 1
3 3 4 4 7
7 7 108.55 1 3
3 4 4 6 7
7 109.25 1 3 3
4 4 6 6 7
113.62 1 3 3 4
4 6 6 6 99.04
1 3 3 4 4
5 7 7 111.6 1
3 3 4 4 5
6 7 110.74 1 3
3 4 4 5 6
6 103.86 1 3 3
4 4 5 5 7
116.08 1 3 3 4
4 5 5 6 99.94
1 3 3 4 4
5 5 5 98.98 1
3 3 4 4 4
7 7 110.95 1 3
3 4 4 4 6
7 110.15 1 3 3
4 4 4 6 6
102.33 1 3 3 4
4 4 5 7 114.06
1 3 3 4 4
4 5 6 105.43 1
3 3 4 4 4
5 5 101.4 1 3
3 4 4 4 4
7 112.03 1 3 3
4 4 4 4 6
102.45 1 3 3 4
4 4 4 5 97.91
1 3 3 4 4
4 4 4 90.95 1
3 3 3 7 7
7 7 100.79 1 3
3 3 6 7 7
7 102.91 1 3 3
3 6 6 7 7
101.85 1 3 3 3
6 6 6 7 103.61
1 3 3 3 6
6 6 6 90.49 1
3 3 3 5 7
7 7 101.56 1 3
3 3 5 6 7
7 102.83 1 3 3
3 5 6 6 7
102.43 1 3 3 3
5 6 6 6 92.33
1 3 3 3 5
5 7 7 102.43 1
3 3 3 5 5
6 7 103.35 1 3
3 3 5 5 6
6 91.78 1 3 3
3 5 5 5 7
102.22 1 3 3 3
5 5 5 6 80.26
1 3 3 3 5
5 5 5 101.38 1
3 3 3 4 7
7 7 110.43 1 3
3 3 4 6 7
7 113.74 1 3 3
3 4 6 6 7
112.51 1 3 3 3
4 6 6 6 101.65
1 3 3 3 4
5 7 7 113.42 1
3 3 3 4 5
6 7 113.82 1 3
3 3 4 5 6
6 102.59 1 3 3
3 4 5 5 7
113.28 1 3 3 3
4 5 5 6 101.99
1 3 3 3 4
5 5 5 103.66 1
3 3 3 4 4
7 7 114.13 1 3
3 3 4 4 6
7 115.45 1 3 3
3 4 4 6 6
104 1 3 3 3
4 4 5 7 114.43
1 3 3 3 4
4 5 6 103.9 1
3 3 3 4 4
5 5 106.15 1 3
3 3 4 4 4
7 113.72 1 3 3
3 4 4 4 6
105.1 1 3 3 3
4 4 4 5 106.74
1 3 3 3 4
4 4 4 89.53 1
3 3 3 3 7
7 7 100.04 1 3
3 3 3 6 7
7 99.42 1 3 3
3 3 6 6 7
102.6 1 3 3 3
3 6 6 6 87.81
1 3 3 3 3
5 7 7 100.57 1
3 3 3 3 5
6 7 97.1 1 3
3 3 3 5 6
6 91.5 1 3 3
3 3 5 5 7
103.02 1 3 3 3
3 5 5 6 78.61
1 3 3 3 3
5 5 5 99.82 1
3 3 3 3 4
7 7 111.41 1 3
3 3 3 4 6
7 109.59 1 3 3
3 3 4 6 6
98.72 1 3 3 3
3 4 5 7 111.32
1 3 3 3 3
4 5 6 101.6 1
3 3 3 3 4
5 5 102.49 1 3
3 3 3 4 4
7 113.47 1 3 3
3 3 4 4 6
101 1 3 3 3
3 4 4 5 103.82
1 3 3 3 3
4 4 4 90.22 1
3 3 3 3 3
7 7 99.65 1 3
3 3 3 3 6
7 99.3 1 3 3
3 3 3 6 6
89.49 1 3 3 3
3 3 5 7 98.84
1 3 3 3 3
3 5 6 80.63 1
3 3 3 3 3
5 5 100.54 1 3
3 3 3 3 4
7 111.02 1 3 3
3 3 3 4 6
101.59 1 3 3 3
3 3 4 5 102.8
1 3 3 3 3
3 4 4 86.7 1
3 3 3 3 3
3 7 99.35 1 3
3 3 3 3 3
6 75.76 1 3 3
3 3 3 3 5
99.08 1 3 3 3
3 3 3 4 77.19
1 3 3 3 3
3 3 3 85.78 1
2 7 7 7 7
7 7 93.55 1 2
6 7 7 7 7
7 97.76 1 2 6
6 7 7 7 7
99.7 1 2 6 6
6 7 7 7 100.07
1 2 6 6 6
6 7 7 98.83 1
2 6 6 6 6
6 7 98.93 1 2
6 6 6 6 6
6 93.73 1 2 5
7 7 7 7 7
103.43 1 2 5 6
7 7 7 7 106.94
1 2 5 6 6
7 7 7 109.34 1
2 5 6 6 6
7 7 108.95 1 2
5 6 6 6 6
7 107.44 1 2 5
6 6 6 6 6
98.16 1 2 5 5
7 7 7 7 106.89
1 2 5 5 6
7 7 7 110.26 1
2 5 5 6 6
7 7 112.37 1 2
5 5 6 6 6
7 114.18 1 2 5
5 6 6 6 6
98.92 1 2 5 5
5 7 7 7 108.37
1 2 5 5 5
6 7 7 111.09 1
2 5 5 5 6
6 7 113.62 1 2
5 5 5 6 6
6 100.95 1 2 5
5 5 5 7 7
109.58 1 2 5 5
5 5 6 7 115.54
1 2 5 5 5
5 6 6 97.27 1
2 5 5 5 5
5 7 107.95 1 2
5 5 5 5 5
6 99.31 1 2 5
5 5 5 5 5
85.98 1 2 4 7
7 7 7 7 96.35
1 2 4 6 7
7 7 7 97.59 1
2 4 6 6 7
7 7 99.57 1 2
4 6 6 6 7
7 100.46 1 2 4
6 6 6 6 7
98.4 1 2 4 6
6 6 6 6 95.8
1 2 4 5 7
7 7 7 107.62 1
2 4 5 6 7
7 7 108.83 1 2
4 5 6 6 7
7 110.03 1 2 4
5 6 6 6 7
110.61 1 2 4 5
6 6 6 6 97.92
1 2 4 5 5
7 7 7 108.67 1
2 4 5 5 6
7 7 111.06 1 2
4 5 5 6 6
7 112.36 1 2 4
5 5 6 6 6
100.16 1 2 4 5
5 5 7 7 110.91
1 2 4 5 5
5 6 7 111.89 1
2 4 5 5 5
6 6 101.69 1 2
4 5 5 5 5
7 111.79 1 2 4
5 5 5 5 6
98.27 1 2 4 5
5 5 5 5 88.44
1 2 4 4 7
7 7 7 98.9 1
2 4 4 6 7
7 7 101.46 1 2
4 4 6 6 7
7 103.18 1 2 4
4 6 6 6 7
104.46 1 2 4 4
6 6 6 6 99.27
1 2 4 4 5
7 7 7 108.33 1
2 4 4 5 6
7 7 112.21 1 2
4 4 5 6 6
7 113.5 1 2 4
4 5 6 6 6
102.64 1 2 4 4
5 5 7 7 111.44
1 2 4 4 5
5 6 7 114.52 1
2 4 4 5 5
6 6 104.2 1 2
4 4 5 5 5
7 113.65 1 2 4
4 5 5 5 6
104.55 1 2 4 4
5 5 5 5 89.68
1 2 4 4 4
7 7 7 100.34 1
2 4 4 4 6
7 7 102.15 1 2
4 4 4 6 6
7 103.85 1 2 4
4 4 6 6 6
99.35 1 2 4 4
4 5 7 7 111.57
1 2 4 4 4
5 6 7 112.08 1
2 4 4 4 5
6 6 102.49 1 2
4 4 4 5 5
7 112.51 1 2 4
4 4 5 5 6
104.45 1 2 4 4
4 5 5 5 87.25
1 2 4 4 4
4 7 7 98.63 1
2 4 4 4 4
6 7 98.92 1 2
4 4 4 4 6
6 99.32 1 2 4
4 4 4 5 7
108.43 1 2 4 4
4 4 5 6 100.48
1 2 4 4 4
4 5 5 87.64 1
2 4 4 4 4
4 7 97.97 1 2
4 4 4 4 4
6 97.36 1 2 4
4 4 4 4 5
74.29 1 2 4 4
4 4 4 4 113.55
1 2 3 7 7
7 7 7 114.55 1
2 3 6 7 7
7 7 117.59 1 2
3 6 6 7 7
7 118.88 1 2 3
6 6 6 7 7
116.78 1 2 3 6
6 6 6 7 116.76
1 2 3 6 6
6 6 6 114.13 1
2 3 5 7 7
7 7 114.07 1 2
3 5 6 7 7
7 119.16 1 2 3
5 6 6 7 7
120.63 1 2 3 5
6 6 6 7 118.97
1 2 3 5 6
6 6 6 117.68 1
2 3 5 5 7
7 7 117.41 1 2
3 5 5 6 7
7 122.86 1 2 3
5 5 6 6 7
123.23 1 2 3 5
5 6 6 6 118.81
1 2 3 5 5
5 7 7 121.5 1
2 3 5 5 5
6 7 122.93 1 2
3 5 5 5 6
6 116.39 1 2 3
5 5 5 5 7
118.29 1 2 3 5
5 5 5 6 116.15
1 2 3 5 5
5 5 5 114.35 1
2 3 4 7 7
7 7 116.4 1 2
3 4 6 7 7
7 119.22 1 2 3
4 6 6 7 7
120.65 1 2 3 4
6 6 6 7 117.56
1 2 3 4 6
6 6 6 116.13 1
2 3 4 5 7
7 7 115.6 1 2
3 4 5 6 7
7 120.36 1 2 3
4 5 6 6 7
120.42 1 2 3 4
5 6 6 6 119.42
1 2 3 4 5
5 7 7 118.88 1
2 3 4 5 5
6 7 123.17 1 2
3 4 5 5 6
6 120.14 1 2 3
4 5 5 5 7
119.4 1 2 3 4
5 5 5 6 118.53
1 2 3 4 5
5 5 5 116.38 1
2 3 4 4 7
7 7 119.66 1 2
3 4 4 6 7
7 122.55 1 2 3
4 4 6 6 7
123.01 1 2 3 4
4 6 6 6 118.78
1 2 3 4 4
5 7 7 121.09 1
2 3 4 4 5
6 7 124.14 1 2
3 4 4 5 6
6 122.96 1 2 3
4 4 5 5 7
123.36 1 2 3 4
4 5 5 6 123.52
1 2 3 4 4
5 5 5 119.23 1
2 3 4 4 4
7 7 121.53 1 2
3 4 4 4 6
7 122.31 1 2 3
4 4 4 6 6
120.03 1 2 3 4
4 4 5 7 119.52
1 2 3 4 4
4 5 6 124.03 1
2 3 4 4 4
5 5 116.92 1 2
3 4 4 4 4
7 119.59 1 2 3
4 4 4 4 6
119.48 1 2 3 4
4 4 4 5 116.66
1 2 3 4 4
4 4 4 115.45 1
2 3 3 7 7
7 7 117.47 1 2
3 3 6 7 7
7 121.04 1 2 3
3 6 6 7 7
117.96 1 2 3 3
6 6 6 7 120.1
1 2 3 3 6
6 6 6 117.57 1
2 3 3 5 7
7 7 118.96 1 2
3 3 5 6 7
7 122.3 1 2 3
3 5 6 6 7
119.97 1 2 3 3
5 6 6 6 120.67
1 2 3 3 5
5 7 7 122.44 1
2 3 3 5 5
6 7 127.54 1 2
3 3 5 5 6
6 118.94 1 2 3
3 5 5 5 7
120.38 1 2 3 3
5 5 5 6 119.75
1 2 3 3 5
5 5 5 113.39 1
2 3 3 4 7
7 7 117.33 1 2
3 3 4 6 7
7 121.14 1 2 3
3 4 6 6 7
117.11 1 2 3 3
4 6 6 6 118.13
1 2 3 3 4
5 7 7 120.37 1
2 3 3 4 5
6 7 123.31 1 2
3 3 4 5 6
6 121.18 1 2 3
3 4 5 5 7
123.79 1 2 3 3
4 5 5 6 117.74
1 2 3 3 4
5 5 5 118.38 1
2 3 3 4 4
7 7 121.98 1 2
3 3 4 4 6
7 124.57 1 2 3
3 4 4 6 6
121.78 1 2 3 3
4 4 5 7 123.69
1 2 3 3 4
4 5 6 124.59 1
2 3 3 4 4
5 5 116.74 1 2
3 3 4 4 4
7 122.21 1 2 3
3 4 4 4 6
121.97 1 2 3 3
4 4 4 5 114.92
1 2 3 3 4
4 4 4 121.33 1
2 3 3 3 7
7 7 122.35 1 2
3 3 3 6 7
7 123.54 1 2 3
3 3 6 6 7
123.63 1 2 3 3
3 6 6 6 123.05
1 2 3 3 3
5 7 7 122.63 1
2 3 3 3 5
6 7 123.67 1 2
3 3 3 5 6
6 123.19 1 2 3
3 3 5 5 7
124 1 2 3 3
3 5 5 6 123.86
1 2 3 3 3
5 5 5 123.08 1
2 3 3 3 4
7 7 122.67 1 2
3 3 3 4 6
7 122.32 1 2 3
3 3 4 6 6
124.07 1 2 3 3
3 4 5 7 123.1
1 2 3 3 3
4 5 6 124.14 1
2 3 3 3 4
5 5 125.41 1 2
3 3 3 4 4
7 126.73 1 2 3
3 3 4 4 6
127.16 1 2 3 3
3 4 4 5 125.54
1 2 3 3 3
4 4 4 121.96 1
2 3 3 3 3
7 7 121.34 1 2
3 3 3 3 6
7 124.08 1 2 3
3 3 3 6 6
120.18 1 2 3 3
3 3 5 7 119.75
1 2 3 3 3
3 5 6 124.08 1
2 3 3 3 3
5 5 121.1 1 2
3 3 3 3 4
7 121.64 1 2 3
3 3 3 4 6
120.14 1 2 3 3
3 3 4 5 125.21
1 2 3 3 3
3 4 4 120.31 1
2 3 3 3 3
3 7 120.36 1 2
3 3 3 3 3
6 120.93 1 2 3
3 3 3 3 5
119.93 1 2 3 3
3 3 3 4 120.11
1 2 3 3 3
3 3 3 85.65 1
2 2 7 7 7
7 7 95.87 1 2
2 6 7 7 7
7 96.61 1 2 2
6 6 7 7 7
99.3 1 2 2 6
6 6 7 7 96.27
1 2 2 6 6
6 6 7 98.82 1
2 2 6 6 6
6 6 95.17 1 2
2 5 7 7 7
7 107.54 1 2 2
5 6 7 7 7
107.58 1 2 2 5
6 6 7 7 110.76
1 2 2 5 6
6 6 7 108.1 1
2 2 5 6 6
6 6 98.12 1 2
2 5 5 7 7
7 108.09 1 2 2
5 5 6 7 7
110.22 1 2 2 5
5 6 6 7 113.22
1 2 2 5 5
6 6 6 99.34 1
2 2 5 5 5
7 7 110.31 1 2
2 5 5 5 6
7 111.54 1 2 2
5 5 5 6 6
99.97 1 2 2 5
5 5 5 7 112.93
1 2 2 5 5
5 5 6 98.55 1
2 2 5 5 5
5 5 86.69 1 2
2 4 7 7 7
7 99.37 1 2 2
4 6 7 7 7
98.53 1 2 2 4
6 6 7 7 102.87
1 2 2 4 6
6 6 7 98.73 1
2 2 4 6 6
6 6 96.81 1 2
2 4 5 7 7
7 110.85 1 2 2
4 5 6 7 7
108.03 1 2 2 4
5 6 6 7 113.61
1 2 2 4 5
6 6 6 100.69 1
2 2 4 5 5
7 7 112.01 1 2
2 4 5 5 6
7 112.56 1 2 2
4 5 5 6 6
101.11 1 2 2 4
5 5 5 7 113.3
1 2 2 4 5
5 5 6 103.16 1
2 2 4 5 5
5 5 90.32 1 2
2 4 4 7 7
7 101.99 1 2 2
4 4 6 7 7
101.9 1 2 2 4
4 6 6 7 105.5
1 2 2 4 4
6 6 6 101.62 1
2 2 4 4 5
7 7 112.89 1 2
2 4 4 5 6
7 114.68 1 2 2
4 4 5 6 6
103.4 1 2 2 4
4 5 5 7 114.7
1 2 2 4 4
5 5 6 105.29 1
2 2 4 4 5
5 5 86.95 1 2
2 4 4 4 7
7 99.98 1 2 2
4 4 4 6 7
99.06 1 2 2 4
4 4 6 6 98.5
1 2 2 4 4
4 5 7 110.46 1
2 2 4 4 4
5 6 100.59 1 2
2 4 4 4 5
5 88.82 1 2 2
4 4 4 4 7
101.19 1 2 2 4
4 4 4 6 100.24
1 2 2 4 4
4 4 5 75.66 1
2 2 4 4 4
4 4 114.78 1 2
2 3 7 7 7
7 118.61 1 2 2
3 6 7 7 7
121.03 1 2 2 3
6 6 7 7 119.47
1 2 2 3 6
6 6 7 121.15 1
2 2 3 6 6
6 6 113.85 1 2
2 3 5 7 7
7 117.33 1 2 2
3 5 6 7 7
120.93 1 2 2 3
5 6 6 7 118.52
1 2 2 3 5
6 6 6 116.16 1
2 2 3 5 5
7 7 122.36 1 2
2 3 5 5 6
7 123.61 1 2 2
3 5 5 6 6
118.52 1 2 2 3
5 5 5 7 121.89
1 2 2 3 5
5 5 6 117.61 1
2 2 3 5 5
5 5 118.33 1 2
2 3 4 7 7
7 118.62 1 2 2
3 4 6 7 7
121.93 1 2 2 3
4 6 6 7 120.15
1 2 2 3 4
6 6 6 117.53 1
2 2 3 4 5
7 7 120.39 1 2
2 3 4 5 6
7 124.13 1 2 2
3 4 5 6 6
121.04 1 2 2 3
4 5 5 7 124.03
1 2 2 3 4
5 5 6 121.05 1
2 2 3 4 5
5 5 120.12 1 2
2 3 4 4 7
7 124.02 1 2 2
3 4 4 6 7
124.55 1 2 2 3
4 4 6 6 121.06
1 2 2 3 4
4 5 7 124.17 1
2 2 3 4 4
5 6 123.91 1 2
2 3 4 4 5
5 118.08 1 2 2
3 4 4 4 7
119.98 1 2 2 3
4 4 4 6 118.74
1 2 2 3 4
4 4 5 121.04 1
2 2 3 4 4
4 4 115.26 1 2
2 3 3 7 7
7 120.7 1 2 2
3 3 6 7 7
117.44 1 2 2 3
3 6 6 7 120.69
1 2 2 3 3
6 6 6 115.2 1
2 2 3 3 5
7 7 123.19 1 2
2 3 3 5 6
7 119.21 1 2 2
3 3 5 6 6
119.81 1 2 2 3
3 5 5 7 126.76
1 2 2 3 3
5 5 6 117.65 1
2 2 3 3 5
5 5 117.65 1 2
2 3 3 4 7
7 122.44 1 2 2
3 3 4 6 7
119.7 1 2 2 3
3 4 6 6 118.52
1 2 2 3 3
4 5 7 126.34 1
2 2 3 3 4
5 6 122.25 1 2
2 3 3 4 5
5 119.03 1 2 2
3 3 4 4 7
126.38 1 2 2 3
3 4 4 6 122.65
1 2 2 3 3
4 4 5 117.57 1
2 2 3 3 4
4 4 122.27 1 2
2 3 3 3 7
7 123.04 1 2 2
3 3 3 6 7
124.9 1 2 2 3
3 3 6 6 122.71
1 2 2 3 3
3 5 7 122.91 1
2 2 3 3 3
5 6 122.64 1 2
2 3 3 3 5
5 125.05 1 2 2
3 3 3 4 7
123.86 1 2 2 3
3 3 4 6 125.33
1 2 2 3 3
3 4 5 128.63 1
2 2 3 3 3
4 4 119.96 1 2
2 3 3 3 3
7 124.88 1 2 2
3 3 3 3 6
117.34 1 2 2 3
3 3 3 5 122.54
1 2 2 3 3
3 3 4 120.74 1
2 2 3 3 3
3 3 90.97 1 2
2 2 7 7 7
7 100.42 1 2 2
2 6 7 7 7
103.58 1 2 2 2
6 6 7 7 101.62
1 2 2 2 6
6 6 7 102.42 1
2 2 2 6 6
6 6 101.57 1 2
2 2 5 7 7
7 110.28 1 2 2
2 5 6 7 7
112.69 1 2 2 2
5 6 6 7 111.43
1 2 2 2 5
6 6 6 103.67 1
2 2 2 5 5
7 7 113.37 1 2
2 2 5 5 6
7 115.16 1 2 2
2 5 5 6 6
104.75 1 2 2 2
5 5 5 7 115.86
1 2 2 2 5
5 5 6 106.58 1
2 2 2 5 5
5 5 90.56 1 2
2 2 4 7 7
7 101.96 1 2 2
2 4 6 7 7
102.14 1 2 2 2
4 6 6 7 101.51
1 2 2 2 4
6 6 6 102.03 1
2 2 2 4 5
7 7 112.66 1 2
2 2 4 5 6
7 113.1 1 2 2
2 4 5 6 6
104.01 1 2 2 2
4 5 5 7 114.76
1 2 2 2 4
5 5 6 106.22 1
2 2 2 4 5
5 5 90.99 1 2
2 2 4 4 7
7 101.98 1 2 2
2 4 4 6 7
102.62 1 2 2 2
4 4 6 6 101.97
1 2 2 2 4
4 5 7 112.74 1
2 2 2 4 4
5 6 104.59 1 2
2 2 4 4 5
5 91.57 1 2 2
2 4 4 4 7
102.84 1 2 2 2
4 4 4 6 101.8
1 2 2 2 4
4 4 5 79.43 1
2 2 2 4 4
4 4 120.64 1 2
2 2 3 7 7
7 123.3 1 2 2
2 3 6 7 7
122.73 1 2 2 2
3 6 6 7 124.08
1 2 2 2 3
6 6 6 121.53 1
2 2 2 3 5
7 7 123.08 1 2
2 2 3 5 6
7 124.15 1 2 2
2 3 5 6 6
126.31 1 2 2 2
3 5 5 7 127.48
1 2 2 2 3
5 5 6 125.01 1
2 2 2 3 5
5 5 122.64 1 2
2 2 3 4 7
7 124.25 1 2 2
2 3 4 6 7
123.45 1 2 2 2
3 4 6 6 124.43
1 2 2 2 3
4 5 7 122.59 1
2 2 2 3 4
5 6 127.89 1 2
2 2 3 4 5
5 123.24 1 2 2
2 3 4 4 7
122.9 1 2 2 2
3 4 4 6 124.56
1 2 2 2 3
4 4 5 124.03 1
2 2 2 3 4
4 4 122.54 1 2
2 2 3 3 7
7 123.05 1 2 2
2 3 3 6 7
125.59 1 2 2 2
3 3 6 6 125.85
1 2 2 2 3
3 5 7 124.87 1
2 2 2 3 3
5 6 128.88 1 2
2 2 3 3 5
5 122.29 1 2 2
2 3 3 4 7
122.55 1 2 2 2
3 3 4 6 125.97
1 2 2 2 3
3 4 5 123.33 1
2 2 2 3 3
4 4 128.63 1 2
2 2 3 3 3
7 128.57 1 2 2
2 3 3 3 6
128.79 1 2 2 2
3 3 3 5 128.88
1 2 2 2 3
3 3 4 129.36 1
2 2 2 3 3
3 3 89.42 1 2
2 2 2 7 7
7 99.46 1 2 2
2 2 6 7 7
99.26 1 2 2 2
2 6 6 7 103.6
1 2 2 2 2
6 6 6 101.06 1
2 2 2 2 5
7 7 112.72 1 2
2 2 2 5 6
7 110.03 1 2 2
2 2 5 6 6
102.81 1 2 2 2
2 5 5 7 113.01
1 2 2 2 2
5 5 6 104.64 1
2 2 2 2 5
5 5 87.95 1 2
2 2 2 4 7
7 101.02 1 2 2
2 2 4 6 7
97.45 1 2 2 2
2 4 6 6 97.98
1 2 2 2 2
4 5 7 111.09 1
2 2 2 2 4
5 6 101.12 1 2
2 2 2 4 5
5 90.86 1 2 2
2 2 4 4 7
103.41 1 2 2 2
2 4 4 6 101.12
1 2 2 2 2
4 4 5 78.39 1
2 2 2 2 4
4 4 122.21 1 2
2 2 2 3 7
7 121.01 1 2 2
2 2 3 6 7
124.09 1 2 2 2
2 3 6 6 121.24
1 2 2 2 2
3 5 7 121.65 1
2 2 2 2 3
5 6 124.35 1 2
2 2 2 3 5
5 121.07 1 2 2
2 2 3 4 7
119.4 1 2 2 2
2 3 4 6 121.59
1 2 2 2 2
3 4 5 123.28 1
2 2 2 2 3
4 4 119.76 1 2
2 2 2 3 3
7 125.26 1 2 2
2 2 3 3 6
122.25 1 2 2 2
2 3 3 5 117.23
1 2 2 2 2
3 3 4 129.14 1
2 2 2 2 3
3 3 89.43 1 2
2 2 2 2 7
7 98.52 1 2 2
2 2 2 6 7
98.99 1 2 2 2
2 2 6 6 100.61
1 2 2 2 2
2 5 7 109 1
2 2 2 2 2
5 6 101.44 1 2
2 2 2 2 5
5 89.5 1 2 2
2 2 2 4 7
98.44 1 2 2 2
2 2 4 6 99.92
1 2 2 2 2
2 4 5 80.48 1
2 2 2 2 2
4 4 120.31 1 2
2 2 2 2 3
7 119.89 1 2 2
2 2 2 3 6
120.02 1 2 2 2
2 2 3 5 119.77
1 2 2 2 2
2 3 4 120.05 1
2 2 2 2 2
3 3 86.55 1 2
2 2 2 2 2
7 99.23 1 2 2
2 2 2 2 6
97.79 1 2 2 2
2 2 2 5 75.96
1 2 2 2 2
2 2 4 120.66 1
2 2 2 2 2
2 3 77.36 1 2
2 2 2 2 2
2 61.4 1 1 7
7 7 7 7 7
75.68 1 1 6 7
7 7 7 7 75.09
1 1 6 6 7
7 7 7 80.24 1
1 6 6 6 7
7 7 77.37 1 1
6 6 6 6 7
7 79.55 1 1 6
6 6 6 6 7
74.41 1 1 6 6
6 6 6 6 75.36
1 1 5 7 7
7 7 7 88.89 1
1 5 6 7 7
7 7 88.38 1 1
5 6 6 7 7
7 92.62 1 1 5
6 6 6 7 7
90.82 1 1 5 6
6 6 6 7 93.2
1 1 5 6 6
6 6 6 72.93 1
1 5 5 7 7
7 7 88.64 1 1
5 5 6 7 7
7 87.22 1 1 5
5 6 6 7 7
91.96 1 1 5 5
6 6 6 7 90.41
1 1 5 5 6
6 6 6 78.1 1
1 5 5 5 7
7 7 91.65 1 1
5 5 5 6 7
7 91.72 1 1 5
5 5 6 6 7
96.59 1 1 5 5
5 6 6 6 74.44
1 1 5 5 5
5 7 7 88.47 1
1 5 5 5 5
6 7 86.97 1 1
5 5 5 5 6
6 76.22 1 1 5
5 5 5 5 7
89.61 1 1 5 5
5 5 5 6 61.78
1 1 5 5 5
5 5 5 75.66 1
1 4 7 7 7
7 7 87.82 1 1
4 6 7 7 7
7 88.73 1 1 4
6 6 7 7 7
92.93 1 1 4 6
6 6 7 7 91.61
1 1 4 6 6
6 6 7 94.34 1
1 4 6 6 6
6 6 86.46 1 1
4 5 7 7 7
7 99.09 1 1 4
5 6 7 7 7
100.3 1 1 4 5
6 6 7 7 103.55
1 1 4 5 6
6 6 7 103.04 1
1 4 5 6 6
6 6 86.31 1 1
4 5 5 7 7
7 100.78 1 1 4
5 5 6 7 7
101.42 1 1 4 5
5 6 6 7 105.19
1 1 4 5 5
6 6 6 90.64 1
1 4 5 5 5
7 7 104.22 1 1
4 5 5 5 6
7 103.27 1 1 4
5 5 5 6 6
87.98 1 1 4 5
5 5 5 7 101.21
1 1 4 5 5
5 5 6 89 1
1 4 5 5 5
5 5 74.17 1 1
4 4 7 7 7
7 88.69 1 1 4
4 6 7 7 7
87.44 1 1 4 4
6 6 7 7 91.66
1 1 4 4 6
6 6 7 88.76 1
1 4 4 6 6
6 6 87.13 1 1
4 4 5 7 7
7 100.81 1 1 4
4 5 6 7 7
99.98 1 1 4 4
5 6 6 7 104.24
1 1 4 4 5
6 6 6 85.97 1
1 4 4 5 5
7 7 99.95 1 1
4 4 5 5 6
7 98.17 1 1 4
4 5 5 6 6
89.35 1 1 4 4
5 5 5 7 103.18
1 1 4 4 5
5 5 6 86.56 1
1 4 4 5 5
5 5 78.41 1 1
4 4 4 7 7
7 92.39 1 1 4
4 4 6 7 7
91.57 1 1 4 4
4 6 6 7 95.72
1 1 4 4 4
6 6 6 91.22 1
1 4 4 4 5
7 7 103.87 1 1
4 4 4 5 6
7 105.88 1 1 4
4 4 5 6 6
89.56 1 1 4 4
4 5 5 7 103.84
1 1 4 4 4
5 5 6 93.92 1
1 4 4 4 5
5 5 72.74 1 1
4 4 4 4 7
7 88.21 1 1 4
4 4 4 6 7
87.06 1 1 4 4
4 4 6 6 87.1
1 1 4 4 4
4 5 7 100.51 1
1 4 4 4 4
5 6 85.54 1 1
4 4 4 4 5
5 75.07 1 1 4
4 4 4 4 7
91.05 1 1 4 4
4 4 4 6 88.99
1 1 4 4 4
4 4 5 61.99 1
1 4 4 4 4
4 4 84.92 1 1
3 7 7 7 7
7 95.53 1 1 3
6 7 7 7 7
97.82 1 1 3 6
6 7 7 7 99.67
1 1 3 6 6
6 7 7 100.26 1
1 3 6 6 6
6 7 97.68 1 1
3 6 6 6 6
6 86.35 1 1 3
5 7 7 7 7
96.24 1 1 3 5
6 7 7 7 99.67
1 1 3 5 6
6 7 7 102.35 1
1 3 5 6 6
6 7 102.32 1 1
3 5 6 6 6
6 89.23 1 1 3
5 5 7 7 7
101.68 1 1 3 5
5 6 7 7 102.9
1 1 3 5 5
6 6 7 104.96 1
1 3 5 5 6
6 6 87.79 1 1
3 5 5 5 7
7 98.34 1 1 3
5 5 5 6 7
100.49 1 1 3 5
5 5 6 6 89.03
1 1 3 5 5
5 5 7 100.09 1
1 3 5 5 5
5 6 76.06 1 1
3 5 5 5 5
5 95.96 1 1 3
4 7 7 7 7
106.3 1 1 3 4
6 7 7 7 109.24
1 1 3 4 6
6 7 7 111.84 1
1 3 4 6 6
6 7 112.06 1 1
3 4 6 6 6
6 100.02 1 1 3
4 5 7 7 7
109.89 1 1 3 4
5 6 7 7 112.03
1 1 3 4 5
6 6 7 113.44 1
1 3 4 5 6
6 6 102.77 1 1
3 4 5 5 7
7 113.69 1 1 3
4 5 5 6 7
115.63 1 1 3 4
5 5 6 6 101.58
1 1 3 4 5
5 5 7 110.8 1
1 3 4 5 5
5 6 101.18 1 1
3 4 5 5 5
5 96.72 1 1 3
4 4 7 7 7
107.78 1 1 3 4
4 6 7 7 109.1
1 1 3 4 4
6 6 7 110.91 1
1 3 4 4 6
6 6 97.85 1 1
3 4 4 5 7
7 109.72 1 1 3
4 4 5 6 7
112.15 1 1 3 4
4 5 6 6 102.03
1 1 3 4 4
5 5 7 112.67 1
1 3 4 4 5
5 6 100.04 1 1
3 4 4 5 5
5 99.23 1 1 3
4 4 4 7 7
110.83 1 1 3 4
4 4 6 7 113.24
1 1 3 4 4
4 6 6 102.31 1
1 3 4 4 4
5 7 114.35 1 1
3 4 4 4 5
6 105.47 1 1 3
4 4 4 5 5
97.42 1 1 3 4
4 4 4 7 107.07
1 1 3 4 4
4 4 6 98.95 1
1 3 4 4 4
4 5 99.24 1 1
3 4 4 4 4
4 83.15 1 1 3
3 7 7 7 7
95.95 1 1 3 3
6 7 7 7 94.48
1 1 3 3 6
6 7 7 98.93 1
1 3 3 6 6
6 7 95.82 1 1
3 3 6 6 6
6 89.82 1 1 3
3 5 7 7 7
102.53 1 1 3 3
5 6 7 7 101.72
1 1 3 3 5
6 6 7 105.4 1
1 3 3 5 6
6 6 86.75 1 1
3 3 5 5 7
7 98.71 1 1 3
3 5 5 6 7
97.7 1 1 3 3
5 5 6 6 88.71
1 1 3 3 5
5 5 7 102.34 1
1 3 3 5 5
5 6 74.89 1 1
3 3 5 5 5
5 95.69 1 1 3
3 4 7 7 7
109.63 1 1 3 3
4 6 7 7 108.1
1 1 3 3 4
6 6 7 111.15 1
1 3 3 4 6
6 6 102.12 1 1
3 3 4 5 7
7 115.51 1 1 3
3 4 5 6 7
114.94 1 1 3 3
4 5 6 6 99.07
1 1 3 3 4
5 5 7 111.29 1
1 3 3 4 5
5 6 102.58 1 1
3 3 4 5 5
5 93.78 1 1 3
3 4 4 7 7
107.26 1 1 3 3
4 4 6 7 105.97
1 1 3 3 4
4 6 6 102.28 1
1 3 3 4 4
5 7 113.53 1 1
3 3 4 4 5
6 97.44 1 1 3
3 4 4 5 5
99.04 1 1 3 3
4 4 4 7 111.81
1 1 3 3 4
4 4 6 105.5 1
1 3 3 4 4
4 5 95.51 1 1
3 3 4 4 4
4 90.3 1 1 3
3 3 7 7 7
101.69 1 1 3 3
3 6 7 7 101.54
1 1 3 3 3
6 6 7 101.68 1
1 3 3 3 6
6 6 90.55 1 1
3 3 3 5 7
7 101.28 1 1 3
3 3 5 6 7
102.23 1 1 3 3
3 5 6 6 91.45
1 1 3 3 3
5 5 7 103.21 1
1 3 3 3 5
5 6 80.03 1 1
3 3 3 5 5
5 103.95 1 1 3
3 3 4 7 7
114.3 1 1 3 3
3 4 6 7 116.49
1 1 3 3 3
4 6 6 103.02 1
1 3 3 3 4
5 7 114.23 1 1
3 3 3 4 5
6 104.88 1 1 3
3 3 4 5 5
101.91 1 1 3 3
3 4 4 7 113.52
1 1 3 3 3
4 4 6 100.53 1
1 3 3 3 4
4 5 106.63 1 1
3 3 3 4 4
4 87.2 1 1 3
3 3 3 7 7
99.11 1 1 3 3
3 3 6 7 95.21
1 1 3 3 3
3 6 6 91.39 1
1 3 3 3 3
5 7 103.34 1 1
3 3 3 3 5
6 77.91 1 1 3
3 3 3 5 5
99.06 1 1 3 3
3 3 4 7 111.28
1 1 3 3 3
3 4 6 104.75 1
1 3 3 3 3
4 5 98.14 1 1
3 3 3 3 4
4 88.99 1 1 3
3 3 3 3 7
97.67 1 1 3 3
3 3 3 6 80.47
1 1 3 3 3
3 3 5 102.02 1
1 3 3 3 3
3 4 75.37 1 1
3 3 3 3 3
3 84.5 1 1 2
7 7 7 7 7
95.71 1 1 2 6
7 7 7 7 97.63
1 1 2 6 6
7 7 7 99.5 1
1 2 6 6 6
7 7 100.76 1 1
2 6 6 6 6
7 98.21 1 1 2
6 6 6 6 6
94.74 1 1 2 5
7 7 7 7 107.68
1 1 2 5 6
7 7 7 108.5 1
1 2 5 6 6
7 7 111.19 1 1
2 5 6 6 6
7 112.71 1 1 2
5 6 6 6 6
96.38 1 1 2 5
5 7 7 7 107.57
1 1 2 5 5
6 7 7 110.03 1
1 2 5 5 6
6 7 111.25 1 1
2 5 5 6 6
6 100.85 1 1 2
5 5 5 7 7
110.92 1 1 2 5
5 5 6 7 113.16
1 1 2 5 5
5 6 6 96.95 1
1 2 5 5 5
5 7 108.58 1 1
2 5 5 5 5
6 99.18 1 1 2
5 5 5 5 5
87.1 1 1 2 4
7 7 7 7 97.59
1 1 2 4 6
7 7 7 99.82 1
1 2 4 6 6
7 7 102.44 1 1
2 4 6 6 6
7 102.99 1 1 2
4 6 6 6 6
99.47 1 1 2 4
5 7 7 7 108.93
1 1 2 4 5
6 7 7 111.83 1
1 2 4 5 6
6 7 115.16 1 1
2 4 5 6 6
6 98.86 1 1 2
4 5 5 7 7
108.8 1 1 2 4
5 5 6 7 111.05
1 1 2 4 5
5 6 6 103.72 1
1 2 4 5 5
5 7 112.83 1 1
2 4 5 5 5
6 98.81 1 1 2
4 5 5 5 5
90.73 1 1 2 4
4 7 7 7 101.77
1 1 2 4 4
6 7 7 102.83 1
1 2 4 4 6
6 7 105.1 1 1
2 4 4 6 6
6 102.82 1 1 2
4 4 5 7 7
112.94 1 1 2 4
4 5 6 7 116.74
1 1 2 4 4
5 6 6 101.62 1
1 2 4 4 5
5 7 112.33 1 1
2 4 4 5 5
6 106.64 1 1 2
4 4 5 5 5
87 1 1 2 4
4 4 7 7 98.52
1 1 2 4 4
4 6 7 100.7 1
1 2 4 4 4
6 6 100.19 1 1
2 4 4 4 5
7 110.6 1 1 2
4 4 4 5 6
98.8 1 1 2 4
4 4 5 5 90.39
1 1 2 4 4
4 4 7 99.26 1
1 2 4 4 4
4 6 101.83 1 1
2 4 4 4 4
5 76.3 1 1 2
4 4 4 4 4
114.09 1 1 2 3
7 7 7 7 115.23
1 1 2 3 6
7 7 7 117.44 1
1 2 3 6 6
7 7 118.11 1 1
2 3 6 6 6
7 117.24 1 1 2
3 6 6 6 6
117.78 1 1 2 3
5 7 7 7 118.94
1 1 2 3 5
6 7 7 121.68 1
1 2 3 5 6
6 7 121.08 1 1
2 3 5 6 6
6 120.53 1 1 2
3 5 5 7 7
120.83 1 1 2 3
5 5 6 7 124.01
1 1 2 3 5
5 6 6 117.37 1
1 2 3 5 5
5 7 120.22 1 1
2 3 5 5 5
6 119.88 1 1 2
3 5 5 5 5
116.96 1 1 2 3
4 7 7 7 117.64
1 1 2 3 4
6 7 7 120.31 1
1 2 3 4 6
6 7 121.02 1 1
2 3 4 6 6
6 120.53 1 1 2
3 4 5 7 7
121.01 1 1 2 3
4 5 6 7 124.06
1 1 2 3 4
5 6 6 123.28 1
1 2 3 4 5
5 7 122.51 1 1
2 3 4 5 5
6 121.36 1 1 2
3 4 5 5 5
120.98 1 1 2 3
4 4 7 7 120.37
1 1 2 3 4
4 6 7 124.04 1
1 2 3 4 4
6 6 123.07 1 1
2 3 4 4 5
7 123.28 1 1 2
3 4 4 5 6
126.93 1 1 2 3
4 4 5 5 118.48
1 1 2 3 4
4 4 7 118.74 1
1 2 3 4 4
4 6 119.92 1 1
2 3 4 4 4
5 120.21 1 1 2
3 4 4 4 4
113.58 1 1 2 3
3 7 7 7 116.55
1 1 2 3 3
6 7 7 120.52 1
1 2 3 3 6
6 7 117.8 1 1
2 3 3 6 6
6 121.06 1 1 2
3 3 5 7 7
121.96 1 1 2 3
3 5 6 7 126.76
1 1 2 3 3
5 6 6 117.67 1
1 2 3 3 5
5 7 119.13 1 1
2 3 3 5 5
6 119.99 1 1 2
3 3 5 5 5
116.43 1 1 2 3
3 4 7 7 118.59
1 1 2 3 3
4 6 7 122.5 1
1 2 3 3 4
6 6 122.58 1 1
2 3 3 4 5
7 125.58 1 1 2
3 3 4 5 6
119.63 1 1 2 3
3 4 5 5 120.04
1 1 2 3 3
4 4 7 120.61 1
1 2 3 3 4
4 6 125.4 1 1
2 3 3 4 4
5 117.15 1 1 2
3 3 4 4 4
123.8 1 1 2 3
3 3 7 7 122.55
1 1 2 3 3
3 6 7 124.28 1
1 2 3 3 3
6 6 123.52 1 1
2 3 3 3 5
7 123.6 1 1 2
3 3 3 5 6
125.12 1 1 2 3
3 3 5 5 125.89
1 1 2 3 3
3 4 7 126.22 1
1 2 3 3 3
4 6 125.49 1 1
2 3 3 3 4
5 128.41 1 1 2
3 3 3 4 4
118.73 1 1 2 3
3 3 3 7 117.65
1 1 2 3 3
3 3 6 125.5 1
1 2 3 3 3
3 5 122.34 1 1
2 3 3 3 3
4 121.31 1 1 2
3 3 3 3 3
82.8 1 1 2 2
7 7 7 7 95.84
1 1 2 2 6
7 7 7 94.49 1
1 2 2 6 6
7 7 99.54 1 1
2 2 6 6 6
7 95.79 1 1 2
2 6 6 6 6
95.91 1 1 2 2
5 7 7 7 109.95
1 1 2 2 5
6 7 7 108.35 1
1 2 2 5 6
6 7 112.94 1 1
2 2 5 6 6
6 94.2 1 1 2
2 5 5 7 7
107.79 1 1 2 2
5 5 6 7 107.38
1 1 2 2 5
5 6 6 98.37 1
1 2 2 5 5
5 7 111.8 1 1
2 2 5 5 5
6 94.43 1 1 2
2 5 5 5 5
90 1 1 2 2
4 7 7 7 102.59
1 1 2 2 4
6 7 7 101.92 1
1 2 2 4 6
6 7 106.2 1 1
2 2 4 6 6
6 102.09 1 1 2
2 4 5 7 7
116.23 1 1 2 2
4 5 6 7 113.54
1 1 2 2 4
5 6 6 102.03 1
1 2 2 4 5
5 7 113.47 1 1
2 2 4 5 5
6 105.82 1 1 2
2 4 5 5 5
84.86 1 1 2 2
4 4 7 7 99.25
1 1 2 2 4
4 6 7 98.74 1
1 2 2 4 4
6 6 98.9 1 1
2 2 4 4 5
7 112.93 1 1 2
2 4 4 5 6
97.23 1 1 2 2
4 4 5 5 89.01
1 1 2 2 4
4 4 7 102.63 1
1 2 2 4 4
4 6 101.38 1 1
2 2 4 4 4
5 74.93 1 1 2
2 4 4 4 4
113.36 1 1 2 2
3 7 7 7 117.26
1 1 2 2 3
6 7 7 119.72 1
1 2 2 3 6
6 7 116.61 1 1
2 2 3 6 6
6 115.88 1 1 2
2 3 5 7 7
118.85 1 1 2 2
3 5 6 7 121.26
1 1 2 2 3
5 6 6 120.58 1
1 2 2 3 5
5 7 121.68 1 1
2 2 3 5 5
6 116.68 1 1 2
2 3 5 5 5
119.46 1 1 2 2
3 4 7 7 123.43
1 1 2 2 3
4 6 7 127.47 1
1 2 2 3 4
6 6 122.66 1 1
2 2 3 4 5
7 125.3 1 1 2
2 3 4 5 6
126.2 1 1 2 2
3 4 5 5 117.84
1 1 2 2 3
4 4 7 117.89 1
1 2 2 3 4
4 6 120.66 1 1
2 2 3 4 4
5 120.63 1 1 2
2 3 4 4 4
112.4 1 1 2 2
3 3 7 7 119.99
1 1 2 2 3
3 6 7 114.9 1
1 2 2 3 3
6 6 118.51 1 1
2 2 3 3 5
7 125.31 1 1 2
2 3 3 5 6
114.63 1 1 2 2
3 3 5 5 118.09
1 1 2 2 3
3 4 7 126.05 1
1 2 2 3 3
4 6 125.74 1 1
2 2 3 3 4
5 115.68 1 1 2
2 3 3 4 4
120.96 1 1 2 2
3 3 3 7 121.66
1 1 2 2 3
3 3 6 121.42 1
1 2 2 3 3
3 5 129.88 1 1
2 2 3 3 3
4 115.02 1 1 2
2 3 3 3 3
89.47 1 1 2 2
2 7 7 7 101.71
1 1 2 2 2
6 7 7 102.56 1
1 2 2 2 6
6 7 102.57 1 1
2 2 2 6 6
6 102.03 1 1 2
2 2 5 7 7
114.82 1 1 2 2
2 5 6 7 114.47
1 1 2 2 2
5 6 6 101.49 1
1 2 2 2 5
5 7 113.17 1 1
2 2 2 5 5
6 106.48 1 1 2
2 2 5 5 5
90.14 1 1 2 2
2 4 7 7 101.31
1 1 2 2 2
4 6 7 101.58 1
1 2 2 2 4
6 6 103.17 1 1
2 2 2 4 5
7 113.95 1 1 2
2 2 4 5 6
101.9 1 1 2 2
2 4 5 5 91.77
1 1 2 2 2
4 4 7 101.81 1
1 2 2 2 4
4 6 104.88 1 1
2 2 2 4 4
5 79.62 1 1 2
2 2 4 4 4
123.67 1 1 2 2
2 3 7 7 123.09
1 1 2 2 2
3 6 7 122.03 1
1 2 2 2 3
6 6 124.84 1 1
2 2 2 3 5
7 125.34 1 1 2
2 2 3 5 6
129.7 1 1 2 2
2 3 5 5 122.77
1 1 2 2 2
3 4 7 124.06 1
1 2 2 2 3
4 6 125.1 1 1
2 2 2 3 4
5 124.22 1 1 2
2 2 3 4 4
120.93 1 1 2 2
2 3 3 7 121.55
1 1 2 2 2
3 3 6 127.88 1
1 2 2 2 3
3 5 121.35 1 1
2 2 2 3 3
4 128.26 1 1 2
2 2 3 3 3
84.66 1 1 2 2
2 2 7 7 98.47
1 1 2 2 2
2 6 7 95.68 1
1 2 2 2 2
6 6 99.06 1 1
2 2 2 2 5
7 112.44 1 1 2
2 2 2 5 6
98.3 1 1 2 2
2 2 5 5 90.03
1 1 2 2 2
2 4 7 104.23 1
1 2 2 2 2
4 6 104.88 1 1
2 2 2 2 4
5 77.74 1 1 2
2 2 2 4 4
120.26 1 1 2 2
2 2 3 7 117.75
1 1 2 2 2
2 3 6 122.31 1
1 2 2 2 2
3 5 125.91 1 1
2 2 2 2 3
4 114.26 1 1 2
2 2 2 3 3
89.2 1 1 2 2
2 2 2 7 98.84
1 1 2 2 2
2 2 6 101.89 1
1 2 2 2 2
2 5 80.7 1 1
2 2 2 2 2
4 120.78 1 1 2
2 2 2 2 3
75.88 1 1 2 2
2 2 2 2 66.41
1 1 1 7 7
7 7 7 79.9 1
1 1 6 7 7
7 7 79.03 1 1
1 6 6 7 7
7 83.49 1 1 1
6 6 6 7 7
82.09 1 1 1 6
6 6 6 7 84.54
1 1 1 6 6
6 6 6 76.83 1
1 1 5 7 7
7 7 90.47 1 1
1 5 6 7 7
7 89.76 1 1 1
5 6 6 7 7
95.04 1 1 1 5
6 6 6 7 93.37
1 1 1 5 6
6 6 6 78.05 1
1 1 5 5 7
7 7 92.18 1 1
1 5 5 6 7
7 91.71 1 1 1
5 5 6 6 7
96.31 1 1 1 5
5 6 6 6 79.19
1 1 1 5 5
5 7 7 91.77 1
1 1 5 5 5
6 7 91.59 1 1
1 5 5 5 6
6 78.65 1 1 1
5 5 5 5 7
91.48 1 1 1 5
5 5 5 6 66.31
1 1 1 5 5
5 5 5 77.48 1
1 1 4 7 7
7 7 90.49 1 1
1 4 6 7 7
7 90.54 1 1 1
4 6 6 7 7
95.45 1 1 1 4
6 6 6 7 93.38
1 1 1 4 6
6 6 6 87.24 1
1 1 4 5 7
7 7 100.29 1 1
1 4 5 6 7
7 101.1 1 1 1
4 5 6 6 7
104.57 1 1 1 4
5 6 6 6 89.21
1 1 1 4 5
5 7 7 102.23 1
1 1 4 5 5
6 7 102.44 1 1
1 4 5 5 6
6 89.56 1 1 1
4 5 5 5 7
102.29 1 1 1 4
5 5 5 6 90.13
1 1 1 4 5
5 5 5 78.23 1
1 1 4 4 7
7 7 91.09 1 1
1 4 4 6 7
7 91.06 1 1 1
4 4 6 6 7
96.35 1 1 1 4
4 6 6 6 89.31
1 1 1 4 4
5 7 7 102.89 1
1 1 4 4 5
6 7 104.65 1 1
1 4 4 5 6
6 90.28 1 1 1
4 4 5 5 7
103.62 1 1 1 4
4 5 5 6 89.86
1 1 1 4 4
5 5 5 77.94 1
1 1 4 4 4
7 7 90.38 1 1
1 4 4 4 6
7 91.36 1 1 1
4 4 4 6 6
88.74 1 1 1 4
4 4 5 7 102.46
1 1 1 4 4
4 5 6 89.69 1
1 1 4 4 4
5 5 79.73 1 1
1 4 4 4 4
7 92.03 1 1 1
4 4 4 4 6
89.1 1 1 1 4
4 4 4 5 66.65
1 1 1 4 4
4 4 4 91.05 1
1 1 3 7 7
7 7 101.41 1 1
1 3 6 7 7
7 103.9 1 1 1
3 6 6 7 7
105.43 1 1 1 3
6 6 6 7 107.34
1 1 1 3 6
6 6 6 89.81 1
1 1 3 5 7
7 7 101.32 1 1
1 3 5 6 7
7 103.76 1 1 1
3 5 6 6 7
105.59 1 1 1 3
5 6 6 6 90.48
1 1 1 3 5
5 7 7 102.28 1
1 1 3 5 5
6 7 103.7 1 1
1 3 5 5 6
6 90.84 1 1 1
3 5 5 5 7
102.53 1 1 1 3
5 5 5 6 78.93
1 1 1 3 5
5 5 5 100.73 1
1 1 3 4 7
7 7 110.2 1 1
1 3 4 6 7
7 113.22 1 1 1
3 4 6 6 7
115.88 1 1 1 3
4 6 6 6 101.57
1 1 1 3 4
5 7 7 113.52 1
1 1 3 4 5
6 7 114.66 1 1
1 3 4 5 6
6 102.74 1 1 1
3 4 5 5 7
113.51 1 1 1 3
4 5 5 6 102.04
1 1 1 3 4
5 5 5 103.74 1
1 1 3 4 4
7 7 111.99 1 1
1 3 4 4 6
7 114.81 1 1 1
3 4 4 6 6
101.87 1 1 1 3
4 4 5 7 112.84
1 1 1 3 4
4 5 6 103.59 1
1 1 3 4 4
5 5 103.09 1 1
1 3 4 4 4
7 111.95 1 1 1
3 4 4 4 6
103.11 1 1 1 3
4 4 4 5 102.71
1 1 1 3 4
4 4 4 89.28 1
1 1 3 3 7
7 7 103.3 1 1
1 3 3 6 7
7 101.3 1 1 1
3 3 6 6 7
106.45 1 1 1 3
3 6 6 6 90.02
1 1 1 3 3
5 7 7 103.59 1
1 1 3 3 5
6 7 100.99 1 1
1 3 3 5 6
6 91.86 1 1 1
3 3 5 5 7
105.36 1 1 1 3
3 5 5 6 80.39
1 1 1 3 3
5 5 5 102.14 1
1 1 3 3 4
7 7 112.77 1 1
1 3 3 4 6
7 112.14 1 1 1
3 3 4 6 6
100.9 1 1 1 3
3 4 5 7 114.74
1 1 1 3 3
4 5 6 103.09 1
1 1 3 3 4
5 5 101.94 1 1
1 3 3 4 4
7 115.11 1 1 1
3 3 4 4 6
102.14 1 1 1 3
3 4 4 5 101.39
1 1 1 3 3
4 4 4 93.98 1
1 1 3 3 3
7 7 105.49 1 1
1 3 3 3 6
7 107.45 1 1 1
3 3 3 6 6
94.36 1 1 1 3
3 3 5 7 106.23
1 1 1 3 3
3 5 6 84.31 1
1 1 3 3 3
5 5 105.32 1 1
1 3 3 3 4
7 116.42 1 1 1
3 3 3 4 6
106.63 1 1 1 3
3 3 4 5 107.42
1 1 1 3 3
3 4 4 92.46 1
1 1 3 3 3
3 7 106.13 1 1
1 3 3 3 3
6 82.66 1 1 1
3 3 3 3 5
104.24 1 1 1 3
3 3 3 4 84.14
1 1 1 3 3
3 3 3 90.52 1
1 1 2 7 7
7 7 100.92 1 1
1 2 6 7 7
7 103.83 1 1 1
2 6 6 7 7
105.42 1 1 1 2
6 6 6 7 106.01
1 1 1 2 6
6 6 6 100.04 1
1 1 2 5 7
7 7 109.44 1 1
1 2 5 6 7
7 112.81 1 1 1
2 5 6 6 7
115.12 1 1 1 2
5 6 6 6 102.38
1 1 1 2 5
5 7 7 112.87 1
1 1 2 5 5
6 7 115.46 1 1
1 2 5 5 6
6 102.85 1 1 1
2 5 5 5 7
111.82 1 1 1 2
5 5 5 6 103.28
1 1 1 2 5
5 5 5 91.05 1
1 1 2 4 7
7 7 102.03 1 1
1 2 4 6 7
7 103.49 1 1 1
2 4 6 6 7
105.61 1 1 1 2
4 6 6 6 101.12
1 1 1 2 4
5 7 7 113.13 1
1 1 2 4 5
6 7 114.22 1 1
1 2 4 5 6
6 102.98 1 1 1
2 4 5 5 7
113.18 1 1 1 2
4 5 5 6 101.85
1 1 1 2 4
5 5 5 91.29 1
1 1 2 4 4
7 7 101.85 1 1
1 2 4 4 6
7 103.61 1 1 1
2 4 4 6 6
102 1 1 1 2
4 4 5 7 112.77
1 1 1 2 4
4 5 6 102.28 1
1 1 2 4 4
5 5 91.24 1 1
1 2 4 4 4
7 101.65 1 1 1
2 4 4 4 6
103.07 1 1 1 2
4 4 4 5 80.23
1 1 1 2 4
4 4 4 120.62 1
1 1 2 3 7
7 7 122.22 1 1
1 2 3 6 7
7 125.38 1 1 1
2 3 6 6 7
125.95 1 1 1 2
3 6 6 6 122.77
1 1 1 2 3
5 7 7 123.82 1
1 1 2 3 5
6 7 126.87 1 1
1 2 3 5 6
6 122.58 1 1 1
2 3 5 5 7
122.72 1 1 1 2
3 5 5 6 122.51
1 1 1 2 3
5 5 5 122.21 1
1 1 2 3 4
7 7 122.94 1 1
1 2 3 4 6
7 126.7 1 1 1
2 3 4 6 6
123.14 1 1 1 2
3 4 5 7 123.35
1 1 1 2 3
4 5 6 123.62 1
1 1 2 3 4
5 5 122.79 1 1
1 2 3 4 4
7 124.39 1 1 1
2 3 4 4 6
124.65 1 1 1 2
3 4 4 5 122.89
1 1 1 2 3
4 4 4 121.23 1
1 1 2 3 3
7 7 124.74 1 1
1 2 3 3 6
7 128.67 1 1 1
2 3 3 6 6
124.08 1 1 1 2
3 3 5 7 125.44
1 1 1 2 3
3 5 6 124.5 1
1 1 2 3 3
5 5 121.25 1 1
1 2 3 3 4
7 123.72 1 1 1
2 3 3 4 6
121.49 1 1 1 2
3 3 4 5 122.68
1 1 1 2 3
3 4 4 128.96 1
1 1 2 3 3
3 7 127.39 1 1
1 2 3 3 3
6 129.05 1 1 1
2 3 3 3 5
128.53 1 1 1 2
3 3 3 4 128.28
1 1 1 2 3
3 3 3 89.49 1
1 1 2 2 7
7 7 103.81 1 1
1 2 2 6 7
7 101.85 1 1 1
2 2 6 6 7
106.07 1 1 1 2
2 6 6 6 101.93
1 1 1 2 2
5 7 7 113.15 1
1 1 2 2 5
6 7 112.65 1 1
1 2 2 5 6
6 102.28 1 1 1
2 2 5 5 7
114.91 1 1 1 2
2 5 5 6 101.68
1 1 1 2 2
5 5 5 89.47 1
1 1 2 2 4
7 7 103.85 1 1
1 2 2 4 6
7 101.59 1 1 1
2 2 4 6 6
100.6 1 1 1 2
2 4 5 7 113.71
1 1 1 2 2
4 5 6 101.17 1
1 1 2 2 4
5 5 91.47 1 1
1 2 2 4 4
7 105.52 1 1 1
2 2 4 4 6
102.7 1 1 1 2
2 4 4 5 79.67
1 1 1 2 2
4 4 4 122.4 1
1 1 2 2 3
7 7 123.58 1 1
1 2 2 3 6
7 127.8 1 1 1
2 2 3 6 6
122.81 1 1 1 2
2 3 5 7 125.64
1 1 1 2 2
3 5 6 123.12 1
1 1 2 2 3
5 5 123.19 1 1
1 2 2 3 4
7 126.43 1 1 1
2 2 3 4 6
123.73 1 1 1 2
2 3 4 5 124.03
1 1 1 2 2
3 4 4 122.35 1
1 1 2 2 3
3 7 129.67 1 1
1 2 2 3 3
6 121.52 1 1 1
2 2 3 3 5
121.52 1 1 1 2
2 3 3 4 128.99
1 1 1 2 2
3 3 3 94.44 1
1 1 2 2 2
7 7 106 1 1
1 2 2 2 6
7 106.48 1 1 1
2 2 2 6 6
104.86 1 1 1 2
2 2 5 7 117.25
1 1 1 2 2
2 5 6 105.75 1
1 1 2 2 2
5 5 94.63 1 1
1 2 2 2 4
7 105.68 1 1 1
2 2 2 4 6
105.48 1 1 1 2
2 2 4 5 83.88
1 1 1 2 2
2 4 4 128.38 1
1 1 2 2 2
3 7 129.17 1 1
1 2 2 2 3
6 128.35 1 1 1
2 2 2 3 5
127.58 1 1 1 2
2 2 3 4 128.66
1 1 1 2 2
2 3 3 93.68 1
1 1 2 2 2
2 7 106.2 1 1
1 2 2 2 2
6 104.51 1 1 1
2 2 2 2 5
82.62 1 1 1 2
2 2 2 4 129.43
1 1 1 2 2
2 2 3 84.44 1
1 1 2 2 2
2 2 64.28 1 1
1 1 7 7 7
7 78.64 1 1 1
1 6 7 7 7
77.77 1 1 1 1
6 6 7 7 82.63
1 1 1 1 6
6 6 7 80.88 1
1 1 1 6 6
6 6 77.22 1 1
1 1 5 7 7
7 91.99 1 1 1
1 5 6 7 7
90.8 1 1 1 1
5 6 6 7 95.31
1 1 1 1 5
6 6 6 73.59 1
1 1 1 5 5
7 7 87.56 1 1
1 1 5 5 6
7 86.25 1 1 1
1 5 5 6 6
77.92 1 1 1 1
5 5 5 7 91.69
1 1 1 1 5
5 5 6 64.03 1
1 1 1 5 5
5 5 77.63 1 1
1 1 4 7 7
7 91.78 1 1 1
1 4 6 7 7
90.83 1 1 1 1
4 6 6 7 95.33
1 1 1 1 4
6 6 6 88.21 1
1 1 1 4 5
7 7 104.08 1 1
1 1 4 5 6
7 101.55 1 1 1
1 4 5 6 6
86.9 1 1 1 1
4 5 5 7 101.02
1 1 1 1 4
5 5 6 91.2 1
1 1 1 4 5
5 5 73.96 1 1
1 1 4 4 7
7 88.04 1 1 1
1 4 4 6 7
87.24 1 1 1 1
4 4 6 6 86
1 1 1 1 4
4 5 7 100.55 1
1 1 1 4 4
5 6 83.08 1 1
1 1 4 4 5
5 77.56 1 1 1
1 4 4 4 7
91.51 1 1 1 1
4 4 4 6 90.58
1 1 1 1 4
4 4 5 64.46 1
1 1 1 4 4
4 4 89.27 1 1
1 1 3 7 7
7 99.26 1 1 1
1 3 6 7 7
102.55 1 1 1 1
3 6 6 7 105.14
1 1 1 1 3
6 6 6 88.36 1
1 1 1 3 5
7 7 98.61 1 1
1 1 3 5 6
7 100.29 1 1 1
1 3 5 6 6
90.94 1 1 1 1
3 5 5 7 102.6
1 1 1 1 3
5 5 6 78.96 1
1 1 1 3 5
5 5 100.49 1 1
1 1 3 4 7
7 111.01 1 1 1
1 3 4 6 7
112.24 1 1 1 1
3 4 6 6 101.09
1 1 1 1 3
4 5 7 111.69 1
1 1 1 3 4
5 6 103.82 1 1
1 1 3 4 5
5 98.89 1 1 1
1 3 4 4 7
110.09 1 1 1 1
3 4 4 6 96.75
1 1 1 1 3
4 4 5 104.24 1
1 1 1 3 4
4 4 86.01 1 1
1 1 3 3 7
7 98.89 1 1 1
1 3 3 6 7
98.56 1 1 1 1
3 3 6 6 90.78
1 1 1 1 3
3 5 7 104.4 1
1 1 1 3 3
5 6 77.7 1 1
1 1 3 3 5
5 98.06 1 1 1
1 3 3 4 7
111.82 1 1 1 1
3 3 4 6 104.84
1 1 1 1 3
3 4 5 94.7 1
1 1 1 3 3
4 4 93.36 1 1
1 1 3 3 3
7 103.83 1 1 1
1 3 3 3 6
82.1 1 1 1 1
3 3 3 5 106.4
1 1 1 1 3
3 3 4 80.89 1
1 1 1 3 3
3 3 89.08 1 1
1 1 2 7 7
7 101.03 1 1 1
1 2 6 7 7
102.89 1 1 1 1
2 6 6 7 104.12
1 1 1 1 2
6 6 6 101.26 1
1 1 1 2 5
7 7 112.08 1 1
1 1 2 5 6
7 114.18 1 1 1
1 2 5 6 6
97.65 1 1 1 1
2 5 5 7 111.3
1 1 1 1 2
5 5 6 103.21 1
1 1 1 2 5
5 5 86.88 1 1
1 1 2 4 7
7 97.08 1 1 1
1 2 4 6 7
101.28 1 1 1 1
2 4 6 6 100.29
1 1 1 1 2
4 5 7 110.57 1
1 1 1 2 4
5 6 95.41 1 1
1 1 2 4 5
5 91.43 1 1 1
1 2 4 4 7
103.26 1 1 1 1
2 4 4 6 103.64
1 1 1 1 2
4 4 5 78.87 1
1 1 1 2 4
4 4 121.01 1 1
1 1 2 3 7
7 120.31 1 1 1
1 2 3 6 7
125.33 1 1 1 1
2 3 6 6 119.71
1 1 1 1 2
3 5 7 121 1
1 1 1 2 3
5 6 123.39 1 1
1 1 2 3 5
5 120.28 1 1 1
1 2 3 4 7
120.61 1 1 1 1
2 3 4 6 119.43
1 1 1 1 2
3 4 5 124.42 1
1 1 1 2 3
4 4 118.77 1 1
1 1 2 3 3
7 122.42 1 1 1
1 2 3 3 6
124.09 1 1 1 1
2 3 3 5 117.87
1 1 1 1 2
3 3 4 128.25 1
1 1 1 2 3
3 3 85.9 1 1
1 1 2 2 7
7 99.77 1 1 1
1 2 2 6 7
98.45 1 1 1 1
2 2 6 6 99.01
1 1 1 1 2
2 5 7 112.08 1
1 1 1 2 2
5 6 96.01 1 1
1 1 2 2 5
5 89.99 1 1 1
1 2 2 4 7
104.46 1 1 1 1
2 2 4 6 104.01
1 1 1 1 2
2 4 5 77.98 1
1 1 1 2 2
4 4 119.1 1 1
1 1 2 2 3
7 121.6 1 1 1
1 2 2 3 6
117.99 1 1 1 1
2 2 3 5 124.78
1 1 1 1 2
2 3 4 115.05 1
1 1 1 2 2
3 3 92.88 1 1
1 1 2 2 2
7 104.19 1 1 1
1 2 2 2 6
106.22 1 1 1 1
2 2 2 5 82.46
1 1 1 1 2
2 2 4 128.98 1
1 1 1 2 2
2 3 80.35 1 1
1 1 2 2 2
2 66.49 1 1 1
1 1 7 7 7
80.95 1 1 1 1
1 6 7 7 80.03
1 1 1 1 1
6 6 7 83.57 1
1 1 1 1 6
6 6 75.51 1 1
1 1 1 5 7
7 87.93 1 1 1
1 1 5 6 7
89.06 1 1 1 1
1 5 6 6 76.33
1 1 1 1 1
5 5 7 89.82 1
1 1 1 1 5
5 6 66.51 1 1
1 1 1 5 5
5 75.44 1 1 1
1 1 4 7 7
88.72 1 1 1 1
1 4 6 7 89.45
1 1 1 1 1
4 6 6 84.15 1
1 1 1 1 4
5 7 99.66 1 1
1 1 1 4 5
6 85.62 1 1 1
1 1 4 5 5
75.74 1 1 1 1
1 4 4 7 89.75
1 1 1 1 1
4 4 6 84.79 1
1 1 1 1 4
4 5 66.48 1 1
1 1 1 4 4
4 88.92 1 1 1
1 1 3 7 7
99.67 1 1 1 1
1 3 6 7 101.84
1 1 1 1 1
3 6 6 89.3 1
1 1 1 1 3
5 7 100.09 1 1
1 1 1 3 5
6 81.04 1 1 1
1 1 3 5 5
97.89 1 1 1 1
1 3 4 7 108.83
1 1 1 1 1
3 4 6 98.35 1
1 1 1 1 3
4 5 98.29 1 1
1 1 1 3 4
4 89.5 1 1 1
1 1 3 3 7
102.7 1 1 1 1
1 3 3 6 79.47
1 1 1 1 1
3 3 5 97.98 1
1 1 1 1 3
3 4 84.75 1 1
1 1 1 3 3
3 89.5 1 1 1
1 1 2 7 7
100.29 1 1 1 1
1 2 6 7 102.93
1 1 1 1 1
2 6 6 99.38 1
1 1 1 1 2
5 7 110.24 1 1
1 1 1 2 5
6 99.47 1 1 1
1 1 2 5 5
89.67 1 1 1 1
1 2 4 7 100.12
1 1 1 1 1
2 4 6 99.37 1
1 1 1 1 2
4 5 80.33 1 1
1 1 1 2 4
4 121.19 1 1 1
1 1 2 3 7
120.7 1 1 1 1
1 2 3 6 120.33
1 1 1 1 1
2 3 5 121.47 1
1 1 1 1 2
3 4 120.51 1 1
1 1 1 2 3
3 88.54 1 1 1
1 1 2 2 7
102.55 1 1 1 1
1 2 2 6 97.55
1 1 1 1 1
2 2 5 80.11 1
1 1 1 1 2
2 4 121.48 1 1
1 1 1 2 2
3 84.67 1 1 1
1 1 2 2 2
62.61 1 1 1 1
1 1 7 7 76.17
1 1 1 1 1
1 6 7 75.49 1
1 1 1 1 1
6 6 73.73 1 1
1 1 1 1 5
7 87.39 1 1 1
1 1 1 5 6
61.29 1 1 1 1
1 1 5 5 73.57
1 1 1 1 1
1 4 7 87.73 1
1 1 1 1 1
4 6 85.9 1 1
1 1 1 1 4
5 62.17 1 1 1
1 1 1 4 4
86.86 1 1 1 1
1 1 3 7 98.18
1 1 1 1 1
1 3 6 76.54 1
1 1 1 1 1
3 5 100.01 1 1
1 1 1 1 3
4 74.46 1 1 1
1 1 1 3 3
86.56 1 1 1 1
1 1 2 7 97.6
1 1 1 1 1
1 2 6 98.51 1
1 1 1 1 1
2 5 76.45 1 1
1 1 1 1 2
4 120.5 1 1 1
1 1 1 2 3
75.38 1 1 1 1
1 1 2 2 62.73
1 1 1 1 1
1 1 7 77.37 1
1 1 1 1 1
1 6 62.82 1 1
1 1 1 1 1
5 62.82 1 1 1
1 1 1 1 4
77.29 1 1 1 1
1 1 1 3 77.23
1 1 1 1 1
1 1 2 48.2 1
1 1 1 1 1
1 1
