50 7 7 7 7
7 7 7 7 74.62
6 7 7 7 7
7 7 7 74.33 6
6 7 7 7 7
7 7 74.99 6 6
6 7 7 7 7
7 74.94 6 6 6
6 7 7 7 7
74.99 6 6 6 6
6 7 7 7 74.38
6 6 6 6 6
6 7 7 74.42 6
6 6 6 6 6
6 7 50 6 6
6 6 6 6 6
6 74.43 5 7 7
7 7 7 7 7
98.59 5 6 7 7
7 7 7 7 99.08
5 6 6 7 7
7 7 7 99.44 5
6 6 6 7 7
7 7 99.33 5 6
6 6 6 7 7
7 99.5 5 6 6
6 6 6 7 7
99.18 5 6 6 6
6 6 6 7 98.94
5 6 6 6 6
6 6 6 74.58 5
5 7 7 7 7
7 7 98.89 5 5
6 7 7 7 7
7 99.19 5 5 6
6 7 7 7 7
99.42 5 5 6 6
6 7 7 7 99.49
5 5 6 6 6
6 7 7 99.43 5
5 6 6 6 6
6 7 99 5 5
6 6 6 6 6
6 75 5 5 5
7 7 7 7 7
99.5 5 5 5 6
7 7 7 7 99.54
5 5 5 6 6
7 7 7 99.99 5
5 5 6 6 6
7 7 99.94 5 5
5 6 6 6 6
7 99.97 5 5 5
6 6 6 6 6
74.95 5 5 5 5
7 7 7 7 99.48
5 5 5 5 6
7 7 7 99.46 5
5 5 5 6 6
7 7 99.92 5 5
5 5 6 6 6
7 99.91 5 5 5
5 6 6 6 6
74.98 5 5 5 5
5 7 7 7 99.57
5 5 5 5 5
6 7 7 99.56 5
5 5 5 5 6
6 7 99.95 5 5
5 5 5 6 6
6 74.59 5 5 5
5 5 5 7 7
99.03 5 5 5 5
5 5 6 7 99.13
5 5 5 5 5
5 6 6 74.42 5
5 5 5 5 5
5 7 98.8 5 5
5 5 5 5 5
6 50 5 5 5
5 5 5 5 5
74.44 4 7 7 7
7 7 7 7 98.76
4 6 7 7 7
7 7 7 98.9 4
6 6 7 7 7
7 7 99.49 4 6
6 6 7 7 7
7 99.43 4 6 6
6 6 7 7 7
99.51 4 6 6 6
6 6 7 7 98.85
4 6 6 6 6
6 6 7 99.07 4
6 6 6 6 6
6 6 98.77 4 5
7 7 7 7 7
7 122.93 4 5 6
7 7 7 7 7
123.36 4 5 6 6
7 7 7 7 123.49
4 5 6 6 6
7 7 7 123.62 4
5 6 6 6 6
7 7 123.63 4 5
6 6 6 6 6
7 123.22 4 5 6
6 6 6 6 6
99.12 4 5 5 7
7 7 7 7 123.49
4 5 5 6 7
7 7 7 123.48 4
5 5 6 6 7
7 7 123.85 4 5
5 6 6 6 7
7 124.08 4 5 5
6 6 6 6 7
123.85 4 5 5 6
6 6 6 6 99.57
4 5 5 5 7
7 7 7 123.78 4
5 5 5 6 7
7 7 123.8 4 5
5 5 6 6 7
7 124.44 4 5 5
5 6 6 6 7
124.43 4 5 5 5
6 6 6 6 99.43
4 5 5 5 5
7 7 7 123.77 4
5 5 5 5 6
7 7 123.8 4 5
5 5 5 6 6
7 124.38 4 5 5
5 5 6 6 6
99.52 4 5 5 5
5 5 7 7 123.83
4 5 5 5 5
5 6 7 124.09 4
5 5 5 5 5
6 6 99.18 4 5
5 5 5 5 5
7 123.16 4 5 5
5 5 5 5 6
98.85 4 5 5 5
5 5 5 5 74.44
4 4 7 7 7
7 7 7 98.95 4
4 6 7 7 7
7 7 98.95 4 4
6 6 7 7 7
7 99.44 4 4 6
6 6 7 7 7
99.45 4 4 6 6
6 6 7 7 99.36
4 4 6 6 6
6 6 7 99.01 4
4 6 6 6 6
6 6 99.01 4 4
5 7 7 7 7
7 123.04 4 4 5
6 7 7 7 7
123.47 4 4 5 6
6 7 7 7 124
4 4 5 6 6
6 7 7 123.82 4
4 5 6 6 6
6 7 123.95 4 4
5 6 6 6 6
6 98.92 4 4 5
5 7 7 7 7
123.44 4 4 5 5
6 7 7 7 123.47
4 4 5 5 6
6 7 7 124.05 4
4 5 5 6 6
6 7 123.95 4 4
5 5 6 6 6
6 99.53 4 4 5
5 5 7 7 7
123.89 4 4 5 5
5 6 7 7 123.87
4 4 5 5 5
6 6 7 124.44 4
4 5 5 5 6
6 6 99.56 4 4
5 5 5 5 7
7 124 4 4 5
5 5 5 6 7
123.78 4 4 5 5
5 5 6 6 99.55
4 4 5 5 5
5 5 7 123.99 4
4 5 5 5 5
5 6 99.01 4 4
5 5 5 5 5
5 74.98 4 4 4
7 7 7 7 7
99.5 4 4 4 6
7 7 7 7 99.53
4 4 4 6 6
7 7 7 99.98 4
4 4 6 6 6
7 7 99.93 4 4
4 6 6 6 6
7 99.99 4 4 4
6 6 6 6 6
99.52 4 4 4 5
7 7 7 7 123.74
4 4 4 5 6
7 7 7 123.85 4
4 4 5 6 6
7 7 124.36 4 4
4 5 6 6 6
7 124.41 4 4 4
5 6 6 6 6
99.49 4 4 4 5
5 7 7 7 124.03
4 4 4 5 5
6 7 7 123.98 4
4 4 5 5 6
6 7 124.42 4 4
4 5 5 6 6
6 100 4 4 4
5 5 5 7 7
124.53 4 4 4 5
5 5 6 7 124.66
4 4 4 5 5
5 6 6 99.98 4
4 4 5 5 5
5 7 124.49 4 4
4 5 5 5 5
6 99.97 4 4 4
5 5 5 5 5
74.98 4 4 4 4
7 7 7 7 99.49
4 4 4 4 6
7 7 7 99.48 4
4 4 4 6 6
7 7 99.98 4 4
4 4 6 6 6
7 99.94 4 4 4
4 6 6 6 6
99.47 4 4 4 4
5 7 7 7 123.48
4 4 4 4 5
6 7 7 124.09 4
4 4 4 5 6
6 7 124.61 4 4
4 4 5 6 6
6 99.49 4 4 4
4 5 5 7 7
123.94 4 4 4 4
5 5 6 7 124.07
4 4 4 4 5
5 6 6 99.92 4
4 4 4 5 5
5 7 124.57 4 4
4 4 5 5 5
6 99.9 4 4 4
4 5 5 5 5
74.96 4 4 4 4
4 7 7 7 99.49
4 4 4 4 4
6 7 7 99.43 4
4 4 4 4 6
6 7 99.98 4 4
4 4 4 6 6
6 99.51 4 4 4
4 4 5 7 7
123.91 4 4 4 4
4 5 6 7 124.01
4 4 4 4 4
5 6 6 99.42 4
4 4 4 4 5
5 7 123.94 4 4
4 4 4 5 5
6 99.96 4 4 4
4 4 5 5 5
74.49 4 4 4 4
4 4 7 7 99.05
4 4 4 4 4
4 6 7 98.96 4
4 4 4 4 4
6 6 99.01 4 4
4 4 4 4 5
7 123.5 4 4 4
4 4 4 5 6
98.93 4 4 4 4
4 4 5 5 74.44
4 4 4 4 4
4 4 7 98.83 4
4 4 4 4 4
4 6 99.09 4 4
4 4 4 4 4
5 50 4 4 4
4 4 4 4 4
74.38 3 7 7 7
7 7 7 7 98.87
3 6 7 7 7
7 7 7 98.95 3
6 6 7 7 7
7 7 99.44 3 6
6 6 7 7 7
7 99.57 3 6 6
6 6 7 7 7
98.94 3 6 6 6
6 6 7 7 98.94
3 6 6 6 6
6 6 7 74.53 3
6 6 6 6 6
6 6 98.9 3 5
7 7 7 7 7
7 122.74 3 5 6
7 7 7 7 7
123.49 3 5 6 6
7 7 7 7 123.75
3 5 6 6 6
7 7 7 123.6 3
5 6 6 6 6
7 7 123.25 3 5
6 6 6 6 6
7 123.24 3 5 6
6 6 6 6 6
99.07 3 5 5 7
7 7 7 7 123.27
3 5 5 6 7
7 7 7 123.42 3
5 5 6 6 7
7 7 124.02 3 5
5 6 6 6 7
7 124.02 3 5 5
6 6 6 6 7
123.46 3 5 5 6
6 6 6 6 99.47
3 5 5 5 7
7 7 7 123.56 3
5 5 5 6 7
7 7 123.89 3 5
5 5 6 6 7
7 124.49 3 5 5
5 6 6 6 7
124.44 3 5 5 5
6 6 6 6 99.5
3 5 5 5 5
7 7 7 123.75 3
5 5 5 5 6
7 7 123.96 3 5
5 5 5 6 6
7 124.4 3 5 5
5 5 6 6 6
99.02 3 5 5 5
5 5 7 7 123.08
3 5 5 5 5
5 6 7 123.33 3
5 5 5 5 5
6 6 99.05 3 5
5 5 5 5 5
7 123.23 3 5 5
5 5 5 5 6
74.55 3 5 5 5
5 5 5 5 98.72
3 4 7 7 7
7 7 7 122.95 3
4 6 7 7 7
7 7 123.33 3 4
6 6 7 7 7
7 123.61 3 4 6
6 6 7 7 7
123.67 3 4 6 6
6 6 7 7 123.4
3 4 6 6 6
6 6 7 123.12 3
4 6 6 6 6
6 6 123.2 3 4
5 7 7 7 7
7 147.11 3 4 5
6 7 7 7 7
147.34 3 4 5 6
6 7 7 7 148.14
3 4 5 6 6
6 7 7 147.92 3
4 5 6 6 6
6 7 147.46 3 4
5 6 6 6 6
6 123.35 3 4 5
5 7 7 7 7
147.61 3 4 5 5
6 7 7 7 147.41
3 4 5 5 6
6 7 7 148.32 3
4 5 5 6 6
6 7 148.1 3 4
5 5 6 6 6
6 123.9 3 4 5
5 5 7 7 7
147.89 3 4 5 5
5 6 7 7 148.29
3 4 5 5 5
6 6 7 148.6 3
4 5 5 5 6
6 6 123.76 3 4
5 5 5 5 7
7 148.05 3 4 5
5 5 5 6 7
148.4 3 4 5 5
5 5 6 6 123.17
3 4 5 5 5
5 5 7 147.32 3
4 5 5 5 5
5 6 123.23 3 4
5 5 5 5 5
5 99.17 3 4 4
7 7 7 7 7
123.16 3 4 4 6
7 7 7 7 123.69
3 4 4 6 6
7 7 7 124.01 3
4 4 6 6 6
7 7 124.15 3 4
4 6 6 6 6
7 123.62 3 4 4
6 6 6 6 6
123.28 3 4 4 5
7 7 7 7 146.91
3 4 4 5 6
7 7 7 147.71 3
4 4 5 6 6
7 7 148.07 3 4
4 5 6 6 6
7 148.05 3 4 4
5 6 6 6 6
123.59 3 4 4 5
5 7 7 7 147.67
3 4 4 5 5
6 7 7 147.97 3
4 4 5 5 6
6 7 148.41 3 4
4 5 5 6 6
6 124.15 3 4 4
5 5 5 7 7
148.3 3 4 4 5
5 5 6 7 148.48
3 4 4 5 5
5 6 6 124.04 3
4 4 5 5 5
5 7 148.48 3 4
4 5 5 5 5
6 123.34 3 4 4
5 5 5 5 5
99.48 3 4 4 4
7 7 7 7 123.83
3 4 4 4 6
7 7 7 124.14 3
4 4 4 6 6
7 7 124.46 3 4
4 4 6 6 6
7 124.43 3 4 4
4 6 6 6 6
123.76 3 4 4 4
5 7 7 7 147.65
3 4 4 4 5
6 7 7 148.41 3
4 4 4 5 6
6 7 148.68 3 4
4 4 5 6 6
6 123.96 3 4 4
4 5 5 7 7
148.3 3 4 4 4
5 5 6 7 148.31
3 4 4 4 5
5 6 6 124.47 3
4 4 4 5 5
5 7 148.63 3 4
4 4 5 5 5
6 124.45 3 4 4
4 5 5 5 5
99.69 3 4 4 4
4 7 7 7 123.66
3 4 4 4 4
6 7 7 123.76 3
4 4 4 4 6
6 7 124.43 3 4
4 4 4 6 6
6 123.79 3 4 4
4 4 5 7 7
147.78 3 4 4 4
4 5 6 7 148.34
3 4 4 4 4
5 6 6 123.95 3
4 4 4 4 5
5 7 148.43 3 4
4 4 4 5 5
6 124.5 3 4 4
4 4 5 5 5
99.35 3 4 4 4
4 4 7 7 123.74
3 4 4 4 4
4 6 7 123.84 3
4 4 4 4 4
6 6 123.79 3 4
4 4 4 4 5
7 147.78 3 4 4
4 4 4 5 6
123.81 3 4 4 4
4 4 5 5 98.91
3 4 4 4 4
4 4 7 123.14 3
4 4 4 4 4
4 6 123.47 3 4
4 4 4 4 4
5 98.9 3 4 4
4 4 4 4 4
74.51 3 3 7 7
7 7 7 7 99.05
3 3 6 7 7
7 7 7 98.85 3
3 6 6 7 7
7 7 99.45 3 3
6 6 6 7 7
7 98.87 3 3 6
6 6 6 7 7
99.05 3 3 6 6
6 6 6 7 74.53
3 3 6 6 6
6 6 6 98.94 3
3 5 7 7 7
7 7 123.42 3 3
5 6 7 7 7
7 123.48 3 3 5
6 6 7 7 7
123.93 3 3 5 6
6 6 7 7 123.59
3 3 5 6 6
6 6 7 123.62 3
3 5 6 6 6
6 6 98.72 3 3
5 5 7 7 7
7 123.62 3 3 5
5 6 7 7 7
123.47 3 3 5 5
6 6 7 7 123.9
3 3 5 5 6
6 6 7 123.37 3
3 5 5 6 6
6 6 99.44 3 3
5 5 5 7 7
7 124.11 3 3 5
5 5 6 7 7
124.2 3 3 5 5
5 6 6 7 124.48
3 3 5 5 5
6 6 6 99.06 3
3 5 5 5 5
7 7 123.46 3 3
5 5 5 5 6
7 123.48 3 3 5
5 5 5 6 6
99.08 3 3 5 5
5 5 5 7 123.55
3 3 5 5 5
5 5 6 74.45 3
3 5 5 5 5
5 5 98.82 3 3
4 7 7 7 7
7 123.54 3 3 4
6 7 7 7 7
123.57 3 3 4 6
6 7 7 7 123.92
3 3 4 6 6
6 7 7 123.49 3
3 4 6 6 6
6 7 123.37 3 3
4 6 6 6 6
6 123.38 3 3 4
5 7 7 7 7
147.56 3 3 4 5
6 7 7 7 148.12
3 3 4 5 6
6 7 7 148.29 3
3 4 5 6 6
6 7 148.05 3 3
4 5 6 6 6
6 123.52 3 3 4
5 5 7 7 7
147.79 3 3 4 5
5 6 7 7 147.94
3 3 4 5 5
6 6 7 148.33 3
3 4 5 5 6
6 6 124.1 3 3
4 5 5 5 7
7 148.29 3 3 4
5 5 5 6 7
148.51 3 3 4 5
5 5 6 6 123.41
3 3 4 5 5
5 5 7 148.03 3
3 4 5 5 5
5 6 123.36 3 3
4 5 5 5 5
5 99.17 3 3 4
4 7 7 7 7
123.44 3 3 4 4
6 7 7 7 123.29
3 3 4 4 6
6 7 7 123.92 3
3 4 4 6 6
6 7 123.16 3 3
4 4 6 6 6
6 123.45 3 3 4
4 5 7 7 7
147.75 3 3 4 4
5 6 7 7 148.01
3 3 4 4 5
6 6 7 148.32 3
3 4 4 5 6
6 6 123.61 3 3
4 4 5 5 7
7 148.19 3 3 4
4 5 5 6 7
148.06 3 3 4 4
5 5 6 6 123.87
3 3 4 4 5
5 5 7 148.38 3
3 4 4 5 5
5 6 123.29 3 3
4 4 5 5 5
5 99.47 3 3 4
4 4 7 7 7
124.08 3 3 4 4
4 6 7 7 123.82
3 3 4 4 4
6 6 7 124.41 3
3 4 4 4 6
6 6 123.94 3 3
4 4 4 5 7
7 148.16 3 3 4
4 4 5 6 7
148.48 3 3 4 4
4 5 6 6 123.99
3 3 4 4 4
5 5 7 148.52 3
3 4 4 4 5
5 6 124.45 3 3
4 4 4 5 5
5 99.53 3 3 4
4 4 4 7 7
123.94 3 3 4 4
4 4 6 7 123.95
3 3 4 4 4
4 6 6 123.81 3
3 4 4 4 4
5 7 148.16 3 3
4 4 4 4 5
6 123.76 3 3 4
4 4 4 5 5
99.35 3 3 4 4
4 4 4 7 123.76
3 3 4 4 4
4 4 6 123.91 3
3 4 4 4 4
4 5 98.84 3 3
4 4 4 4 4
4 74.98 3 3 3
7 7 7 7 7
99.32 3 3 3 6
7 7 7 7 99.43
3 3 3 6 6
7 7 7 99.56 3
3 3 6 6 6
7 7 99.56 3 3
3 6 6 6 6
7 74.99 3 3 3
6 6 6 6 6
99.46 3 3 3 5
7 7 7 7 123.53
3 3 3 5 6
7 7 7 123.9 3
3 3 5 6 6
7 7 123.79 3 3
3 5 6 6 6
7 123.86 3 3 3
5 6 6 6 6
99.59 3 3 3 5
5 7 7 7 124.04
3 3 3 5 5
6 7 7 123.98 3
3 3 5 5 6
6 7 123.93 3 3
3 5 5 6 6
6 99.44 3 3 3
5 5 5 7 7
123.89 3 3 3 5
5 5 6 7 124.08
3 3 3 5 5
5 6 6 99.39 3
3 3 5 5 5
5 7 123.92 3 3
3 5 5 5 5
6 75 3 3 3
5 5 5 5 5
99.51 3 3 3 4
7 7 7 7 123.93
3 3 3 4 6
7 7 7 123.82 3
3 3 4 6 6
7 7 123.92 3 3
3 4 6 6 6
7 123.92 3 3 3
4 6 6 6 6
124.04 3 3 3 4
5 7 7 7 148.31
3 3 3 4 5
6 7 7 148.56 3
3 3 4 5 6
6 7 148.35 3 3
3 4 5 6 6
6 124.05 3 3 3
4 5 5 7 7
148.35 3 3 3 4
5 5 6 7 148.45
3 3 3 4 5
5 6 6 123.99 3
3 3 4 5 5
5 7 148.37 3 3
3 4 5 5 5
6 123.98 3 3 3
4 5 5 5 5
99.53 3 3 3 4
4 7 7 7 123.99
3 3 3 4 4
6 7 7 123.99 3
3 3 4 4 6
6 7 124.05 3 3
3 4 4 6 6
6 123.93 3 3 3
4 4 5 7 7
148.23 3 3 3 4
4 5 6 7 148.32
3 3 3 4 4
5 6 6 124.02 3
3 3 4 4 5
5 7 148.38 3 3
3 4 4 5 5
6 124.14 3 3 3
4 4 5 5 5
99.97 3 3 3 4
4 4 7 7 124.59
3 3 3 4 4
4 6 7 124.24 3
3 3 4 4 4
6 6 124.55 3 3
3 4 4 4 5
7 148.76 3 3 3
4 4 4 5 6
124.47 3 3 3 4
4 4 5 5 99.97
3 3 3 4 4
4 4 7 124.3 3
3 3 4 4 4
4 6 124.48 3 3
3 4 4 4 4
5 99.95 3 3 3
4 4 4 4 4
74.98 3 3 3 3
7 7 7 7 99.56
3 3 3 3 6
7 7 7 99.2 3
3 3 3 6 6
7 7 99.46 3 3
3 3 6 6 6
7 74.98 3 3 3
3 6 6 6 6
99.46 3 3 3 3
5 7 7 7 123.81
3 3 3 3 5
6 7 7 123.53 3
3 3 3 5 6
6 7 123.97 3 3
3 3 5 6 6
6 98.83 3 3 3
3 5 5 7 7
123.7 3 3 3 3
5 5 6 7 123.09
3 3 3 3 5
5 6 6 99.38 3
3 3 3 5 5
5 7 123.93 3 3
3 3 5 5 5
6 74.96 3 3 3
3 5 5 5 5
99.54 3 3 3 3
4 7 7 7 123.88
3 3 3 3 4
6 7 7 123.5 3
3 3 3 4 6
6 7 123.85 3 3
3 3 4 6 6
6 124.01 3 3 3
3 4 5 7 7
148.07 3 3 3 3
4 5 6 7 147.84
3 3 3 3 4
5 6 6 123.6 3
3 3 3 4 5
5 7 147.96 3 3
3 3 4 5 5
6 123.82 3 3 3
3 4 5 5 5
99.58 3 3 3 3
4 4 7 7 124.1
3 3 3 3 4
4 6 7 123.72 3
3 3 3 4 4
6 6 123.97 3 3
3 3 4 4 5
7 148.23 3 3 3
3 4 4 5 6
123.52 3 3 3 3
4 4 5 5 99.96
3 3 3 3 4
4 4 7 124.38 3
3 3 3 4 4
4 6 124.49 3 3
3 3 4 4 4
5 99.96 3 3 3
3 4 4 4 4
75 3 3 3 3
3 7 7 7 99.01
3 3 3 3 3
6 7 7 98.92 3
3 3 3 3 6
6 7 75 3 3
3 3 3 6 6
6 99.02 3 3 3
3 3 5 7 7
122.97 3 3 3 3
3 5 6 7 123.14
3 3 3 3 3
5 6 6 98.94 3
3 3 3 3 5
5 7 122.97 3 3
3 3 3 5 5
6 74.99 3 3 3
3 3 5 5 5
99.56 3 3 3 3
3 4 7 7 123.38
3 3 3 3 3
4 6 7 123.36 3
3 3 3 3 4
6 6 123.35 3 3
3 3 3 4 5
7 147.59 3 3 3
3 3 4 5 6
123.38 3 3 3 3
3 4 5 5 99.5
3 3 3 3 3
4 4 7 123.36 3
3 3 3 3 4
4 6 123.42 3 3
3 3 3 4 4
5 99.93 3 3 3
3 3 4 4 4
74.51 3 3 3 3
3 3 7 7 98.68
3 3 3 3 3
3 6 7 74.54 3
3 3 3 3 3
6 6 98.55 3 3
3 3 3 3 5
7 123.07 3 3 3
3 3 3 5 6
74.43 3 3 3 3
3 3 5 5 98.95
3 3 3 3 3
3 4 7 123.2 3
3 3 3 3 3
4 6 123.18 3 3
3 3 3 3 4
5 98.91 3 3 3
3 3 3 4 4
74.53 3 3 3 3
3 3 3 7 74.61
3 3 3 3 3
3 3 6 74.54 3
3 3 3 3 3
3 5 99.1 3 3
3 3 3 3 3
4 50 3 3 3
3 3 3 3 3
74.53 2 7 7 7
7 7 7 7 98.88
2 6 7 7 7
7 7 7 99.01 2
6 6 7 7 7
7 7 99.45 2 6
6 6 7 7 7
7 99.42 2 6 6
6 6 7 7 7
99.11 2 6 6 6
6 6 7 7 98.96
2 6 6 6 6
6 6 7 74.39 2
6 6 6 6 6
6 6 98.8 2 5
7 7 7 7 7
7 123.07 2 5 6
7 7 7 7 7
123.23 2 5 6 6
7 7 7 7 123.88
2 5 6 6 6
7 7 7 123.74 2
5 6 6 6 6
7 7 123.36 2 5
6 6 6 6 6
7 123.36 2 5 6
6 6 6 6 6
98.79 2 5 5 7
7 7 7 7 123.27
2 5 5 6 7
7 7 7 123.31 2
5 5 6 6 7
7 7 123.99 2 5
5 6 6 6 7
7 123.92 2 5 5
6 6 6 6 7
123.55 2 5 5 6
6 6 6 6 99.49
2 5 5 5 7
7 7 7 123.55 2
5 5 5 6 7
7 7 123.99 2 5
5 5 6 6 7
7 124.46 2 5 5
5 6 6 6 7
124.45 2 5 5 5
6 6 6 6 99.46
2 5 5 5 5
7 7 7 123.6 2
5 5 5 5 6
7 7 123.99 2 5
5 5 5 6 6
7 124.43 2 5 5
5 5 6 6 6
99.5 2 5 5 5
5 5 7 7 123.66
2 5 5 5 5
5 6 7 124 2
5 5 5 5 5
6 6 98.99 2 5
5 5 5 5 5
7 123.32 2 5 5
5 5 5 5 6
99 2 5 5 5
5 5 5 5 98.65
2 4 7 7 7
7 7 7 122.77 2
4 6 7 7 7
7 7 123.21 2 4
6 6 7 7 7
7 123.86 2 4 6
6 6 7 7 7
123.82 2 4 6 6
6 6 7 7 123.16
2 4 6 6 6
6 6 7 123.08 2
4 6 6 6 6
6 6 123.01 2 4
5 7 7 7 7
7 147.06 2 4 5
6 7 7 7 7
147.64 2 4 5 6
6 7 7 7 148.13
2 4 5 6 6
6 7 7 147.82 2
4 5 6 6 6
6 7 147.6 2 4
5 6 6 6 6
6 123.16 2 4 5
5 7 7 7 7
147.61 2 4 5 5
6 7 7 7 147.52
2 4 5 5 6
6 7 7 148.23 2
4 5 5 6 6
6 7 148.42 2 4
5 5 6 6 6
6 123.75 2 4 5
5 5 7 7 7
147.71 2 4 5 5
5 6 7 7 148.22
2 4 5 5 5
6 6 7 148.69 2
4 5 5 5 6
6 6 123.78 2 4
5 5 5 5 7
7 147.85 2 4 5
5 5 5 6 7
148.17 2 4 5 5
5 5 6 6 123.64
2 4 5 5 5
5 5 7 147.57 2
4 5 5 5 5
5 6 123.17 2 4
5 5 5 5 5
5 98.94 2 4 4
7 7 7 7 7
123.06 2 4 4 6
7 7 7 7 123.54
2 4 4 6 6
7 7 7 124.02 2
4 4 6 6 6
7 7 123.89 2 4
4 6 6 6 6
7 123.31 2 4 4
6 6 6 6 6
123.35 2 4 4 5
7 7 7 7 147.69
2 4 4 5 6
7 7 7 147.74 2
4 4 5 6 6
7 7 148.46 2 4
4 5 6 6 6
7 148.24 2 4 4
5 6 6 6 6
123.6 2 4 4 5
5 7 7 7 147.73
2 4 4 5 5
6 7 7 147.9 2
4 4 5 5 6
6 7 148.4 2 4
4 5 5 6 6
6 123.91 2 4 4
5 5 5 7 7
148.29 2 4 4 5
5 5 6 7 148.56
2 4 4 5 5
5 6 6 123.99 2
4 4 5 5 5
5 7 148.19 2 4
4 5 5 5 5
6 123.91 2 4 4
5 5 5 5 5
99.29 2 4 4 4
7 7 7 7 123.48
2 4 4 4 6
7 7 7 124.26 2
4 4 4 6 6
7 7 124.46 2 4
4 4 6 6 6
7 124.5 2 4 4
4 6 6 6 6
123.83 2 4 4 4
5 7 7 7 147.81
2 4 4 4 5
6 7 7 148.12 2
4 4 4 5 6
6 7 148.69 2 4
4 4 5 6 6
6 124.06 2 4 4
4 5 5 7 7
148.14 2 4 4 4
5 5 6 7 148.51
2 4 4 4 5
5 6 6 124.5 2
4 4 4 5 5
5 7 148.74 2 4
4 4 5 5 5
6 124.47 2 4 4
4 5 5 5 5
99.54 2 4 4 4
4 7 7 7 123.59
2 4 4 4 4
6 7 7 123.87 2
4 4 4 4 6
6 7 124.6 2 4
4 4 4 6 6
6 123.71 2 4 4
4 4 5 7 7
147.92 2 4 4 4
4 5 6 7 148.18
2 4 4 4 4
5 6 6 123.8 2
4 4 4 4 5
5 7 148.14 2 4
4 4 4 5 5
6 124.56 2 4 4
4 4 5 5 5
99 2 4 4 4
4 4 7 7 123.04
2 4 4 4 4
4 6 7 123.34 2
4 4 4 4 4
6 6 123.34 2 4
4 4 4 4 5
7 147.39 2 4 4
4 4 4 5 6
123.35 2 4 4 4
4 4 5 5 98.96
2 4 4 4 4
4 4 7 123.41 2
4 4 4 4 4
4 6 123.37 2 4
4 4 4 4 4
5 74.67 2 4 4
4 4 4 4 4
122.97 2 3 7 7
7 7 7 7 123.13
2 3 6 7 7
7 7 7 123.74 2
3 6 6 7 7
7 7 123.74 2 3
6 6 6 7 7
7 123.24 2 3 6
6 6 6 7 7
123.23 2 3 6 6
6 6 6 7 99.07
2 3 6 6 6
6 6 6 147.07 2
3 5 7 7 7
7 7 147.15 2 3
5 6 7 7 7
7 147.82 2 3 5
6 6 7 7 7
148.02 2 3 5 6
6 6 7 7 147.21
2 3 5 6 6
6 6 7 147.29 2
3 5 6 6 6
6 6 147.48 2 3
5 5 7 7 7
7 147.68 2 3 5
5 6 7 7 7
148.24 2 3 5 5
6 6 7 7 148.23
2 3 5 5 6
6 6 7 147.57 2
3 5 5 6 6
6 6 148 2 3
5 5 5 7 7
7 147.82 2 3 5
5 5 6 7 7
148.6 2 3 5 5
5 6 6 7 148.73
2 3 5 5 5
6 6 6 147.8 2
3 5 5 5 5
7 7 147.85 2 3
5 5 5 5 6
7 148.68 2 3 5
5 5 5 6 6
147.54 2 3 5 5
5 5 5 7 147.43
2 3 5 5 5
5 5 6 147.22 2
3 5 5 5 5
5 5 146.99 2 3
4 7 7 7 7
7 147.12 2 3 4
6 7 7 7 7
148 2 3 4 6
6 7 7 7 148.18
2 3 4 6 6
6 7 7 147.52 2
3 4 6 6 6
6 7 147.71 2 3
4 6 6 6 6
6 171.25 2 3 4
5 7 7 7 7
171.4 2 3 4 5
6 7 7 7 172.06
2 3 4 5 6
6 7 7 172.37 2
3 4 5 6 6
6 7 171.77 2 3
4 5 6 6 6
6 171.51 2 3 4
5 5 7 7 7
171.7 2 3 4 5
5 6 7 7 172.58
2 3 4 5 5
6 6 7 172.57 2
3 4 5 5 6
6 6 172.16 2 3
4 5 5 5 7
7 172.11 2 3 4
5 5 5 6 7
172.89 2 3 4 5
5 5 6 6 171.81
2 3 4 5 5
5 5 7 172.15 2
3 4 5 5 5
5 6 171.55 2 3
4 5 5 5 5
5 147.64 2 3 4
4 7 7 7 7
147.18 2 3 4 4
6 7 7 7 148.07
2 3 4 4 6
6 7 7 148.35 2
3 4 4 6 6
6 7 147.68 2 3
4 4 6 6 6
6 171.43 2 3 4
4 5 7 7 7
171.73 2 3 4 4
5 6 7 7 172.49
2 3 4 4 5
6 6 7 172.7 2
3 4 4 5 6
6 6 171.85 2 3
4 4 5 5 7
7 171.89 2 3 4
4 5 5 6 7
172.93 2 3 4 4
5 5 6 6 172.81
2 3 4 4 5
5 5 7 172.35 2
3 4 4 5 5
5 6 172.14 2 3
4 4 5 5 5
5 148.01 2 3 4
4 4 7 7 7
147.85 2 3 4 4
4 6 7 7 148.74
2 3 4 4 4
6 6 7 148.87 2
3 4 4 4 6
6 6 171.78 2 3
4 4 4 5 7
7 172.3 2 3 4
4 4 5 6 7
172.97 2 3 4 4
4 5 6 6 172.61
2 3 4 4 4
5 5 7 172.57 2
3 4 4 4 5
5 6 172.84 2 3
4 4 4 5 5
5 147.95 2 3 4
4 4 4 7 7
147.89 2 3 4 4
4 4 6 7 148.73
2 3 4 4 4
4 6 6 171.78 2
3 4 4 4 4
5 7 172.11 2 3
4 4 4 4 5
6 172.36 2 3 4
4 4 4 5 5
147.73 2 3 4 4
4 4 4 7 147.41
2 3 4 4 4
4 4 6 171.95 2
3 4 4 4 4
4 5 147.5 2 3
4 4 4 4 4
4 123.16 2 3 3
7 7 7 7 7
123.6 2 3 3 6
7 7 7 7 123.81
2 3 3 6 6
7 7 7 123.54 2
3 3 6 6 6
7 7 123.55 2 3
3 6 6 6 6
7 98.86 2 3 3
6 6 6 6 6
147.2 2 3 3 5
7 7 7 7 147.91
2 3 3 5 6
7 7 7 148.46 2
3 3 5 6 6
7 7 147.84 2 3
3 5 6 6 6
7 147.92 2 3 3
5 6 6 6 6
147.46 2 3 3 5
5 7 7 7 147.82
2 3 3 5 5
6 7 7 148.24 2
3 3 5 5 6
6 7 147.68 2 3
3 5 5 6 6
6 148.19 2 3 3
5 5 5 7 7
148.32 2 3 3 5
5 5 6 7 149.05
2 3 3 5 5
5 6 6 147.49 2
3 3 5 5 5
5 7 147.93 2 3
3 5 5 5 5
6 147.64 2 3 3
5 5 5 5 5
147.27 2 3 3 4
7 7 7 7 147.73
2 3 3 4 6
7 7 7 148.16 2
3 3 4 6 6
7 7 147.73 2 3
3 4 6 6 6
7 147.72 2 3 3
4 6 6 6 6
171.66 2 3 3 4
5 7 7 7 172.17
2 3 3 4 5
6 7 7 172.75 2
3 3 4 5 6
6 7 172.04 2 3
3 4 5 6 6
6 171.86 2 3 3
4 5 5 7 7
172.04 2 3 3 4
5 5 6 7 172.81
2 3 3 4 5
5 6 6 172.48 2
3 3 4 5 5
5 7 172.82 2 3
3 4 5 5 5
6 171.75 2 3 3
4 5 5 5 5
147.43 2 3 3 4
4 7 7 7 148.06
2 3 3 4 4
6 7 7 148.49 2
3 3 4 4 6
6 7 148.13 2 3
3 4 4 6 6
6 171.61 2 3 3
4 4 5 7 7
172.33 2 3 3 4
4 5 6 7 173.02
2 3 3 4 4
5 6 6 172.04 2
3 3 4 4 5
5 7 172.7 2 3
3 4 4 5 5
6 172.28 2 3 3
4 4 5 5 5
148.15 2 3 3 4
4 4 7 7 148.41
2 3 3 4 4
4 6 7 148.99 2
3 3 4 4 4
6 6 172.32 2 3
3 4 4 4 5
7 172.8 2 3 3
4 4 4 5 6
172.66 2 3 3 4
4 4 5 5 147.83
2 3 3 4 4
4 4 7 148.47 2
3 3 4 4 4
4 6 172.13 2 3
3 4 4 4 4
5 147.61 2 3 3
4 4 4 4 4
123.95 2 3 3 3
7 7 7 7 123.91
2 3 3 3 6
7 7 7 123.93 2
3 3 3 6 6
7 7 123.99 2 3
3 3 6 6 6
7 99.42 2 3 3
3 6 6 6 6
148.03 2 3 3 3
5 7 7 7 148.38
2 3 3 3 5
6 7 7 148.47 2
3 3 3 5 6
6 7 148.51 2 3
3 3 5 6 6
6 148.3 2 3 3
3 5 5 7 7
148.59 2 3 3 3
5 5 6 7 148.48
2 3 3 3 5
5 6 6 148.47 2
3 3 3 5 5
5 7 148.32 2 3
3 3 5 5 5
6 148.59 2 3 3
3 5 5 5 5
148.19 2 3 3 3
4 7 7 7 148.09
2 3 3 3 4
6 7 7 148.19 2
3 3 3 4 6
6 7 148.3 2 3
3 3 4 6 6
6 172.84 2 3 3
3 4 5 7 7
172.71 2 3 3 3
4 5 6 7 172.55
2 3 3 3 4
5 6 6 172.82 2
3 3 3 4 5
5 7 172.88 2 3
3 3 4 5 5
6 172.76 2 3 3
3 4 5 5 5
148.28 2 3 3 3
4 4 7 7 148.68
2 3 3 3 4
4 6 7 148.05 2
3 3 3 4 4
6 6 172.59 2 3
3 3 4 4 5
7 172.71 2 3 3
3 4 4 5 6
173.01 2 3 3 3
4 4 5 5 148.72
2 3 3 3 4
4 4 7 148.95 2
3 3 3 4 4
4 6 173.17 2 3
3 3 4 4 4
5 148.81 2 3 3
3 4 4 4 4
123.91 2 3 3 3
3 7 7 7 123.32
2 3 3 3 3
6 7 7 124.04 2
3 3 3 3 6
6 7 99.53 2 3
3 3 3 6 6
6 148.23 2 3 3
3 3 5 7 7
148.03 2 3 3 3
3 5 6 7 148.53
2 3 3 3 3
5 6 6 147.94 2
3 3 3 3 5
5 7 147.64 2 3
3 3 3 5 5
6 148.48 2 3 3
3 3 5 5 5
148.41 2 3 3 3
3 4 7 7 147.37
2 3 3 3 3
4 6 7 148.26 2
3 3 3 3 4
6 6 172.43 2 3
3 3 3 4 5
7 172.02 2 3 3
3 3 4 5 6
172.34 2 3 3 3
3 4 5 5 148.54
2 3 3 3 3
4 4 7 148.02 2
3 3 3 3 4
4 6 172.89 2 3
3 3 3 4 4
5 149.05 2 3 3
3 3 4 4 4
123.41 2 3 3 3
3 3 7 7 123.35
2 3 3 3 3
3 6 7 99.42 2
3 3 3 3 3
6 6 147.76 2 3
3 3 3 3 5
7 147.47 2 3 3
3 3 3 5 6
147.54 2 3 3 3
3 3 5 5 147.71
2 3 3 3 3
3 4 7 147.95 2
3 3 3 3 3
4 6 171.97 2 3
3 3 3 3 4
5 147.96 2 3 3
3 3 3 4 4
123.32 2 3 3 3
3 3 3 7 99.08
2 3 3 3 3
3 3 6 147.71 2
3 3 3 3 3
3 5 147.72 2 3
3 3 3 3 3
4 99.05 2 3 3
3 3 3 3 3
74.72 2 2 7 7
7 7 7 7 99.25
2 2 6 7 7
7 7 7 98.91 2
2 6 6 7 7
7 7 99.5 2 2
6 6 6 7 7
7 98.97 2 2 6
6 6 6 7 7
99.26 2 2 6 6
6 6 6 7 74.48
2 2 6 6 6
6 6 6 99.04 2
2 5 7 7 7
7 7 123.31 2 2
5 6 7 7 7
7 123.41 2 2 5
6 6 7 7 7
124.03 2 2 5 6
6 6 7 7 123.5
2 2 5 6 6
6 6 7 123.47 2
2 5 6 6 6
6 6 98.89 2 2
5 5 7 7 7
7 123.36 2 2 5
5 6 7 7 7
123.44 2 2 5 5
6 6 7 7 123.93
2 2 5 5 6
6 6 7 123.62 2
2 5 5 6 6
6 6 99.51 2 2
5 5 5 7 7
7 123.8 2 2 5
5 5 6 7 7
123.93 2 2 5 5
5 6 6 7 124.33
2 2 5 5 5
6 6 6 99.46 2
2 5 5 5 5
7 7 123.73 2 2
5 5 5 5 6
7 123.81 2 2 5
5 5 5 6 6
99.4 2 2 5 5
5 5 5 7 123.95
2 2 5 5 5
5 5 6 99.03 2
2 5 5 5 5
5 5 98.92 2 2
4 7 7 7 7
7 123.22 2 2 4
6 7 7 7 7
123.49 2 2 4 6
6 7 7 7 123.81
2 2 4 6 6
6 7 7 123.62 2
2 4 6 6 6
6 7 123.3 2 2
4 6 6 6 6
6 123.48 2 2 4
5 7 7 7 7
147.74 2 2 4 5
6 7 7 7 147.98
2 2 4 5 6
6 7 7 148.24 2
2 4 5 6 6
6 7 148.12 2 2
4 5 6 6 6
6 123.44 2 2 4
5 5 7 7 7
147.78 2 2 4 5
5 6 7 7 147.96
2 2 4 5 5
6 6 7 148.3 2
2 4 5 5 6
6 6 123.95 2 2
4 5 5 5 7
7 148.2 2 2 4
5 5 5 6 7
148.4 2 2 4 5
5 5 6 6 123.97
2 2 4 5 5
5 5 7 148.24 2
2 4 5 5 5
5 6 124.05 2 2
4 5 5 5 5
5 98.97 2 2 4
4 7 7 7 7
123.46 2 2 4 4
6 7 7 7 123.37
2 2 4 4 6
6 7 7 123.85 2
2 4 4 6 6
6 7 123.41 2 2
4 4 6 6 6
6 123.52 2 2 4
4 5 7 7 7
147.82 2 2 4 4
5 6 7 7 148.15
2 2 4 4 5
6 6 7 148.53 2
2 4 4 5 6
6 6 123.68 2 2
4 4 5 5 7
7 148.07 2 2 4
4 5 5 6 7
147.86 2 2 4 4
5 5 6 6 123.81
2 2 4 4 5
5 5 7 148.33 2
2 4 4 5 5
5 6 123.94 2 2
4 4 5 5 5
5 99.42 2 2 4
4 4 7 7 7
124.03 2 2 4 4
4 6 7 7 123.79
2 2 4 4 4
6 6 7 124.3 2
2 4 4 4 6
6 6 124.1 2 2
4 4 4 5 7
7 148.59 2 2 4
4 4 5 6 7
148.51 2 2 4 4
4 5 6 6 124.09
2 2 4 4 4
5 5 7 148.5 2
2 4 4 4 5
5 6 124.51 2 2
4 4 4 5 5
5 98.99 2 2 4
4 4 4 7 7
123.54 2 2 4 4
4 4 6 7 123.6
2 2 4 4 4
4 6 6 123.53 2
2 4 4 4 4
5 7 147.96 2 2
4 4 4 4 5
6 123.71 2 2 4
4 4 4 5 5
99.08 2 2 4 4
4 4 4 7 123.45
2 2 4 4 4
4 4 6 123.5 2
2 4 4 4 4
4 5 74.71 2 2
4 4 4 4 4
4 123.14 2 2 3
7 7 7 7 7
123.55 2 2 3 6
7 7 7 7 123.99
2 2 3 6 6
7 7 7 123.31 2
2 3 6 6 6
7 7 123.49 2 2
3 6 6 6 6
7 99.09 2 2 3
6 6 6 6 6
147.25 2 2 3 5
7 7 7 7 147.94
2 2 3 5 6
7 7 7 148.32 2
2 3 5 6 6
7 7 147.74 2 2
3 5 6 6 6
7 147.84 2 2 3
5 6 6 6 6
147.4 2 2 3 5
5 7 7 7 148.04
2 2 3 5 5
6 7 7 148.4 2
2 3 5 5 6
6 7 147.83 2 2
3 5 5 6 6
6 148.02 2 2 3
5 5 5 7 7
148.67 2 2 3 5
5 5 6 7 148.87
2 2 3 5 5
5 6 6 147.87 2
2 3 5 5 5
5 7 148.35 2 2
3 5 5 5 5
6 147.49 2 2 3
5 5 5 5 5
147.42 2 2 3 4
7 7 7 7 148.35
2 2 3 4 6
7 7 7 148.44 2
2 3 4 6 6
7 7 148.03 2 2
3 4 6 6 6
7 147.7 2 2 3
4 6 6 6 6
171.74 2 2 3 4
5 7 7 7 172.28
2 2 3 4 5
6 7 7 172.91 2
2 3 4 5 6
6 7 171.9 2 2
3 4 5 6 6
6 171.83 2 2 3
4 5 5 7 7
172.52 2 2 3 4
5 5 6 7 172.9
2 2 3 4 5
5 6 6 172.39 2
2 3 4 5 5
5 7 173.04 2 2
3 4 5 5 5
6 172.22 2 2 3
4 5 5 5 5
147.44 2 2 3 4
4 7 7 7 148.26
2 2 3 4 4
6 7 7 148.51 2
2 3 4 4 6
6 7 147.96 2 2
3 4 4 6 6
6 171.8 2 2 3
4 4 5 7 7
172.34 2 2 3 4
4 5 6 7 172.9
2 2 3 4 4
5 6 6 171.94 2
2 3 4 4 5
5 7 172.23 2 2
3 4 4 5 5
6 172.6 2 2 3
4 4 5 5 5
147.85 2 2 3 4
4 4 7 7 148.67
2 2 3 4 4
4 6 7 148.88 2
2 3 4 4 4
6 6 172.37 2 2
3 4 4 4 5
7 172.58 2 2 3
4 4 4 5 6
172.49 2 2 3 4
4 4 5 5 147.53
2 2 3 4 4
4 4 7 147.93 2
2 3 4 4 4
4 6 171.66 2 2
3 4 4 4 4
5 147.46 2 2 3
4 4 4 4 4
122.88 2 2 3 3
7 7 7 7 124.02
2 2 3 3 6
7 7 7 123.29 2
2 3 3 6 6
7 7 123.56 2 2
3 3 6 6 6
7 98.93 2 2 3
3 6 6 6 6
147.6 2 2 3 3
5 7 7 7 148.37
2 2 3 3 5
6 7 7 147.95 2
2 3 3 5 6
6 7 148.13 2 2
3 3 5 6 6
6 147.55 2 2 3
3 5 5 7 7
148.39 2 2 3 3
5 5 6 7 147.85
2 2 3 3 5
5 6 6 148.05 2
2 3 3 5 5
5 7 149 2 2
3 3 5 5 5
6 147.61 2 2 3
3 5 5 5 5
147.63 2 2 3 3
4 7 7 7 148.35
2 2 3 3 4
6 7 7 147.91 2
2 3 3 4 6
6 7 147.96 2 2
3 3 4 6 6
6 171.9 2 2 3
3 4 5 7 7
173.1 2 2 3 3
4 5 6 7 172.48
2 2 3 3 4
5 6 6 171.82 2
2 3 3 4 5
5 7 172.79 2 2
3 3 4 5 5
6 172.35 2 2 3
3 4 5 5 5
147.54 2 2 3 3
4 4 7 7 148.48
2 2 3 3 4
4 6 7 147.85 2
2 3 3 4 4
6 6 171.97 2 2
3 3 4 4 5
7 172.96 2 2 3
3 4 4 5 6
172.1 2 2 3 3
4 4 5 5 147.81
2 2 3 3 4
4 4 7 148.82 2
2 3 3 4 4
4 6 172.32 2 2
3 3 4 4 4
5 147.55 2 2 3
3 4 4 4 4
123.9 2 2 3 3
3 7 7 7 123.97
2 2 3 3 3
6 7 7 123.86 2
2 3 3 3 6
6 7 99.5 2 2
3 3 3 6 6
6 148.3 2 2 3
3 3 5 7 7
148.45 2 2 3 3
3 5 6 7 148.38
2 2 3 3 3
5 6 6 148.54 2
2 3 3 3 5
5 7 148.39 2 2
3 3 3 5 5
6 148.35 2 2 3
3 3 5 5 5
148.34 2 2 3 3
3 4 7 7 148.36
2 2 3 3 3
4 6 7 148.53 2
2 3 3 3 4
6 6 173.01 2 2
3 3 3 4 5
7 172.81 2 2 3
3 3 4 5 6
173.03 2 2 3 3
3 4 5 5 148.57
2 2 3 3 3
4 4 7 148.58 2
2 3 3 3 4
4 6 172.86 2 2
3 3 3 4 4
5 149.08 2 2 3
3 3 4 4 4
123.28 2 2 3 3
3 3 7 7 124
2 2 3 3 3
3 6 7 99.51 2
2 3 3 3 3
6 6 148.14 2 2
3 3 3 3 5
7 148.45 2 2 3
3 3 3 5 6
147.34 2 2 3 3
3 3 5 5 148.14
2 2 3 3 3
3 4 7 148.5 2
2 3 3 3 3
4 6 172.16 2 2
3 3 3 3 4
5 147.8 2 2 3
3 3 3 4 4
123.46 2 2 3 3
3 3 3 7 99.47
2 2 3 3 3
3 3 6 147.4 2
2 3 3 3 3
3 5 147.99 2 2
3 3 3 3 3
4 99.16 2 2 3
3 3 3 3 3
74.98 2 2 2 7
7 7 7 7 99.53
2 2 2 6 7
7 7 7 99.58 2
2 2 6 6 7
7 7 99.43 2 2
2 6 6 6 7
7 99.5 2 2 2
6 6 6 6 7
74.99 2 2 2 6
6 6 6 6 99.53
2 2 2 5 7
7 7 7 123.87 2
2 2 5 6 7
7 7 123.81 2 2
2 5 6 6 7
7 124.09 2 2 2
5 6 6 6 7
123.85 2 2 2 5
6 6 6 6 99.52
2 2 2 5 5
7 7 7 124.11 2
2 2 5 5 6
7 7 123.97 2 2
2 5 5 6 6
7 123.93 2 2 2
5 5 6 6 6
99.96 2 2 2 5
5 5 7 7 124.4
2 2 2 5 5
5 6 7 124.51 2
2 2 5 5 5
6 6 99.94 2 2
2 5 5 5 5
7 124.47 2 2 2
5 5 5 5 6
99.98 2 2 2 5
5 5 5 5 99.5
2 2 2 4 7
7 7 7 123.69 2
2 2 4 6 7
7 7 123.74 2 2
2 4 6 6 7
7 123.91 2 2 2
4 6 6 6 7
124 2 2 2 4
6 6 6 6 124.03
2 2 2 4 5
7 7 7 148.3 2
2 2 4 5 6
7 7 148.29 2 2
2 4 5 6 6
7 148.35 2 2 2
4 5 6 6 6
124.03 2 2 2 4
5 5 7 7 148.25
2 2 2 4 5
5 6 7 148.4 2
2 2 4 5 5
6 6 124.53 2 2
2 4 5 5 5
7 148.6 2 2 2
4 5 5 5 6
124.29 2 2 2 4
5 5 5 5 99.55
2 2 2 4 4
7 7 7 123.77 2
2 2 4 4 6
7 7 123.96 2 2
2 4 4 6 6
7 123.99 2 2 2
4 4 6 6 6
124.03 2 2 2 4
4 5 7 7 148.42
2 2 2 4 4
5 6 7 148.49 2
2 2 4 4 5
6 6 123.9 2 2
2 4 4 5 5
7 148.45 2 2 2
4 4 5 5 6
124.52 2 2 2 4
4 5 5 5 99.48
2 2 2 4 4
4 7 7 123.96 2
2 2 4 4 4
6 7 123.94 2 2
2 4 4 4 6
6 123.93 2 2 2
4 4 4 5 7
148.39 2 2 2 4
4 4 5 6 124
2 2 2 4 4
4 5 5 99.59 2
2 2 4 4 4
4 7 123.96 2 2
2 4 4 4 4
6 123.98 2 2 2
4 4 4 4 5
74.98 2 2 2 4
4 4 4 4 124.04
2 2 2 3 7
7 7 7 123.78 2
2 2 3 6 7
7 7 123.96 2 2
2 3 6 6 7
7 124.03 2 2 2
3 6 6 6 7
99.36 2 2 2 3
6 6 6 6 148.08
2 2 2 3 5
7 7 7 148.14 2
2 2 3 5 6
7 7 148.22 2 2
2 3 5 6 6
7 148.28 2 2 2
3 5 6 6 6
148.3 2 2 2 3
5 5 7 7 148.31
2 2 2 3 5
5 6 7 148.33 2
2 2 3 5 5
6 6 148.94 2 2
2 3 5 5 5
7 148.85 2 2 2
3 5 5 5 6
148.87 2 2 2 3
5 5 5 5 148.3
2 2 2 3 4
7 7 7 148.47 2
2 2 3 4 6
7 7 148.56 2 2
2 3 4 6 6
7 148.48 2 2 2
3 4 6 6 6
172.63 2 2 2 3
4 5 7 7 172.73
2 2 2 3 4
5 6 7 172.71 2
2 2 3 4 5
6 6 172.84 2 2
2 3 4 5 5
7 172.8 2 2 2
3 4 5 5 6
173.19 2 2 2 3
4 5 5 5 148.38
2 2 2 3 4
4 7 7 148.46 2
2 2 3 4 4
6 7 148.42 2 2
2 3 4 4 6
6 172.57 2 2 2
3 4 4 5 7
172.71 2 2 2 3
4 4 5 6 173.05
2 2 2 3 4
4 5 5 148.42 2
2 2 3 4 4
4 7 148.42 2 2
2 3 4 4 4
6 172.48 2 2 2
3 4 4 4 5
148.49 2 2 2 3
4 4 4 4 124.09
2 2 2 3 3
7 7 7 123.86 2
2 2 3 3 6
7 7 123.92 2 2
2 3 3 6 6
7 99.48 2 2 2
3 3 6 6 6
148.49 2 2 2 3
3 5 7 7 148.4
2 2 2 3 3
5 6 7 148.55 2
2 2 3 3 5
6 6 148.37 2 2
2 3 3 5 5
7 148.49 2 2 2
3 3 5 5 6
148.86 2 2 2 3
3 5 5 5 148.39
2 2 2 3 3
4 7 7 148.59 2
2 2 3 3 4
6 7 148.18 2 2
2 3 3 4 6
6 173.04 2 2 2
3 3 4 5 7
172.7 2 2 2 3
3 4 5 6 172.89
2 2 2 3 3
4 5 5 148.3 2
2 2 3 3 4
4 7 148.66 2 2
2 3 3 4 4
6 172.95 2 2 2
3 3 4 4 5
148.43 2 2 2 3
3 4 4 4 124.33
2 2 2 3 3
3 7 7 124.5 2
2 2 3 3 3
6 7 99.93 2 2
2 3 3 3 6
6 149.16 2 2 2
3 3 3 5 7
148.79 2 2 2 3
3 3 5 6 149.05
2 2 2 3 3
3 5 5 148.91 2
2 2 3 3 3
4 7 148.7 2 2
2 3 3 3 4
6 173.4 2 2 2
3 3 3 4 5
149.12 2 2 2 3
3 3 4 4 124.53
2 2 2 3 3
3 3 7 99.99 2
2 2 3 3 3
3 6 148.86 2 2
2 3 3 3 3
5 148.83 2 2 2
3 3 3 3 4
99.97 2 2 2 3
3 3 3 3 74.97
2 2 2 2 7
7 7 7 99.47 2
2 2 2 6 7
7 7 99.04 2 2
2 2 6 6 7
7 99.53 2 2 2
2 6 6 6 7
74.97 2 2 2 2
6 6 6 6 99.42
2 2 2 2 5
7 7 7 124.01 2
2 2 2 5 6
7 7 123.34 2 2
2 2 5 6 6
7 123.98 2 2 2
2 5 6 6 6
99.44 2 2 2 2
5 5 7 7 124
2 2 2 2 5
5 6 7 123.74 2
2 2 2 5 5
6 6 100 2 2
2 2 5 5 5
7 124.49 2 2 2
2 5 5 5 6
99.93 2 2 2 2
5 5 5 5 99.42
2 2 2 2 4
7 7 7 123.73 2
2 2 2 4 6
7 7 123.44 2 2
2 2 4 6 6
7 124.09 2 2 2
2 4 6 6 6
123.92 2 2 2 2
4 5 7 7 148.23
2 2 2 2 4
5 6 7 147.7 2
2 2 2 4 5
6 6 123.93 2 2
2 2 4 5 5
7 148.22 2 2 2
2 4 5 5 6
124.48 2 2 2 2
4 5 5 5 99.03
2 2 2 2 4
4 7 7 123.48 2
2 2 2 4 4
6 7 123.09 2 2
2 2 4 4 6
6 123.44 2 2 2
2 4 4 5 7
148.02 2 2 2 2
4 4 5 6 123.73
2 2 2 2 4
4 5 5 99.52 2
2 2 2 4 4
4 7 123.93 2 2
2 2 4 4 4
6 123.82 2 2 2
2 4 4 4 5
74.98 2 2 2 2
4 4 4 4 123.91
2 2 2 2 3
7 7 7 123.68 2
2 2 2 3 6
7 7 123.94 2 2
2 2 3 6 6
7 99.53 2 2 2
2 3 6 6 6
148.25 2 2 2 2
3 5 7 7 147.69
2 2 2 2 3
5 6 7 148.4 2
2 2 2 3 5
6 6 148.63 2 2
2 2 3 5 5
7 147.86 2 2 2
2 3 5 5 6
148.95 2 2 2 2
3 5 5 5 148.07
2 2 2 2 3
4 7 7 147.82 2
2 2 2 3 4
6 7 148.36 2 2
2 2 3 4 6
6 172.6 2 2 2
2 3 4 5 7
172.18 2 2 2 2
3 4 5 6 172.73
2 2 2 2 3
4 5 5 148.02 2
2 2 2 3 4
4 7 147.63 2 2
2 2 3 4 4
6 172.02 2 2 2
2 3 4 4 5
148.31 2 2 2 2
3 4 4 4 123.5
2 2 2 2 3
3 7 7 124.13 2
2 2 2 3 3
6 7 99.48 2 2
2 2 3 3 6
6 147.96 2 2 2
2 3 3 5 7
148.52 2 2 2 2
3 3 5 6 147.86
2 2 2 2 3
3 5 5 148.11 2
2 2 2 3 3
4 7 148.45 2 2
2 2 3 3 4
6 172.34 2 2 2
2 3 3 4 5
147.56 2 2 2 2
3 3 4 4 124.43
2 2 2 2 3
3 3 7 99.94 2
2 2 2 3 3
3 6 148.83 2 2
2 2 3 3 3
5 148.83 2 2 2
2 3 3 3 4
99.91 2 2 2 2
3 3 3 3 74.99
2 2 2 2 2
7 7 7 98.94 2
2 2 2 2 6
7 7 98.99 2 2
2 2 2 6 6
7 75 2 2 2
2 2 6 6 6
99.51 2 2 2 2
2 5 7 7 123.4
2 2 2 2 2
5 6 7 123.5 2
2 2 2 2 5
6 6 99.29 2 2
2 2 2 5 5
7 123.5 2 2 2
2 2 5 5 6
99.99 2 2 2 2
2 5 5 5 99.03
2 2 2 2 2
4 7 7 123.09 2
2 2 2 2 4
6 7 123.02 2 2
2 2 2 4 6
6 123.58 2 2 2
2 2 4 5 7
146.96 2 2 2 2
2 4 5 6 123.52
2 2 2 2 2
4 5 5 98.98 2
2 2 2 2 4
4 7 123.07 2 2
2 2 2 4 4
6 123.56 2 2 2
2 2 4 4 5
74.97 2 2 2 2
2 4 4 4 123.76
2 2 2 2 2
3 7 7 123.47 2
2 2 2 2 3
6 7 99.51 2 2
2 2 2 3 6
6 147.89 2 2 2
2 2 3 5 7
147.65 2 2 2 2
2 3 5 6 148.04
2 2 2 2 2
3 5 5 147.3 2
2 2 2 2 3
4 7 147.71 2 2
2 2 2 3 4
6 171.66 2 2 2
2 2 3 4 5
147.35 2 2 2 2
2 3 4 4 123.61
2 2 2 2 2
3 3 7 99.41 2
2 2 2 2 3
3 6 148.21 2 2
2 2 2 3 3
5 147.4 2 2 2
2 2 3 3 4
99.95 2 2 2 2
2 3 3 3 74.68
2 2 2 2 2
2 7 7 98.69 2
2 2 2 2 2
6 7 74.55 2 2
2 2 2 2 6
6 98.98 2 2 2
2 2 2 5 7
123.13 2 2 2 2
2 2 5 6 99
2 2 2 2 2
2 5 5 98.84 2
2 2 2 2 2
4 7 122.99 2 2
2 2 2 2 4
6 123.41 2 2 2
2 2 2 4 5
74.48 2 2 2 2
2 2 4 4 123.42
2 2 2 2 2
2 3 7 98.98 2
2 2 2 2 2
3 6 147.64 2 2
2 2 2 2 3
5 147.5 2 2 2
2 2 2 3 4
98.92 2 2 2 2
2 2 3 3 74.45
2 2 2 2 2
2 2 7 74.54 2
2 2 2 2 2
2 6 98.93 2 2
2 2 2 2 2
5 74.57 2 2 2
2 2 2 2 4
98.98 2 2 2 2
2 2 2 3 50
2 2 2 2 2
2 2 2 74.52 1
7 7 7 7 7
7 7 98.61 1 6
7 7 7 7 7
7 98.82 1 6 6
7 7 7 7 7
99.49 1 6 6 6
7 7 7 7 99.39
1 6 6 6 6
7 7 7 99.46 1
6 6 6 6 6
7 7 99.01 1 6
6 6 6 6 6
7 99.11 1 6 6
6 6 6 6 6
98.58 1 5 7 7
7 7 7 7 122.81
1 5 6 7 7
7 7 7 123.33 1
5 6 6 7 7
7 7 123.41 1 5
6 6 6 7 7
7 123.93 1 5 6
6 6 6 7 7
123.8 1 5 6 6
6 6 6 7 123.17
1 5 6 6 6
6 6 6 99.01 1
5 5 7 7 7
7 7 123.29 1 5
5 6 7 7 7
7 123.19 1 5 5
6 6 7 7 7
123.89 1 5 5 6
6 6 7 7 123.93
1 5 5 6 6
6 6 7 123.99 1
5 5 6 6 6
6 6 99.57 1 5
5 5 7 7 7
7 123.76 1 5 5
5 6 7 7 7
123.73 1 5 5 5
6 6 7 7 124.45
1 5 5 5 6
6 6 7 124.27 1
5 5 5 6 6
6 6 99.46 1 5
5 5 5 7 7
7 123.69 1 5 5
5 5 6 7 7
123.93 1 5 5 5
5 6 6 7 124.42
1 5 5 5 5
6 6 6 99.13 1
5 5 5 5 5
7 7 123.21 1 5
5 5 5 5 6
7 123.42 1 5 5
5 5 5 6 6
99.06 1 5 5 5
5 5 5 7 123.18
1 5 5 5 5
5 5 6 74.64 1
5 5 5 5 5
5 5 98.64 1 4
7 7 7 7 7
7 123.01 1 4 6
7 7 7 7 7
123.23 1 4 6 6
7 7 7 7 123.78
1 4 6 6 6
7 7 7 123.72 1
4 6 6 6 6
7 7 123.95 1 4
6 6 6 6 6
7 123.37 1 4 6
6 6 6 6 6
122.82 1 4 5 7
7 7 7 7 147.18
1 4 5 6 7
7 7 7 147.4 1
4 5 6 6 7
7 7 147.79 1 4
5 6 6 6 7
7 148.1 1 4 5
6 6 6 6 7
147.8 1 4 5 6
6 6 6 6 123.46
1 4 5 5 7
7 7 7 147.25 1
4 5 5 6 7
7 7 147.84 1 4
5 5 6 6 7
7 148.27 1 4 5
5 6 6 6 7
148.32 1 4 5 5
6 6 6 6 123.84
1 4 5 5 5
7 7 7 148.04 1
4 5 5 5 6
7 7 148.16 1 4
5 5 5 6 6
7 148.65 1 4 5
5 5 6 6 6
123.92 1 4 5 5
5 5 7 7 147.97
1 4 5 5 5
5 6 7 148.3 1
4 5 5 5 5
6 6 123.34 1 4
5 5 5 5 5
7 147.04 1 4 5
5 5 5 5 6
123.07 1 4 5 5
5 5 5 5 99.01
1 4 4 7 7
7 7 7 123.2 1
4 4 6 7 7
7 7 123.57 1 4
4 6 6 7 7
7 123.89 1 4 4
6 6 6 7 7
123.88 1 4 4 6
6 6 6 7 123.89
1 4 4 6 6
6 6 6 123.25 1
4 4 5 7 7
7 7 147.68 1 4
4 5 6 7 7
7 147.85 1 4 4
5 6 6 7 7
148.24 1 4 4 5
6 6 6 7 148.07
1 4 4 5 6
6 6 6 123.48 1
4 4 5 5 7
7 7 147.8 1 4
4 5 5 6 7
7 148.06 1 4 4
5 5 6 6 7
148.79 1 4 4 5
5 6 6 6 124.04
1 4 4 5 5
5 7 7 148.42 1
4 4 5 5 5
6 7 148.59 1 4
4 5 5 5 6
6 123.93 1 4 4
5 5 5 5 7
148.12 1 4 4 5
5 5 5 6 123.51
1 4 4 5 5
5 5 5 99.5 1
4 4 4 7 7
7 7 123.84 1 4
4 4 6 7 7
7 124 1 4 4
4 6 6 7 7
124.48 1 4 4 4
6 6 6 7 124.57
1 4 4 4 6
6 6 6 123.63 1
4 4 4 5 7
7 7 147.97 1 4
4 4 5 6 7
7 148.13 1 4 4
4 5 6 6 7
148.66 1 4 4 4
5 6 6 6 124.1
1 4 4 4 5
5 7 7 148.28 1
4 4 4 5 5
6 7 148.42 1 4
4 4 5 5 6
6 124.49 1 4 4
4 5 5 5 7
148.58 1 4 4 4
5 5 5 6 124.32
1 4 4 4 5
5 5 5 99.43 1
4 4 4 4 7
7 7 123.92 1 4
4 4 4 6 7
7 123.96 1 4 4
4 4 6 6 7
124.36 1 4 4 4
4 6 6 6 123.78
1 4 4 4 4
5 7 7 148.16 1
4 4 4 4 5
6 7 148.37 1 4
4 4 4 5 6
6 123.95 1 4 4
4 4 5 5 7
148.32 1 4 4 4
4 5 5 6 124.35
1 4 4 4 4
5 5 5 99.11 1
4 4 4 4 4
7 7 123.41 1 4
4 4 4 4 6
7 123.49 1 4 4
4 4 4 6 6
123.22 1 4 4 4
4 4 5 7 147.79
1 4 4 4 4
4 5 6 123.39 1
4 4 4 4 4
5 5 98.8 1 4
4 4 4 4 4
7 122.93 1 4 4
4 4 4 4 6
123.32 1 4 4 4
4 4 4 5 74.48
1 4 4 4 4
4 4 4 123.15 1
3 7 7 7 7
7 7 147.05 1 3
6 7 7 7 7
7 147.63 1 3 6
6 7 7 7 7
148.15 1 3 6 6
6 7 7 7 148.24
1 3 6 6 6
6 7 7 147.77 1
3 6 6 6 6
6 7 147.22 1 3
6 6 6 6 6
6 123.23 1 3 5
7 7 7 7 7
147.28 1 3 5 6
7 7 7 7 147.71
1 3 5 6 6
7 7 7 148 1
3 5 6 6 6
7 7 147.9 1 3
5 6 6 6 6
7 147.36 1 3 5
6 6 6 6 6
123.62 1 3 5 5
7 7 7 7 147.92
1 3 5 5 6
7 7 7 148.15 1
3 5 5 6 6
7 7 148.67 1 3
5 5 6 6 6
7 148.71 1 3 5
5 6 6 6 6
123.9 1 3 5 5
5 7 7 7 147.86
1 3 5 5 5
6 7 7 148.18 1
3 5 5 5 6
6 7 148.75 1 3
5 5 5 6 6
6 123.35 1 3 5
5 5 5 7 7
147.57 1 3 5 5
5 5 6 7 147.96
1 3 5 5 5
5 6 6 123.5 1
3 5 5 5 5
5 7 147.38 1 3
5 5 5 5 5
6 98.73 1 3 5
5 5 5 5 5
147.01 1 3 4 7
7 7 7 7 170.9
1 3 4 6 7
7 7 7 171.86 1
3 4 6 6 7
7 7 172.23 1 3
4 6 6 6 7
7 171.91 1 3 4
6 6 6 6 7
171.73 1 3 4 6
6 6 6 6 146.99
1 3 4 5 7
7 7 7 171.5 1
3 4 5 6 7
7 7 171.88 1 3
4 5 6 6 7
7 172.18 1 3 4
5 6 6 6 7
172.27 1 3 4 5
6 6 6 6 147.76
1 3 4 5 5
7 7 7 172.26 1
3 4 5 5 6
7 7 172.26 1 3
4 5 5 6 6
7 173.03 1 3 4
5 5 6 6 6
148.04 1 3 4 5
5 5 7 7 171.81
1 3 4 5 5
5 6 7 172.22 1
3 4 5 5 5
6 6 147.47 1 3
4 5 5 5 5
7 171.9 1 3 4
5 5 5 5 6
147.35 1 3 4 5
5 5 5 5 147.42
1 3 4 4 7
7 7 7 171.24 1
3 4 4 6 7
7 7 171.94 1 3
4 4 6 6 7
7 172.21 1 3 4
4 6 6 6 7
172.22 1 3 4 4
6 6 6 6 147.91
1 3 4 4 5
7 7 7 171.9 1
3 4 4 5 6
7 7 171.86 1 3
4 4 5 6 6
7 172.38 1 3 4
4 5 6 6 6
148.29 1 3 4 4
5 5 7 7 172.49
1 3 4 4 5
5 6 7 172.75 1
3 4 4 5 5
6 6 148.06 1 3
4 4 5 5 5
7 172.59 1 3 4
4 5 5 5 6
147.86 1 3 4 4
5 5 5 5 147.89
1 3 4 4 4
7 7 7 172.22 1
3 4 4 4 6
7 7 172.42 1 3
4 4 4 6 6
7 172.87 1 3 4
4 4 6 6 6
147.88 1 3 4 4
4 5 7 7 172.03
1 3 4 4 4
5 6 7 172.49 1
3 4 4 4 5
6 6 148.55 1 3
4 4 4 5 5
7 172.9 1 3 4
4 4 5 5 6
148.75 1 3 4 4
4 5 5 5 148.22
1 3 4 4 4
4 7 7 171.97 1
3 4 4 4 4
6 7 172.65 1 3
4 4 4 4 6
6 147.81 1 3 4
4 4 4 5 7
172.02 1 3 4 4
4 4 5 6 148.45
1 3 4 4 4
4 5 5 147.6 1
3 4 4 4 4
4 7 171.53 1 3
4 4 4 4 4
6 147.48 1 3 4
4 4 4 4 5
147.44 1 3 4 4
4 4 4 4 122.93
1 3 3 7 7
7 7 7 147.51 1
3 3 6 7 7
7 7 147.4 1 3
3 6 6 7 7
7 148.02 1 3 3
6 6 6 7 7
147.56 1 3 3 6
6 6 6 7 147.43
1 3 3 6 6
6 6 6 123.48 1
3 3 5 7 7
7 7 147.84 1 3
3 5 6 7 7
7 147.64 1 3 3
5 6 6 7 7
148.38 1 3 3 5
6 6 6 7 147.66
1 3 3 5 6
6 6 6 123.92 1
3 3 5 5 7
7 7 148.43 1 3
3 5 5 6 7
7 148.46 1 3 3
5 5 6 6 7
148.63 1 3 3 5
5 6 6 6 123.49
1 3 3 5 5
5 7 7 147.98 1
3 3 5 5 5
6 7 147.95 1 3
3 5 5 5 6
6 123.56 1 3 3
5 5 5 5 7
148.06 1 3 3 5
5 5 5 6 99.02
1 3 3 5 5
5 5 5 147.36 1
3 3 4 7 7
7 7 171.65 1 3
3 4 6 7 7
7 171.76 1 3 3
4 6 6 7 7
172.35 1 3 3 4
6 6 6 7 171.8
1 3 3 4 6
6 6 6 147.61 1
3 3 4 5 7
7 7 172.11 1 3
3 4 5 6 7
7 172.2 1 3 3
4 5 6 6 7
172.65 1 3 3 4
5 6 6 6 148.09
1 3 3 4 5
5 7 7 172.56 1
3 3 4 5 5
6 7 172.55 1 3
3 4 5 5 6
6 147.96 1 3 3
4 5 5 5 7
172.48 1 3 3 4
5 5 5 6 147.84
1 3 3 4 5
5 5 5 147.4 1
3 3 4 4 7
7 7 171.6 1 3
3 4 4 6 7
7 171.79 1 3 3
4 4 6 6 7
172.57 1 3 3 4
4 6 6 6 147.75
1 3 3 4 4
5 7 7 172.37 1
3 3 4 4 5
6 7 172.31 1 3
3 4 4 5 6
6 148.54 1 3 3
4 4 5 5 7
172.98 1 3 3 4
4 5 5 6 147.97
1 3 3 4 4
5 5 5 148.02 1
3 3 4 4 4
7 7 172.27 1 3
3 4 4 4 6
7 172.27 1 3 3
4 4 4 6 6
148.3 1 3 3 4
4 4 5 7 173.06
1 3 3 4 4
4 5 6 149 1
3 3 4 4 4
5 5 148.04 1 3
3 4 4 4 4
7 171.99 1 3 3
4 4 4 4 6
148.42 1 3 3 4
4 4 4 5 147.37
1 3 3 4 4
4 4 4 123.93 1
3 3 3 7 7
7 7 148.35 1 3
3 3 6 7 7
7 148.42 1 3 3
3 6 6 7 7
148.37 1 3 3 3
6 6 6 7 148.49
1 3 3 3 6
6 6 6 124.08 1
3 3 3 5 7
7 7 148.28 1 3
3 3 5 6 7
7 148.56 1 3 3
3 5 6 6 7
148.6 1 3 3 3
5 6 6 6 124.05
1 3 3 3 5
5 7 7 148.22 1
3 3 3 5 5
6 7 148.38 1 3
3 3 5 5 6
6 123.99 1 3 3
3 5 5 5 7
148.45 1 3 3 3
5 5 5 6 99.37
1 3 3 3 5
5 5 5 148.04 1
3 3 3 4 7
7 7 172.62 1 3
3 3 4 6 7
7 172.42 1 3 3
3 4 6 6 7
172.78 1 3 3 3
4 6 6 6 148.19
1 3 3 3 4
5 7 7 172.58 1
3 3 3 4 5
6 7 172.79 1 3
3 3 4 5 6
6 148.22 1 3 3
3 4 5 5 7
172.68 1 3 3 3
4 5 5 6 148.31
1 3 3 3 4
5 5 5 148.55 1
3 3 3 4 4
7 7 172.76 1 3
3 3 4 4 6
7 173.15 1 3 3
3 4 4 6 6
148.58 1 3 3 3
4 4 5 7 173.26
1 3 3 3 4
4 5 6 148.33 1
3 3 3 4 4
5 5 148.97 1 3
3 3 4 4 4
7 173.18 1 3 3
3 4 4 4 6
148.91 1 3 3 3
4 4 4 5 148.96
1 3 3 3 4
4 4 4 124 1
3 3 3 3 7
7 7 148.26 1 3
3 3 3 6 7
7 147.88 1 3 3
3 3 6 6 7
148.51 1 3 3 3
3 6 6 6 123.6
1 3 3 3 3
5 7 7 147.8 1
3 3 3 3 5
6 7 147.37 1 3
3 3 3 5 6
6 124.01 1 3 3
3 3 5 5 7
148.6 1 3 3 3
3 5 5 6 99.42
1 3 3 3 3
5 5 5 148.24 1
3 3 3 3 4
7 7 172.73 1 3
3 3 3 4 6
7 172.26 1 3 3
3 3 4 6 6
147.63 1 3 3 3
3 4 5 7 172.2
1 3 3 3 3
4 5 6 148.31 1
3 3 3 3 4
5 5 148.65 1 3
3 3 3 4 4
7 172.55 1 3 3
3 3 4 4 6
147.95 1 3 3 3
3 4 4 5 148.99
1 3 3 3 3
4 4 4 123.37 1
3 3 3 3 3
7 7 147.51 1 3
3 3 3 3 6
7 147.55 1 3 3
3 3 3 6 6
123.57 1 3 3 3
3 3 5 7 147.75
1 3 3 3 3
3 5 6 99.37 1
3 3 3 3 3
5 5 147.68 1 3
3 3 3 3 4
7 171.65 1 3 3
3 3 3 4 6
147.55 1 3 3 3
3 3 4 5 147.99
1 3 3 3 3
3 4 4 123.23 1
3 3 3 3 3
3 7 147.36 1 3
3 3 3 3 3
6 98.94 1 3 3
3 3 3 3 5
147.46 1 3 3 3
3 3 3 4 98.98
1 3 3 3 3
3 3 3 122.97 1
2 7 7 7 7
7 7 147.08 1 2
6 7 7 7 7
7 147.58 1 2 6
6 7 7 7 7
148.11 1 2 6 6
6 7 7 7 148.11
1 2 6 6 6
6 7 7 147.56 1
2 6 6 6 6
6 7 147.45 1 2
6 6 6 6 6
6 147.06 1 2 5
7 7 7 7 7
170.81 1 2 5 6
7 7 7 7 171.16
1 2 5 6 6
7 7 7 172.34 1
2 5 6 6 6
7 7 172.13 1 2
5 6 6 6 6
7 171.52 1 2 5
6 6 6 6 6
147.37 1 2 5 5
7 7 7 7 171.65
1 2 5 5 6
7 7 7 171.92 1
2 5 5 6 6
7 7 172.38 1 2
5 5 6 6 6
7 172.62 1 2 5
5 6 6 6 6
148.08 1 2 5 5
5 7 7 7 172.01
1 2 5 5 5
6 7 7 172.63 1
2 5 5 5 6
6 7 172.69 1 2
5 5 5 6 6
6 147.7 1 2 5
5 5 5 7 7
171.92 1 2 5 5
5 5 6 7 172.65
1 2 5 5 5
5 6 6 147.66 1
2 5 5 5 5
5 7 171.53 1 2
5 5 5 5 5
6 147.41 1 2 5
5 5 5 5 5
122.87 1 2 4 7
7 7 7 7 147.07
1 2 4 6 7
7 7 7 147.7 1
2 4 6 6 7
7 7 148 1 2
4 6 6 6 7
7 147.89 1 2 4
6 6 6 6 7
147.34 1 2 4 6
6 6 6 6 147.02
1 2 4 5 7
7 7 7 171.44 1
2 4 5 6 7
7 7 171.4 1 2
4 5 6 6 7
7 172.27 1 2 4
5 6 6 6 7
172.41 1 2 4 5
6 6 6 6 147.49
1 2 4 5 5
7 7 7 171.61 1
2 4 5 5 6
7 7 172.04 1 2
4 5 5 6 6
7 172.58 1 2 4
5 5 6 6 6
147.89 1 2 4 5
5 5 7 7 172.35
1 2 4 5 5
5 6 7 172.55 1
2 4 5 5 5
6 6 147.89 1 2
4 5 5 5 5
7 172.61 1 2 4
5 5 5 5 6
147.54 1 2 4 5
5 5 5 5 123.74
1 2 4 4 7
7 7 7 147.93 1
2 4 4 6 7
7 7 148.12 1 2
4 4 6 6 7
7 148.57 1 2 4
4 6 6 6 7
148.64 1 2 4 4
6 6 6 6 147.83
1 2 4 4 5
7 7 7 172.26 1
2 4 4 5 6
7 7 172.4 1 2
4 4 5 6 6
7 172.91 1 2 4
4 5 6 6 6
148.27 1 2 4 4
5 5 7 7 172.51
1 2 4 4 5
5 6 7 172.51 1
2 4 4 5 5
6 6 148.78 1 2
4 4 5 5 5
7 173.01 1 2 4
4 5 5 5 6
148.8 1 2 4 4
5 5 5 5 123.81
1 2 4 4 4
7 7 7 147.67 1
2 4 4 4 6
7 7 148.24 1 2
4 4 4 6 6
7 148.7 1 2 4
4 4 6 6 6
148.09 1 2 4 4
4 5 7 7 172.31
1 2 4 4 4
5 6 7 172.54 1
2 4 4 4 5
6 6 148.16 1 2
4 4 4 5 5
7 172.42 1 2 4
4 4 5 5 6
148.76 1 2 4 4
4 5 5 5 123.15
1 2 4 4 4
4 7 7 147.55 1
2 4 4 4 4
6 7 147.39 1 2
4 4 4 4 6
6 147.6 1 2 4
4 4 4 5 7
171.71 1 2 4 4
4 4 5 6 147.69
1 2 4 4 4
4 5 5 123.31 1
2 4 4 4 4
4 7 147.45 1 2
4 4 4 4 4
6 147.69 1 2 4
4 4 4 4 5
98.74 1 2 4 4
4 4 4 4 195
1 2 3 7 7
7 7 7 194.93 1
2 3 6 7 7
7 7 196.19 1 2
3 6 6 7 7
7 195.84 1 2 3
6 6 6 7 7
195.33 1 2 3 6
6 6 6 7 195.52
1 2 3 6 6
6 6 6 195.06 1
2 3 5 7 7
7 7 195.31 1 2
3 5 6 7 7
7 196.04 1 2 3
5 6 6 7 7
195.87 1 2 3 5
6 6 6 7 195.88
1 2 3 5 6
6 6 6 195.93 1
2 3 5 5 7
7 7 196.28 1 2
3 5 5 6 7
7 196.85 1 2 3
5 5 6 6 7
196.92 1 2 3 5
5 6 6 6 196.14
1 2 3 5 5
5 7 7 196.08 1
2 3 5 5 5
6 7 196.96 1 2
3 5 5 5 6
6 195.48 1 2 3
5 5 5 5 7
195.97 1 2 3 5
5 5 5 6 195.57
1 2 3 5 5
5 5 5 195.26 1
2 3 4 7 7
7 7 195.67 1 2
3 4 6 7 7
7 196.11 1 2 3
4 6 6 7 7
196.18 1 2 3 4
6 6 6 7 195.68
1 2 3 4 6
6 6 6 195.3 1
2 3 4 5 7
7 7 195.26 1 2
3 4 5 6 7
7 196.2 1 2 3
4 5 6 6 7
196.33 1 2 3 4
5 6 6 6 195.92
1 2 3 4 5
5 7 7 195.96 1
2 3 4 5 5
6 7 197.24 1 2
3 4 5 5 6
6 196.05 1 2 3
4 5 5 5 7
196.31 1 2 3 4
5 5 5 6 195.63
1 2 3 4 5
5 5 5 195.74 1
2 3 4 4 7
7 7 196.35 1 2
3 4 4 6 7
7 196.8 1 2 3
4 4 6 6 7
197.05 1 2 3 4
4 6 6 6 196.08
1 2 3 4 4
5 7 7 196.18 1
2 3 4 4 5
6 7 197.04 1 2
3 4 4 5 6
6 197.09 1 2 3
4 4 5 5 7
196.97 1 2 3 4
4 5 5 6 196.72
1 2 3 4 4
5 5 5 195.75 1
2 3 4 4 4
7 7 196.15 1 2
3 4 4 4 6
7 196.74 1 2 3
4 4 4 6 6
195.82 1 2 3 4
4 4 5 7 196.46
1 2 3 4 4
4 5 6 196.99 1
2 3 4 4 4
5 5 195.55 1 2
3 4 4 4 4
7 195.71 1 2 3
4 4 4 4 6
195.84 1 2 3 4
4 4 4 5 195.18
1 2 3 4 4
4 4 4 195.26 1
2 3 3 7 7
7 7 196.13 1 2
3 3 6 7 7
7 196.79 1 2 3
3 6 6 7 7
195.91 1 2 3 3
6 6 6 7 195.9
1 2 3 3 6
6 6 6 196.21 1
2 3 3 5 7
7 7 196.57 1 2
3 3 5 6 7
7 196.82 1 2 3
3 5 6 6 7
196.42 1 2 3 3
5 6 6 6 196.39
1 2 3 3 5
5 7 7 197.19 1
2 3 3 5 5
6 7 197.4 1 2
3 3 5 5 6
6 196.06 1 2 3
3 5 5 5 7
196.55 1 2 3 3
5 5 5 6 195.55
1 2 3 3 5
5 5 5 194.85 1
2 3 3 4 7
7 7 195.88 1 2
3 3 4 6 7
7 196.46 1 2 3
3 4 6 6 7
196.04 1 2 3 3
4 6 6 6 195.74
1 2 3 3 4
5 7 7 196.52 1
2 3 3 4 5
6 7 196.95 1 2
3 3 4 5 6
6 196.5 1 2 3
3 4 5 5 7
196.61 1 2 3 3
4 5 5 6 196.26
1 2 3 3 4
5 5 5 196.15 1
2 3 3 4 4
7 7 196.53 1 2
3 3 4 4 6
7 197.3 1 2 3
3 4 4 6 6
196.6 1 2 3 3
4 4 5 7 196.91
1 2 3 3 4
4 5 6 197.28 1
2 3 3 4 4
5 5 196.39 1 2
3 3 4 4 4
7 196.61 1 2 3
3 4 4 4 6
196.8 1 2 3 3
4 4 4 5 195.58
1 2 3 3 4
4 4 4 196.66 1
2 3 3 3 7
7 7 197.12 1 2
3 3 3 6 7
7 197.28 1 2 3
3 3 6 6 7
196.85 1 2 3 3
3 6 6 6 196.99
1 2 3 3 3
5 7 7 197.03 1
2 3 3 3 5
6 7 196.9 1 2
3 3 3 5 6
6 196.71 1 2 3
3 3 5 5 7
196.79 1 2 3 3
3 5 5 6 196.94
1 2 3 3 3
5 5 5 196.59 1
2 3 3 3 4
7 7 197.23 1 2
3 3 3 4 6
7 196.92 1 2 3
3 3 4 6 6
197.1 1 2 3 3
3 4 5 7 196.83
1 2 3 3 3
4 5 6 197.29 1
2 3 3 3 4
5 5 197.48 1 2
3 3 3 4 4
7 197.56 1 2 3
3 3 4 4 6
197.77 1 2 3 3
3 4 4 5 197.48
1 2 3 3 3
4 4 4 196.9 1
2 3 3 3 3
7 7 196.47 1 2
3 3 3 3 6
7 197.08 1 2 3
3 3 3 6 6
196.39 1 2 3 3
3 3 5 7 195.96
1 2 3 3 3
3 5 6 196.85 1
2 3 3 3 3
5 5 196.59 1 2
3 3 3 3 4
7 196.44 1 2 3
3 3 3 4 6
196.39 1 2 3 3
3 3 4 5 197.5
1 2 3 3 3
3 4 4 195.83 1
2 3 3 3 3
3 7 196.06 1 2
3 3 3 3 3
6 196.07 1 2 3
3 3 3 3 5
195.92 1 2 3 3
3 3 3 4 195.84
1 2 3 3 3
3 3 3 123.19 1
2 2 7 7 7
7 7 147.47 1 2
2 6 7 7 7
7 147.48 1 2 2
6 6 7 7 7
148.12 1 2 2 6
6 6 7 7 147.7
1 2 2 6 6
6 6 7 147.46 1
2 2 6 6 6
6 6 147.27 1 2
2 5 7 7 7
7 171.56 1 2 2
5 6 7 7 7
171.76 1 2 2 5
6 6 7 7 172.36
1 2 2 5 6
6 6 7 171.91 1
2 2 5 6 6
6 6 147.56 1 2
2 5 5 7 7
7 171.77 1 2 2
5 5 6 7 7
171.57 1 2 2 5
5 6 6 7 172.61
1 2 2 5 5
6 6 6 147.95 1
2 2 5 5 5
7 7 172.23 1 2
2 5 5 5 6
7 172.3 1 2 2
5 5 5 6 6
147.89 1 2 2 5
5 5 5 7 172.38
1 2 2 5 5
5 5 6 147.38 1
2 2 5 5 5
5 5 123.55 1 2
2 4 7 7 7
7 148.2 1 2 2
4 6 7 7 7
147.76 1 2 2 4
6 6 7 7 148.28
1 2 2 4 6
6 6 7 148.25 1
2 2 4 6 6
6 6 147.65 1 2
2 4 5 7 7
7 172.12 1 2 2
4 5 6 7 7
172.29 1 2 2 4
5 6 6 7 172.51
1 2 2 4 5
6 6 6 148.11 1
2 2 4 5 5
7 7 172.39 1 2
2 4 5 5 6
7 172.35 1 2 2
4 5 5 6 6
148.38 1 2 2 4
5 5 5 7 172.93
1 2 2 4 5
5 5 6 148.42 1
2 2 4 5 5
5 5 124 1 2
2 4 4 7 7
7 148.34 1 2 2
4 4 6 7 7
148.55 1 2 2 4
4 6 6 7 149
1 2 2 4 4
6 6 6 148.19 1
2 2 4 4 5
7 7 172.53 1 2
2 4 4 5 6
7 172.89 1 2 2
4 4 5 6 6
148.38 1 2 2 4
4 5 5 7 172.92
1 2 2 4 4
5 5 6 148.97 1
2 2 4 4 5
5 5 123.49 1 2
2 4 4 4 7
7 148.01 1 2 2
4 4 4 6 7
148.06 1 2 2 4
4 4 6 6 147.73
1 2 2 4 4
4 5 7 172.19 1
2 2 4 4 4
5 6 148.01 1 2
2 4 4 4 5
5 123.56 1 2 2
4 4 4 4 7
148.04 1 2 2 4
4 4 4 6 147.83
1 2 2 4 4
4 4 5 99.08 1
2 2 4 4 4
4 4 195.44 1 2
2 3 7 7 7
7 196.19 1 2 2
3 6 7 7 7
196.58 1 2 2 3
6 6 7 7 195.82
1 2 2 3 6
6 6 7 195.81 1
2 2 3 6 6
6 6 195.23 1 2
2 3 5 7 7
7 196.21 1 2 2
3 5 6 7 7
196.35 1 2 2 3
5 6 6 7 195.95
1 2 2 3 5
6 6 6 196 1
2 2 3 5 5
7 7 196.51 1 2
2 3 5 5 6
7 197.13 1 2 2
3 5 5 6 6
196.23 1 2 2 3
5 5 5 7 196.78
1 2 2 3 5
5 5 6 195.07 1
2 2 3 5 5
5 5 195.65 1 2
2 3 4 7 7
7 196.22 1 2 2
3 4 6 7 7
197.15 1 2 2 3
4 6 6 7 196.61
1 2 2 3 4
6 6 6 196.06 1
2 2 3 4 5
7 7 196.55 1 2
2 3 4 5 6
7 196.99 1 2 2
3 4 5 6 6
196.69 1 2 2 3
4 5 5 7 197.09
1 2 2 3 4
5 5 6 196.09 1
2 2 3 4 5
5 5 196.42 1 2
2 3 4 4 7
7 196.92 1 2 2
3 4 4 6 7
197.53 1 2 2 3
4 4 6 6 196.47
1 2 2 3 4
4 5 7 196.98 1
2 2 3 4 4
5 6 196.89 1 2
2 3 4 4 5
5 196.11 1 2 2
3 4 4 4 7
196.62 1 2 2 3
4 4 4 6 196.24
1 2 2 3 4
4 4 5 195.8 1
2 2 3 4 4
4 4 195.78 1 2
2 3 3 7 7
7 196.13 1 2 2
3 3 6 7 7
195.74 1 2 2 3
3 6 6 7 195.94
1 2 2 3 3
6 6 6 196.03 1
2 2 3 3 5
7 7 196.94 1 2
2 3 3 5 6
7 196.6 1 2 2
3 3 5 6 6
196.57 1 2 2 3
3 5 5 7 197.2
1 2 2 3 3
5 5 6 195.76 1
2 2 3 3 5
5 5 196.11 1 2
2 3 3 4 7
7 196.8 1 2 2
3 3 4 6 7
196.59 1 2 2 3
3 4 6 6 196.15
1 2 2 3 3
4 5 7 197.48 1
2 2 3 3 4
5 6 197.02 1 2
2 3 3 4 5
5 196.69 1 2 2
3 3 4 4 7
197.31 1 2 2 3
3 4 4 6 196.85
1 2 2 3 3
4 4 5 195.85 1
2 2 3 3 4
4 4 196.93 1 2
2 3 3 3 7
7 196.84 1 2 2
3 3 3 6 7
197.01 1 2 2 3
3 3 6 6 197.03
1 2 2 3 3
3 5 7 196.9 1
2 2 3 3 3
5 6 196.87 1 2
2 3 3 3 5
5 197.07 1 2 2
3 3 3 4 7
197.33 1 2 2 3
3 3 4 6 197.35
1 2 2 3 3
3 4 5 197.76 1
2 2 3 3 3
4 4 196 1 2
2 3 3 3 3
7 196.84 1 2 2
3 3 3 3 6
195.98 1 2 2 3
3 3 3 5 196.91
1 2 2 3 3
3 3 4 195.69 1
2 2 3 3 3
3 3 123.92 1 2
2 2 7 7 7
7 148.32 1 2 2
2 6 7 7 7
148.4 1 2 2 2
6 6 7 7 148.45
1 2 2 2 6
6 6 7 148.51 1
2 2 2 6 6
6 6 148.39 1 2
2 2 5 7 7
7 172.45 1 2 2
2 5 6 7 7
172.56 1 2 2 2
5 6 6 7 172.65
1 2 2 2 5
6 6 6 148.51 1
2 2 2 5 5
7 7 172.61 1 2
2 2 5 5 6
7 172.95 1 2 2
2 5 5 6 6
148.93 1 2 2 2
5 5 5 7 173.31
1 2 2 2 5
5 5 6 148.84 1
2 2 2 5 5
5 5 123.99 1 2
2 2 4 7 7
7 148.32 1 2 2
2 4 6 7 7
148.4 1 2 2 2
4 6 6 7 148.38
1 2 2 2 4
6 6 6 148.15 1
2 2 2 4 5
7 7 172.71 1 2
2 2 4 5 6
7 172.81 1 2 2
2 4 5 6 6
148.56 1 2 2 2
4 5 5 7 172.79
1 2 2 2 4
5 5 6 148.94 1
2 2 2 4 5
5 5 123.98 1 2
2 2 4 4 7
7 148.55 1 2 2
2 4 4 6 7
148.37 1 2 2 2
4 4 6 6 148.12
1 2 2 2 4
4 5 7 172.68 1
2 2 2 4 4
5 6 148.46 1 2
2 2 4 4 5
5 124.1 1 2 2
2 4 4 4 7
148.4 1 2 2 2
4 4 4 6 148.17
1 2 2 2 4
4 4 5 99.54 1
2 2 2 4 4
4 4 196.47 1 2
2 2 3 7 7
7 197 1 2 2
2 3 6 7 7
196.86 1 2 2 2
3 6 6 7 196.53
1 2 2 2 3
6 6 6 196.74 1
2 2 2 3 5
7 7 197.05 1 2
2 2 3 5 6
7 197.19 1 2 2
2 3 5 6 6
197.5 1 2 2 2
3 5 5 7 197.72
1 2 2 2 3
5 5 6 197.63 1
2 2 2 3 5
5 5 196.64 1 2
2 2 3 4 7
7 197.04 1 2 2
2 3 4 6 7
196.87 1 2 2 2
3 4 6 6 196.93
1 2 2 2 3
4 5 7 196.85 1
2 2 2 3 4
5 6 197.3 1 2
2 2 3 4 5
5 196.9 1 2 2
2 3 4 4 7
197.04 1 2 2 2
3 4 4 6 197.14
1 2 2 2 3
4 4 5 197.05 1
2 2 2 3 4
4 4 196.52 1 2
2 2 3 3 7
7 196.75 1 2 2
2 3 3 6 7
197.06 1 2 2 2
3 3 6 6 197.38
1 2 2 2 3
3 5 7 197.27 1
2 2 2 3 3
5 6 197.97 1 2
2 2 3 3 5
5 197.31 1 2 2
2 3 3 4 7
196.96 1 2 2 2
3 3 4 6 197.45
1 2 2 2 3
3 4 5 196.95 1
2 2 2 3 3
4 4 198.16 1 2
2 2 3 3 3
7 197.99 1 2 2
2 3 3 3 6
197.99 1 2 2 2
3 3 3 5 198.02
1 2 2 2 3
3 3 4 197.83 1
2 2 2 3 3
3 3 123.87 1 2
2 2 2 7 7
7 147.86 1 2 2
2 2 6 7 7
147.96 1 2 2 2
2 6 6 7 148.49
1 2 2 2 2
6 6 6 148.35 1
2 2 2 2 5
7 7 172.81 1 2
2 2 2 5 6
7 171.98 1 2 2
2 2 5 6 6
148.48 1 2 2 2
2 5 5 7 172.61
1 2 2 2 2
5 5 6 148.94 1
2 2 2 2 5
5 5 123.4 1 2
2 2 2 4 7
7 147.77 1 2 2
2 2 4 6 7
147.43 1 2 2 2
2 4 6 6 147.97
1 2 2 2 2
4 5 7 172.12 1
2 2 2 2 4
5 6 148.11 1 2
2 2 2 4 5
5 124.02 1 2 2
2 2 4 4 7
148.51 1 2 2 2
2 4 4 6 147.93
1 2 2 2 2
4 4 5 99.44 1
2 2 2 2 4
4 4 196.59 1 2
2 2 2 3 7
7 196.5 1 2 2
2 2 3 6 7
196.6 1 2 2 2
2 3 6 6 197.04
1 2 2 2 2
3 5 7 196.5 1
2 2 2 2 3
5 6 197.19 1 2
2 2 2 3 5
5 196.51 1 2 2
2 2 3 4 7
196.19 1 2 2 2
2 3 4 6 196.31
1 2 2 2 2
3 4 5 196.73 1
2 2 2 2 3
4 4 196.37 1 2
2 2 2 3 3
7 197.19 1 2 2
2 2 3 3 6
196.61 1 2 2 2
2 3 3 5 195.96
1 2 2 2 2
3 3 4 197.83 1
2 2 2 2 3
3 3 123.25 1 2
2 2 2 2 7
7 147.64 1 2 2
2 2 2 6 7
147.54 1 2 2 2
2 2 6 6 147.61
1 2 2 2 2
2 5 7 171.98 1
2 2 2 2 2
5 6 148.23 1 2
2 2 2 2 5
5 123.57 1 2 2
2 2 2 4 7
147.51 1 2 2 2
2 2 4 6 147.81
1 2 2 2 2
2 4 5 99.51 1
2 2 2 2 2
4 4 196.29 1 2
2 2 2 2 3
7 195.92 1 2 2
2 2 2 3 6
196.16 1 2 2 2
2 2 3 5 196.05
1 2 2 2 2
2 3 4 195.86 1
2 2 2 2 2
3 3 123.38 1 2
2 2 2 2 2
7 147.67 1 2 2
2 2 2 2 6
147.43 1 2 2 2
2 2 2 5 98.91
1 2 2 2 2
2 2 4 196.3 1
2 2 2 2 2
2 3 98.95 1 2
2 2 2 2 2
2 74.57 1 1 7
7 7 7 7 7
99 1 1 6 7
7 7 7 7 98.86
1 1 6 6 7
7 7 7 99.57 1
1 6 6 6 7
7 7 99.5 1 1
6 6 6 6 7
7 99.52 1 1 6
6 6 6 6 7
99 1 1 6 6
6 6 6 6 99.08
1 1 5 7 7
7 7 7 123.33 1
1 5 6 7 7
7 7 123.49 1 1
5 6 6 7 7
7 124.07 1 1 5
6 6 6 7 7
124.16 1 1 5 6
6 6 6 7 123.9
1 1 5 6 6
6 6 6 99.21 1
1 5 5 7 7
7 7 123.62 1 1
5 5 6 7 7
7 123.45 1 1 5
5 6 6 7 7
123.88 1 1 5 5
6 6 6 7 123.9
1 1 5 5 6
6 6 6 99.42 1
1 5 5 5 7
7 7 123.85 1 1
5 5 5 6 7
7 123.89 1 1 5
5 5 6 6 7
124.43 1 1 5 5
5 6 6 6 98.9
1 1 5 5 5
5 7 7 123.55 1
1 5 5 5 5
6 7 123.38 1 1
5 5 5 5 6
6 99.04 1 1 5
5 5 5 5 7
123.61 1 1 5 5
5 5 5 6 74.41
1 1 5 5 5
5 5 5 98.98 1
1 4 7 7 7
7 7 123.41 1 1
4 6 7 7 7
7 123.43 1 1 4
6 6 7 7 7
123.93 1 1 4 6
6 6 7 7 124
1 1 4 6 6
6 6 7 123.92 1
1 4 6 6 6
6 6 123.39 1 1
4 5 7 7 7
7 147.67 1 1 4
5 6 7 7 7
147.83 1 1 4 5
6 6 7 7 148.02
1 1 4 5 6
6 6 7 148.12 1
1 4 5 6 6
6 6 123.36 1 1
4 5 5 7 7
7 147.93 1 1 4
5 5 6 7 7
148.11 1 1 4 5
5 6 6 7 148.43
1 1 4 5 5
6 6 6 123.91 1
1 4 5 5 5
7 7 148.26 1 1
4 5 5 5 6
7 148.31 1 1 4
5 5 5 6 6
123.48 1 1 4 5
5 5 5 7 148.21
1 1 4 5 5
5 5 6 123.34 1
1 4 5 5 5
5 5 98.93 1 1
4 4 7 7 7
7 123.32 1 1 4
4 6 7 7 7
123.48 1 1 4 4
6 6 7 7 123.98
1 1 4 4 6
6 6 7 123.79 1
1 4 4 6 6
6 6 123.5 1 1
4 4 5 7 7
7 147.74 1 1 4
4 5 6 7 7
147.77 1 1 4 4
5 6 6 7 148.55
1 1 4 4 5
6 6 6 123.44 1
1 4 4 5 5
7 7 147.83 1 1
4 4 5 5 6
7 148.08 1 1 4
4 5 5 6 6
123.98 1 1 4 4
5 5 5 7 148.44
1 1 4 4 5
5 5 6 123.55 1
1 4 4 5 5
5 5 99.54 1 1
4 4 4 7 7
7 123.94 1 1 4
4 4 6 7 7
124.19 1 1 4 4
4 6 6 7 124.37
1 1 4 4 4
6 6 6 124.03 1
1 4 4 4 5
7 7 148.66 1 1
4 4 4 5 6
7 148.46 1 1 4
4 4 5 6 6
123.95 1 1 4 4
4 5 5 7 148.35
1 1 4 4 4
5 5 6 124.34 1
1 4 4 4 5
5 5 98.82 1 1
4 4 4 4 7
7 123.5 1 1 4
4 4 4 6 7
123.33 1 1 4 4
4 4 6 6 123.34
1 1 4 4 4
4 5 7 148.05 1
1 4 4 4 4
5 6 123.39 1 1
4 4 4 4 5
5 98.92 1 1 4
4 4 4 4 7
123.34 1 1 4 4
4 4 4 6 123.58
1 1 4 4 4
4 4 5 74.44 1
1 4 4 4 4
4 4 122.93 1 1
3 7 7 7 7
7 147.35 1 1 3
6 7 7 7 7
147.62 1 1 3 6
6 7 7 7 147.84
1 1 3 6 6
6 7 7 148.02 1
1 3 6 6 6
6 7 147.42 1 1
3 6 6 6 6
6 123.65 1 1 3
5 7 7 7 7
147.62 1 1 3 5
6 7 7 7 148.09
1 1 3 5 6
6 7 7 148.65 1
1 3 5 6 6
6 7 148.21 1 1
3 5 6 6 6
6 123.82 1 1 3
5 5 7 7 7
148.29 1 1 3 5
5 6 7 7 148.52
1 1 3 5 5
6 6 7 148.93 1
1 3 5 5 6
6 6 123.63 1 1
3 5 5 5 7
7 147.72 1 1 3
5 5 5 6 7
148.19 1 1 3 5
5 5 6 6 123.7
1 1 3 5 5
5 5 7 147.8 1
1 3 5 5 5
5 6 99.06 1 1
3 5 5 5 5
5 147.2 1 1 3
4 7 7 7 7
171.51 1 1 3 4
6 7 7 7 171.87
1 1 3 4 6
6 7 7 172.04 1
1 3 4 6 6
6 7 172.12 1 1
3 4 6 6 6
6 148.12 1 1 3
4 5 7 7 7
171.91 1 1 3 4
5 6 7 7 172.62
1 1 3 4 5
6 6 7 173.09 1
1 3 4 5 6
6 6 148.63 1 1
3 4 5 5 7
7 172.72 1 1 3
4 5 5 6 7
173.05 1 1 3 4
5 5 6 6 147.89
1 1 3 4 5
5 5 7 172.42 1
1 3 4 5 5
5 6 147.92 1 1
3 4 5 5 5
5 147.45 1 1 3
4 4 7 7 7
171.62 1 1 3 4
4 6 7 7 171.94
1 1 3 4 4
6 6 7 172.45 1
1 3 4 4 6
6 6 147.75 1 1
3 4 4 5 7
7 172.15 1 1 3
4 4 5 6 7
172.26 1 1 3 4
4 5 6 6 148.45
1 1 3 4 4
5 5 7 173.01 1
1 3 4 4 5
5 6 147.94 1 1
3 4 4 5 5
5 148.08 1 1 3
4 4 4 7 7
172.15 1 1 3 4
4 4 6 7 172.49
1 1 3 4 4
4 6 6 148.54 1
1 3 4 4 4
5 7 172.84 1 1
3 4 4 4 5
6 149.12 1 1 3
4 4 4 5 5
147.37 1 1 3 4
4 4 4 7 171.73
1 1 3 4 4
4 4 6 147.96 1
1 3 4 4 4
4 5 147.38 1 1
3 4 4 4 4
4 123.07 1 1 3
3 7 7 7 7
147.28 1 1 3 3
6 7 7 7 147.43
1 1 3 3 6
6 7 7 147.88 1
1 3 3 6 6
6 7 147.75 1 1
3 3 6 6 6
6 124.1 1 1 3
3 5 7 7 7
148.44 1 1 3 3
5 6 7 7 148.59
1 1 3 3 5
6 6 7 148.99 1
1 3 3 5 6
6 6 123.26 1 1
3 3 5 5 7
7 147.93 1 1 3
3 5 5 6 7
147.87 1 1 3 3
5 5 6 6 123.42
1 1 3 3 5
5 5 7 147.61 1
1 3 3 5 5
5 6 98.96 1 1
3 3 5 5 5
5 147.64 1 1 3
3 4 7 7 7
171.84 1 1 3 3
4 6 7 7 171.95
1 1 3 3 4
6 6 7 172.44 1
1 3 3 4 6
6 6 148.4 1 1
3 3 4 5 7
7 172.97 1 1 3
3 4 5 6 7
173.06 1 1 3 3
4 5 6 6 148.16
1 1 3 3 4
5 5 7 172.5 1
1 3 3 4 5
5 6 148.16 1 1
3 3 4 5 5
5 147.57 1 1 3
3 4 4 7 7
172.07 1 1 3 3
4 4 6 7 171.86
1 1 3 3 4
4 6 6 148.6 1
1 3 3 4 4
5 7 173.05 1 1
3 3 4 4 5
6 147.95 1 1 3
3 4 4 5 5
148.21 1 1 3 3
4 4 4 7 172.52
1 1 3 3 4
4 4 6 148.98 1
1 3 3 4 4
4 5 147.62 1 1
3 3 4 4 4
4 124.1 1 1 3
3 3 7 7 7
148.51 1 1 3 3
3 6 7 7 148.5
1 1 3 3 3
6 6 7 148.32 1
1 3 3 3 6
6 6 124.04 1 1
3 3 3 5 7
7 148.13 1 1 3
3 3 5 6 7
148.58 1 1 3 3
3 5 6 6 124
1 1 3 3 3
5 5 7 148.39 1
1 3 3 3 5
5 6 99.5 1 1
3 3 3 5 5
5 148.45 1 1 3
3 3 4 7 7
172.65 1 1 3 3
3 4 6 7 173.2
1 1 3 3 3
4 6 6 148.57 1
1 3 3 3 4
5 7 172.88 1 1
3 3 3 4 5
6 148.76 1 1 3
3 3 4 5 5
148.26 1 1 3 3
3 4 4 7 173.19
1 1 3 3 3
4 4 6 148.57 1
1 3 3 3 4
4 5 148.88 1 1
3 3 3 4 4
4 123.33 1 1 3
3 3 3 7 7
148.01 1 1 3 3
3 3 6 7 147.54
1 1 3 3 3
3 6 6 123.89 1
1 3 3 3 3
5 7 148.54 1 1
3 3 3 3 5
6 99.45 1 1 3
3 3 3 5 5
147.94 1 1 3 3
3 3 4 7 172.54
1 1 3 3 3
3 4 6 148.69 1
1 3 3 3 3
4 5 148.1 1 1
3 3 3 3 4
4 123.42 1 1 3
3 3 3 3 7
147.49 1 1 3 3
3 3 3 6 99.5
1 1 3 3 3
3 3 5 147.79 1
1 3 3 3 3
3 4 98.95 1 1
3 3 3 3 3
3 123.01 1 1 2
7 7 7 7 7
147.54 1 1 2 6
7 7 7 7 147.61
1 1 2 6 6
7 7 7 147.92 1
1 2 6 6 6
7 7 147.94 1 1
2 6 6 6 6
7 147.64 1 1 2
6 6 6 6 6
147.57 1 1 2 5
7 7 7 7 171.66
1 1 2 5 6
7 7 7 171.67 1
1 2 5 6 6
7 7 172.25 1 1
2 5 6 6 6
7 172.04 1 1 2
5 6 6 6 6
147.22 1 1 2 5
5 7 7 7 171.93
1 1 2 5 5
6 7 7 171.85 1
1 2 5 5 6
6 7 172.74 1 1
2 5 5 6 6
6 148.03 1 1 2
5 5 5 7 7
172.11 1 1 2 5
5 5 6 7 172.4
1 1 2 5 5
5 6 6 147.35 1
1 2 5 5 5
5 7 171.47 1 1
2 5 5 5 5
6 147.62 1 1 2
5 5 5 5 5
123.32 1 1 2 4
7 7 7 7 147.95
1 1 2 4 6
7 7 7 148.01 1
1 2 4 6 6
7 7 148.51 1 1
2 4 6 6 6
7 148.5 1 1 2
4 6 6 6 6
147.8 1 1 2 4
5 7 7 7 172.04
1 1 2 4 5
6 7 7 172.17 1
1 2 4 5 6
6 7 172.94 1 1
2 4 5 6 6
6 147.94 1 1 2
4 5 5 7 7
172.06 1 1 2 4
5 5 6 7 172.49
1 1 2 4 5
5 6 6 148.31 1
1 2 4 5 5
5 7 172.5 1 1
2 4 5 5 5
6 147.92 1 1 2
4 5 5 5 5
123.94 1 1 2 4
4 7 7 7 148.15
1 1 2 4 4
6 7 7 148.45 1
1 2 4 4 6
6 7 148.84 1 1
2 4 4 6 6
6 148.43 1 1 2
4 4 5 7 7
172.8 1 1 2 4
4 5 6 7 172.83
1 1 2 4 4
5 6 6 148.51 1
1 2 4 4 5
5 7 172.56 1 1
2 4 4 5 5
6 149.05 1 1 2
4 4 5 5 5
123.35 1 1 2 4
4 4 7 7 147.78
1 1 2 4 4
4 6 7 147.79 1
1 2 4 4 4
6 6 147.87 1 1
2 4 4 4 5
7 172.23 1 1 2
4 4 4 5 6
148.2 1 1 2 4
4 4 5 5 123.59
1 1 2 4 4
4 4 7 147.84 1
1 2 4 4 4
4 6 147.94 1 1
2 4 4 4 4
5 99.04 1 1 2
4 4 4 4 4
195.3 1 1 2 3
7 7 7 7 194.85
1 1 2 3 6
7 7 7 196.03 1
1 2 3 6 6
7 7 195.92 1 1
2 3 6 6 6
7 195.67 1 1 2
3 6 6 6 6
196.08 1 1 2 3
5 7 7 7 195.76
1 1 2 3 5
6 7 7 196.86 1
1 2 3 5 6
6 7 196.38 1 1
2 3 5 6 6
6 196.58 1 1 2
3 5 5 7 7
196.64 1 1 2 3
5 5 6 7 197.33
1 1 2 3 5
5 6 6 195.93 1
1 2 3 5 5
5 7 196.08 1 1
2 3 5 5 5
6 196.14 1 1 2
3 5 5 5 5
195.7 1 1 2 3
4 7 7 7 195.91
1 1 2 3 4
6 7 7 196.89 1
1 2 3 4 6
6 7 196.65 1 1
2 3 4 6 6
6 196.22 1 1 2
3 4 5 7 7
196.21 1 1 2 3
4 5 6 7 197.02
1 1 2 3 4
5 6 6 196.99 1
1 2 3 4 5
5 7 196.69 1 1
2 3 4 5 5
6 196.72 1 1 2
3 4 5 5 5
196.58 1 1 2 3
4 4 7 7 196.38
1 1 2 3 4
4 6 7 196.85 1
1 2 3 4 4
6 6 197.05 1 1
2 3 4 4 5
7 196.69 1 1 2
3 4 4 5 6
197.49 1 1 2 3
4 4 5 5 195.93
1 1 2 3 4
4 4 7 196.12 1
1 2 3 4 4
4 6 196.46 1 1
2 3 4 4 4
5 195.9 1 1 2
3 4 4 4 4
196 1 1 2 3
3 7 7 7 195.92
1 1 2 3 3
6 7 7 196.53 1
1 2 3 3 6
6 7 196.25 1 1
2 3 3 6 6
6 196.44 1 1 2
3 3 5 7 7
197.05 1 1 2 3
3 5 6 7 197.34
1 1 2 3 3
5 6 6 196.27 1
1 2 3 3 5
5 7 196.77 1 1
2 3 3 5 5
6 195.67 1 1 2
3 3 5 5 5
196.02 1 1 2 3
3 4 7 7 196.65
1 1 2 3 3
4 6 7 196.95 1
1 2 3 3 4
6 6 196.88 1 1
2 3 3 4 5
7 197.74 1 1 2
3 3 4 5 6
196.37 1 1 2 3
3 4 5 5 196.4
1 1 2 3 3
4 4 7 196.82 1
1 2 3 3 4
4 6 197.27 1 1
2 3 3 4 4
5 195.89 1 1 2
3 3 4 4 4
196.82 1 1 2 3
3 3 7 7 196.9
1 1 2 3 3
3 6 7 197.01 1
1 2 3 3 3
6 6 197.11 1 1
2 3 3 3 5
7 196.76 1 1 2
3 3 3 5 6
196.91 1 1 2 3
3 3 5 5 197.73
1 1 2 3 3
3 4 7 197.5 1
1 2 3 3 3
4 6 197.45 1 1
2 3 3 3 4
5 198.01 1 1 2
3 3 3 4 4
196.75 1 1 2 3
3 3 3 7 195.8
1 1 2 3 3
3 3 6 197.04 1
1 2 3 3 3
3 5 197.04 1 1
2 3 3 3 3
4 196 1 1 2
3 3 3 3 3
122.93 1 1 2 2
7 7 7 7 147.15
1 1 2 2 6
7 7 7 147.45 1
1 2 2 6 6
7 7 148.12 1 1
2 2 6 6 6
7 147.45 1 1 2
2 6 6 6 6
147.25 1 1 2 2
5 7 7 7 171.66
1 1 2 2 5
6 7 7 171.79 1
1 2 2 5 6
6 7 172.47 1 1
2 2 5 6 6
6 147.25 1 1 2
2 5 5 7 7
171.66 1 1 2 2
5 5 6 7 172.18
1 1 2 2 5
5 6 6 148.12 1
1 2 2 5 5
5 7 172.42 1 1
2 2 5 5 5
6 147.42 1 1 2
2 5 5 5 5
124.04 1 1 2 2
4 7 7 7 148.49
1 1 2 2 4
6 7 7 148.66 1
1 2 2 4 6
6 7 148.83 1 1
2 2 4 6 6
6 148.61 1 1 2
2 4 5 7 7
173.02 1 1 2 2
4 5 6 7 173.02
1 1 2 2 4
5 6 6 148.46 1
1 2 2 4 5
5 7 172.92 1 1
2 2 4 5 5
6 149.03 1 1 2
2 4 5 5 5
123.4 1 1 2 2
4 4 7 7 147.76
1 1 2 2 4
4 6 7 147.83 1
1 2 2 4 4
6 6 147.88 1 1
2 2 4 4 5
7 172.56 1 1 2
2 4 4 5 6
148.14 1 1 2 2
4 4 5 5 123.72
1 1 2 2 4
4 4 7 148.01 1
1 2 2 4 4
4 6 148.34 1 1
2 2 4 4 4
5 98.98 1 1 2
2 4 4 4 4
195.25 1 1 2 2
3 7 7 7 195.95
1 1 2 2 3
6 7 7 195.97 1
1 2 2 3 6
6 7 195.87 1 1
2 2 3 6 6
6 196.14 1 1 2
2 3 5 7 7
196.34 1 1 2 2
3 5 6 7 197.17
1 1 2 2 3
5 6 6 196.27 1
1 2 2 3 5
5 7 196.92 1 1
2 2 3 5 5
6 195.84 1 1 2
2 3 5 5 5
196.69 1 1 2 2
3 4 7 7 196.9
1 1 2 2 3
4 6 7 197.64 1
1 2 2 3 4
6 6 196.71 1 1
2 2 3 4 5
7 197.33 1 1 2
2 3 4 5 6
197.51 1 1 2 2
3 4 5 5 195.68
1 1 2 2 3
4 4 7 196.87 1
1 2 2 3 4
4 6 196.47 1 1
2 2 3 4 4
5 196.07 1 1 2
2 3 4 4 4
195.73 1 1 2 2
3 3 7 7 196.67
1 1 2 2 3
3 6 7 195.83 1
1 2 2 3 3
6 6 196.52 1 1
2 2 3 3 5
7 197.48 1 1 2
2 3 3 5 6
196.01 1 1 2 2
3 3 5 5 196.47
1 1 2 2 3
3 4 7 197.4 1
1 2 2 3 3
4 6 197.49 1 1
2 2 3 3 4
5 196.03 1 1 2
2 3 3 4 4
197.12 1 1 2 2
3 3 3 7 197.07
1 1 2 2 3
3 3 6 197.02 1
1 2 2 3 3
3 5 197.67 1 1
2 2 3 3 3
4 195.87 1 1 2
2 3 3 3 3
123.91 1 1 2 2
2 7 7 7 148.48
1 1 2 2 2
6 7 7 148.58 1
1 2 2 2 6
6 7 148.43 1 1
2 2 2 6 6
6 148.51 1 1 2
2 2 5 7 7
173.02 1 1 2 2
2 5 6 7 172.97
1 1 2 2 2
5 6 6 148.53 1
1 2 2 2 5
5 7 172.94 1 1
2 2 2 5 5
6 149.06 1 1 2
2 2 5 5 5
124 1 1 2 2
2 4 7 7 148.27
1 1 2 2 2
4 6 7 148.42 1
1 2 2 2 4
6 6 148.57 1 1
2 2 2 4 5
7 172.82 1 1 2
2 2 4 5 6
148.49 1 1 2 2
2 4 5 5 124.15
1 1 2 2 2
4 4 7 148.58 1
1 2 2 2 4
4 6 148.34 1 1
2 2 2 4 4
5 99.58 1 1 2
2 2 4 4 4
196.81 1 1 2 2
2 3 7 7 197.15
1 1 2 2 2
3 6 7 197.06 1
1 2 2 2 3
6 6 197.79 1 1
2 2 2 3 5
7 197.39 1 1 2
2 2 3 5 6
197.71 1 1 2 2
2 3 5 5 196.73
1 1 2 2 2
3 4 7 196.64 1
1 2 2 2 3
4 6 197.36 1 1
2 2 2 3 4
5 197.16 1 1 2
2 2 3 4 4
196.98 1 1 2 2
2 3 3 7 197.05
1 1 2 2 2
3 3 6 197.97 1
1 2 2 2 3
3 5 197.07 1 1
2 2 2 3 3
4 197.99 1 1 2
2 2 3 3 3
123.31 1 1 2 2
2 2 7 7 147.84
1 1 2 2 2
2 6 7 147.65 1
1 2 2 2 2
6 6 148.05 1 1
2 2 2 2 5
7 172.54 1 1 2
2 2 2 5 6
147.84 1 1 2 2
2 2 5 5 123.94
1 1 2 2 2
2 4 7 148.5 1
1 2 2 2 2
4 6 148.59 1 1
2 2 2 2 4
5 99.48 1 1 2
2 2 2 4 4
196.45 1 1 2 2
2 2 3 7 196.16
1 1 2 2 2
2 3 6 196.7 1
1 2 2 2 2
3 5 196.89 1 1
2 2 2 2 3
4 196.08 1 1 2
2 2 2 3 3
123.57 1 1 2 2
2 2 2 7 147.38
1 1 2 2 2
2 2 6 147.8 1
1 2 2 2 2
2 5 99.35 1 1
2 2 2 2 2
4 196.01 1 1 2
2 2 2 2 3
98.96 1 1 2 2
2 2 2 2 74.97
1 1 1 7 7
7 7 7 99.59 1
1 1 6 7 7
7 7 99.54 1 1
1 6 6 7 7
7 99.96 1 1 1
6 6 6 7 7
99.98 1 1 1 6
6 6 6 7 99.97
1 1 1 6 6
6 6 6 99.44 1
1 1 5 7 7
7 7 124.12 1 1
1 5 6 7 7
7 123.84 1 1 1
5 6 6 7 7
124.36 1 1 1 5
6 6 6 7 124.48
1 1 1 5 6
6 6 6 99.53 1
1 1 5 5 7
7 7 123.87 1 1
1 5 5 6 7
7 123.83 1 1 1
5 5 6 6 7
124.43 1 1 1 5
5 6 6 6 99.44
1 1 1 5 5
5 7 7 124.02 1
1 1 5 5 5
6 7 123.86 1 1
1 5 5 5 6
6 99.43 1 1 1
5 5 5 5 7
124.05 1 1 1 5
5 5 5 6 75
1 1 1 5 5
5 5 5 99.49 1
1 1 4 7 7
7 7 123.95 1 1
1 4 6 7 7
7 124.04 1 1 1
4 6 6 7 7
124.52 1 1 1 4
6 6 6 7 124.49
1 1 1 4 6
6 6 6 123.73 1
1 1 4 5 7
7 7 148.02 1 1
1 4 5 6 7
7 148.1 1 1 1
4 5 6 6 7
148.65 1 1 1 4
5 6 6 6 123.96
1 1 1 4 5
5 7 7 148.33 1
1 1 4 5 5
6 7 148.42 1 1
1 4 5 5 6
6 123.9 1 1 1
4 5 5 5 7
148.35 1 1 1 4
5 5 5 6 124.13
1 1 1 4 5
5 5 5 99.44 1
1 1 4 4 7
7 7 123.86 1 1
1 4 4 6 7
7 124.08 1 1 1
4 4 6 6 7
124.47 1 1 1 4
4 6 6 6 123.95
1 1 1 4 4
5 7 7 148.53 1
1 1 4 4 5
6 7 148.43 1 1
1 4 4 5 6
6 124.08 1 1 1
4 4 5 5 7
148.32 1 1 1 4
4 5 5 6 124.07
1 1 1 4 4
5 5 5 99.46 1
1 1 4 4 4
7 7 123.71 1 1
1 4 4 4 6
7 124.08 1 1 1
4 4 4 6 6
124.04 1 1 1 4
4 4 5 7 148.4
1 1 1 4 4
4 5 6 124.05 1
1 1 4 4 4
5 5 99.47 1 1
1 4 4 4 4
7 124.03 1 1 1
4 4 4 4 6
123.93 1 1 1 4
4 4 4 5 74.99
1 1 1 4 4
4 4 4 123.93 1
1 1 3 7 7
7 7 148.17 1 1
1 3 6 7 7
7 148.32 1 1 1
3 6 6 7 7
149.12 1 1 1 3
6 6 6 7 148.97
1 1 1 3 6
6 6 6 123.91 1
1 1 3 5 7
7 7 148.14 1 1
1 3 5 6 7
7 148.48 1 1 1
3 5 6 6 7
148.9 1 1 1 3
5 6 6 6 123.97
1 1 1 3 5
5 7 7 148.07 1
1 1 3 5 5
6 7 148.57 1 1
1 3 5 5 6
6 124.09 1 1 1
3 5 5 5 7
148.25 1 1 1 3
5 5 5 6 99.48
1 1 1 3 5
5 5 5 148.14 1
1 1 3 4 7
7 7 172.41 1 1
1 3 4 6 7
7 172.64 1 1 1
3 4 6 6 7
173.11 1 1 1 3
4 6 6 6 148.19
1 1 1 3 4
5 7 7 172.62 1
1 1 3 4 5
6 7 172.98 1 1
1 3 4 5 6
6 148.38 1 1 1
3 4 5 5 7
172.61 1 1 1 3
4 5 5 6 148.44
1 1 1 3 4
5 5 5 148.54 1
1 1 3 4 4
7 7 172.5 1 1
1 3 4 4 6
7 172.67 1 1 1
3 4 4 6 6
148.55 1 1 1 3
4 4 5 7 172.87
1 1 1 3 4
4 5 6 148.39 1
1 1 3 4 4
5 5 148.33 1 1
1 3 4 4 4
7 172.61 1 1 1
3 4 4 4 6
148.5 1 1 1 3
4 4 4 5 148.17
1 1 1 3 4
4 4 4 124.05 1
1 1 3 3 7
7 7 148.65 1 1
1 3 3 6 7
7 148.53 1 1 1
3 3 6 6 7
149 1 1 1 3
3 6 6 6 123.95
1 1 1 3 3
5 7 7 148.35 1
1 1 3 3 5
6 7 148.47 1 1
1 3 3 5 6
6 123.77 1 1 1
3 3 5 5 7
148.5 1 1 1 3
3 5 5 6 99.55
1 1 1 3 3
5 5 5 148.55 1
1 1 3 3 4
7 7 172.91 1 1
1 3 3 4 6
7 172.9 1 1 1
3 3 4 6 6
148.37 1 1 1 3
3 4 5 7 172.92
1 1 1 3 3
4 5 6 148.18 1
1 1 3 3 4
5 5 148.27 1 1
1 3 3 4 4
7 172.68 1 1 1
3 3 4 4 6
148.46 1 1 1 3
3 4 4 5 148.35
1 1 1 3 3
4 4 4 124.44 1
1 1 3 3 3
7 7 148.82 1 1
1 3 3 3 6
7 148.99 1 1 1
3 3 3 6 6
124.34 1 1 1 3
3 3 5 7 148.95
1 1 1 3 3
3 5 6 99.95 1
1 1 3 3 3
5 5 148.97 1 1
1 3 3 3 4
7 173.41 1 1 1
3 3 3 4 6
148.6 1 1 1 3
3 3 4 5 149.08
1 1 1 3 3
3 4 4 124.43 1
1 1 3 3 3
3 7 148.96 1 1
1 3 3 3 3
6 99.95 1 1 1
3 3 3 3 5
149.01 1 1 1 3
3 3 3 4 99.95
1 1 1 3 3
3 3 3 124.14 1
1 1 2 7 7
7 7 148.19 1 1
1 2 6 7 7
7 148.44 1 1 1
2 6 6 7 7
148.85 1 1 1 2
6 6 6 7 149.05
1 1 1 2 6
6 6 6 148.07 1
1 1 2 5 7
7 7 172.28 1 1
1 2 5 6 7
7 172.67 1 1 1
2 5 6 6 7
173.08 1 1 1 2
5 6 6 6 148.46
1 1 1 2 5
5 7 7 172.55 1
1 1 2 5 5
6 7 172.92 1 1
1 2 5 5 6
6 148.47 1 1 1
2 5 5 5 7
172.64 1 1 1 2
5 5 5 6 148.55
1 1 1 2 5
5 5 5 123.8 1
1 1 2 4 7
7 7 148.15 1 1
1 2 4 6 7
7 148.4 1 1 1
2 4 6 6 7
148.94 1 1 1 2
4 6 6 6 148.46
1 1 1 2 4
5 7 7 172.77 1
1 1 2 4 5
6 7 173.11 1 1
1 2 4 5 6
6 148.47 1 1 1
2 4 5 5 7
172.77 1 1 1 2
4 5 5 6 148.57
1 1 1 2 4
5 5 5 123.71 1
1 1 2 4 4
7 7 147.96 1 1
1 2 4 4 6
7 148.32 1 1 1
2 4 4 6 6
148.49 1 1 1 2
4 4 5 7 172.6
1 1 1 2 4
4 5 6 148.42 1
1 1 2 4 4
5 5 123.95 1 1
1 2 4 4 4
7 148.4 1 1 1
2 4 4 4 6
148.4 1 1 1 2
4 4 4 5 99.45
1 1 1 2 4
4 4 4 196.7 1
1 1 2 3 7
7 7 196.63 1 1
1 2 3 6 7
7 197.52 1 1 1
2 3 6 6 7
197.17 1 1 1 2
3 6 6 6 197.12
1 1 1 2 3
5 7 7 196.7 1
1 1 2 3 5
6 7 197.72 1 1
1 2 3 5 6
6 196.67 1 1 1
2 3 5 5 7
196.86 1 1 1 2
3 5 5 6 196.87
1 1 1 2 3
5 5 5 196.88 1
1 1 2 3 4
7 7 196.81 1 1
1 2 3 4 6
7 197.34 1 1 1
2 3 4 6 6
197.12 1 1 1 2
3 4 5 7 196.75
1 1 1 2 3
4 5 6 196.94 1
1 1 2 3 4
5 5 196.89 1 1
1 2 3 4 4
7 197.22 1 1 1
2 3 4 4 6
197.19 1 1 1 2
3 4 4 5 197.12
1 1 1 2 3
4 4 4 197.09 1
1 1 2 3 3
7 7 197.4 1 1
1 2 3 3 6
7 197.88 1 1 1
2 3 3 6 6
196.99 1 1 1 2
3 3 5 7 197.37
1 1 1 2 3
3 5 6 196.72 1
1 1 2 3 3
5 5 196.57 1 1
1 2 3 3 4
7 197.24 1 1 1
2 3 3 4 6
197.23 1 1 1 2
3 3 4 5 197.05
1 1 1 2 3
3 4 4 197.97 1
1 1 2 3 3
3 7 197.68 1 1
1 2 3 3 3
6 198.02 1 1 1
2 3 3 3 5
198.04 1 1 1 2
3 3 3 4 197.79
1 1 1 2 3
3 3 3 123.77 1
1 1 2 2 7
7 7 148.6 1 1
1 2 2 6 7
7 148.71 1 1 1
2 2 6 6 7
148.85 1 1 1 2
2 6 6 6 148.4
1 1 1 2 2
5 7 7 172.99 1
1 1 2 2 5
6 7 172.95 1 1
1 2 2 5 6
6 148.35 1 1 1
2 2 5 5 7
172.97 1 1 1 2
2 5 5 6 148.37
1 1 1 2 2
5 5 5 123.93 1
1 1 2 2 4
7 7 148.51 1 1
1 2 2 4 6
7 148.53 1 1 1
2 2 4 6 6
148.58 1 1 1 2
2 4 5 7 173.05
1 1 1 2 2
4 5 6 148.44 1
1 1 2 2 4
5 5 123.78 1 1
1 2 2 4 4
7 148.24 1 1 1
2 2 4 4 6
148.48 1 1 1 2
2 4 4 5 99.48
1 1 1 2 2
4 4 4 196.87 1
1 1 2 2 3
7 7 197.37 1 1
1 2 2 3 6
7 197.8 1 1 1
2 2 3 6 6
196.98 1 1 1 2
2 3 5 7 197.69
1 1 1 2 2
3 5 6 196.68 1
1 1 2 2 3
5 5 196.89 1 1
1 2 2 3 4
7 197.3 1 1 1
2 2 3 4 6
196.77 1 1 1 2
2 3 4 5 197.1
1 1 1 2 2
3 4 4 196.94 1
1 1 2 2 3
3 7 197.96 1 1
1 2 2 3 3
6 197.08 1 1 1
2 2 3 3 5
197.22 1 1 1 2
2 3 3 4 198.09
1 1 1 2 2
3 3 3 124.44 1
1 1 2 2 2
7 7 149.05 1 1
1 2 2 2 6
7 148.96 1 1 1
2 2 2 6 6
148.81 1 1 1 2
2 2 5 7 173.24
1 1 1 2 2
2 5 6 148.92 1
1 1 2 2 2
5 5 124.6 1 1
1 2 2 2 4
7 149.02 1 1 1
2 2 2 4 6
148.95 1 1 1 2
2 2 4 5 99.97
1 1 1 2 2
2 4 4 198.04 1
1 1 2 2 2
3 7 197.98 1 1
1 2 2 2 3
6 197.87 1 1 1
2 2 2 3 5
198.04 1 1 1 2
2 2 3 4 197.95
1 1 1 2 2
2 3 3 124.38 1
1 1 2 2 2
2 7 148.98 1 1
1 2 2 2 2
6 149.06 1 1 1
2 2 2 2 5
99.95 1 1 1 2
2 2 2 4 197.9
1 1 1 2 2
2 2 3 99.95 1
1 1 2 2 2
2 2 74.96 1 1
1 1 7 7 7
7 99.45 1 1 1
1 6 7 7 7
99.49 1 1 1 1
6 6 7 7 99.93
1 1 1 1 6
6 6 7 99.93 1
1 1 1 6 6
6 6 99.44 1 1
1 1 5 7 7
7 123.93 1 1 1
1 5 6 7 7
123.8 1 1 1 1
5 6 6 7 124.44
1 1 1 1 5
6 6 6 98.77 1
1 1 1 5 5
7 7 123.58 1 1
1 1 5 5 6
7 123.35 1 1 1
1 5 5 6 6
99.42 1 1 1 1
5 5 5 7 123.93
1 1 1 1 5
5 5 6 74.99 1
1 1 1 5 5
5 5 99.47 1 1
1 1 4 7 7
7 123.88 1 1 1
1 4 6 7 7
124.06 1 1 1 1
4 6 6 7 124.43
1 1 1 1 4
6 6 6 123.61 1
1 1 1 4 5
7 7 148.34 1 1
1 1 4 5 6
7 148.23 1 1 1
1 4 5 6 6
123.31 1 1 1 1
4 5 5 7 148.1
1 1 1 1 4
5 5 6 124.06 1
1 1 1 4 5
5 5 99.01 1 1
1 1 4 4 7
7 123.32 1 1 1
1 4 4 6 7
123.12 1 1 1 1
4 4 6 6 123.58
1 1 1 1 4
4 5 7 148.19 1
1 1 1 4 4
5 6 123.07 1 1
1 1 4 4 5
5 99.52 1 1 1
1 4 4 4 7
123.68 1 1 1 1
4 4 4 6 124.02
1 1 1 1 4
4 4 5 74.97 1
1 1 1 4 4
4 4 123.99 1 1
1 1 3 7 7
7 147.96 1 1 1
1 3 6 7 7
148.55 1 1 1 1
3 6 6 7 148.97
1 1 1 1 3
6 6 6 123.59 1
1 1 1 3 5
7 7 147.52 1 1
1 1 3 5 6
7 147.89 1 1 1
1 3 5 6 6
124.1 1 1 1 1
3 5 5 7 148.28
1 1 1 1 3
5 5 6 99.62 1
1 1 1 3 5
5 5 148.15 1 1
1 1 3 4 7
7 172.59 1 1 1
1 3 4 6 7
172.68 1 1 1 1
3 4 6 6 148.31
1 1 1 1 3
4 5 7 172.29 1
1 1 1 3 4
5 6 148.69 1 1
1 1 3 4 5
5 147.96 1 1 1
1 3 4 4 7
172.15 1 1 1 1
3 4 4 6 147.6
1 1 1 1 3
4 4 5 148.2 1
1 1 1 3 4
4 4 123.36 1 1
1 1 3 3 7
7 147.91 1 1 1
1 3 3 6 7
148.11 1 1 1 1
3 3 6 6 124.02
1 1 1 1 3
3 5 7 148.24 1
1 1 1 3 3
5 6 99.44 1 1
1 1 3 3 5
5 147.86 1 1 1
1 3 3 4 7
172.64 1 1 1 1
3 3 4 6 148.34
1 1 1 1 3
3 4 5 147.71 1
1 1 1 3 3
4 4 124.53 1 1
1 1 3 3 3
7 148.91 1 1 1
1 3 3 3 6
99.94 1 1 1 1
3 3 3 5 149.02
1 1 1 1 3
3 3 4 99.96 1
1 1 1 3 3
3 3 124.15 1 1
1 1 2 7 7
7 148.32 1 1 1
1 2 6 7 7
148.33 1 1 1 1
2 6 6 7 148.87
1 1 1 1 2
6 6 6 148.11 1
1 1 1 2 5
7 7 172.53 1 1
1 1 2 5 6
7 172.58 1 1 1
1 2 5 6 6
147.93 1 1 1 1
2 5 5 7 172.17
1 1 1 1 2
5 5 6 148.61 1
1 1 1 2 5
5 5 123.4 1 1
1 1 2 4 7
7 147.49 1 1 1
1 2 4 6 7
148.02 1 1 1 1
2 4 6 6 147.77
1 1 1 1 2
4 5 7 172.4 1
1 1 1 2 4
5 6 147.41 1 1
1 1 2 4 5
5 123.84 1 1 1
1 2 4 4 7
148.29 1 1 1 1
2 4 4 6 148.45
1 1 1 1 2
4 4 5 99.42 1
1 1 1 2 4
4 4 196.66 1 1
1 1 2 3 7
7 196.83 1 1 1
1 2 3 6 7
197.33 1 1 1 1
2 3 6 6 196.53
1 1 1 1 2
3 5 7 196.51 1
1 1 1 2 3
5 6 196.94 1 1
1 1 2 3 5
5 196.69 1 1 1
1 2 3 4 7
196.41 1 1 1 1
2 3 4 6 196.33
1 1 1 1 2
3 4 5 196.89 1
1 1 1 2 3
4 4 196.74 1 1
1 1 2 3 3
7 196.77 1 1 1
1 2 3 3 6
196.66 1 1 1 1
2 3 3 5 196.16
1 1 1 1 2
3 3 4 197.69 1
1 1 1 2 3
3 3 123.34 1 1
1 1 2 2 7
7 147.94 1 1 1
1 2 2 6 7
147.78 1 1 1 1
2 2 6 6 147.87
1 1 1 1 2
2 5 7 172.59 1
1 1 1 2 2
5 6 147.76 1 1
1 1 2 2 5
5 124.08 1 1 1
1 2 2 4 7
148.68 1 1 1 1
2 2 4 6 148.45
1 1 1 1 2
2 4 5 99.44 1
1 1 1 2 2
4 4 196.66 1 1
1 1 2 2 3
7 197.06 1 1 1
1 2 2 3 6
195.92 1 1 1 1
2 2 3 5 197.25
1 1 1 1 2
2 3 4 196.06 1
1 1 1 2 2
3 3 124.48 1 1
1 1 2 2 2
7 148.95 1 1 1
1 2 2 2 6
148.86 1 1 1 1
2 2 2 5 99.98
1 1 1 1 2
2 2 4 197.95 1
1 1 1 2 2
2 3 99.95 1 1
1 1 2 2 2
2 74.98 1 1 1
1 1 7 7 7
99.46 1 1 1 1
1 6 7 7 99.41
1 1 1 1 1
6 6 7 99.96 1
1 1 1 1 6
6 6 99.07 1 1
1 1 1 5 7
7 123.71 1 1 1
1 1 5 6 7
123.47 1 1 1 1
1 5 6 6 99.17
1 1 1 1 1
5 5 7 123.42 1
1 1 1 1 5
5 6 74.97 1 1
1 1 1 5 5
5 99.03 1 1 1
1 1 4 7 7
123.59 1 1 1 1
1 4 6 7 123.57
1 1 1 1 1
4 6 6 122.92 1
1 1 1 1 4
5 7 147.31 1 1
1 1 1 4 5
6 122.97 1 1 1
1 1 4 5 5
98.92 1 1 1 1
1 4 4 7 123.53
1 1 1 1 1
4 4 6 122.98 1
1 1 1 1 4
4 5 75 1 1
1 1 1 4 4
4 123.49 1 1 1
1 1 3 7 7
147.74 1 1 1 1
1 3 6 7 147.99
1 1 1 1 1
3 6 6 123.49 1
1 1 1 1 3
5 7 147.52 1 1
1 1 1 3 5
6 99.44 1 1 1
1 1 3 5 5
147.53 1 1 1 1
1 3 4 7 171.41
1 1 1 1 1
3 4 6 147.59 1
1 1 1 1 3
4 5 147.34 1 1
1 1 1 3 4
4 123.54 1 1 1
1 1 3 3 7
147.96 1 1 1 1
1 3 3 6 99.56
1 1 1 1 1
3 3 5 147.44 1
1 1 1 1 3
3 4 99.98 1 1
1 1 1 3 3
3 123.58 1 1 1
1 1 2 7 7
147.99 1 1 1 1
1 2 6 7 148.05
1 1 1 1 1
2 6 6 147.87 1
1 1 1 1 2
5 7 171.75 1 1
1 1 1 2 5
6 147.49 1 1 1
1 1 2 5 5
123.31 1 1 1 1
1 2 4 7 147.7
1 1 1 1 1
2 4 6 147.75 1
1 1 1 1 2
4 5 99.55 1 1
1 1 1 2 4
4 195.9 1 1 1
1 1 2 3 7
196.3 1 1 1 1
1 2 3 6 195.89
1 1 1 1 1
2 3 5 196.18 1
1 1 1 1 2
3 4 196.08 1 1
1 1 1 2 3
3 123.64 1 1 1
1 1 2 2 7
148.15 1 1 1 1
1 2 2 6 147.69
1 1 1 1 1
2 2 5 99.41 1
1 1 1 1 2
2 4 195.91 1 1
1 1 1 2 2
3 99.97 1 1 1
1 1 2 2 2
74.54 1 1 1 1
1 1 7 7 99.04
1 1 1 1 1
1 6 7 99.09 1
1 1 1 1 1
6 6 98.85 1 1
1 1 1 1 5
7 123.03 1 1 1
1 1 1 5 6
74.49 1 1 1 1
1 1 5 5 98.94
1 1 1 1 1
1 4 7 123.38 1
1 1 1 1 1
4 6 122.98 1 1
1 1 1 1 4
5 74.55 1 1 1
1 1 1 4 4
123.36 1 1 1 1
1 1 3 7 147.9
1 1 1 1 1
1 3 6 98.86 1
1 1 1 1 1
3 5 147.52 1 1
1 1 1 1 3
4 98.96 1 1 1
1 1 1 3 3
123.3 1 1 1 1
1 1 2 7 147.61
1 1 1 1 1
1 2 6 147.59 1
1 1 1 1 1
2 5 99.1 1 1
1 1 1 1 2
4 195.93 1 1 1
1 1 1 2 3
99.05 1 1 1 1
1 1 2 2 74.46
1 1 1 1 1
1 1 7 98.95 1
1 1 1 1 1
1 6 74.64 1 1
1 1 1 1 1
5 74.5 1 1 1
1 1 1 1 4
98.93 1 1 1 1
1 1 1 3 99.05
1 1 1 1 1
1 1 2 50 1
1 1 1 1 1
1 1
