24.785 48.935 96.94 96.99 97.105
97.075 97.86 98.915 99.92 99.87
99.925 99.925 99.94 99.965 100
99.995 99.995 99.995 99.985 100
100 23.815 45.09 85.91 86.335
85.495 85.735 89.56 93.4 97.79
97.72 97.815 97.83 98.48 99.05
99.61 99.59 99.655 99.685 99.77
99.865 99.965 22.335 40.555 72.605
72.565 72.925 72.605 78.495 84.7
91.83 91.68 92.28 92.165 93.66
95.495 97.285 97.555 97.55 97.6
98.15 98.58 99.2 20.01 31.965
51.52 51.28 51.18 51.265 57.42
64.32 71.255 72.18 71.805 72.25
75.45 79.46 83.185 83.25 83.75
83.36 85.71 87.645 90.325 17.665
24.345 34.775 34.405 33.755 33.765
37.715 43.18 48.185 47.91 48.47
48.07 51.53 54.705 58.415 58.655
58.905 58.12 61.225 63.68 67.21
