24.725 48.93 96.935 97.005 97.425
97.49 97.695 97.815 98.52 99.165
99.955 99.93 99.95 99.915 99.925
99.965 99.945 99.985 99.995 100
100 100 100 99.995 23.655
45.155 85.735 85.65 86.455 87.865
88.91 88.835 91.86 94.87 98.305
98.075 98.34 98.41 98.4 98.275
98.865 99.165 99.755 99.825 99.76
99.775 99.6 99.77 22.545 40.755
72.265 72.835 73.945 76.175 77.305
76.74 82.25 87.48 93.23 92.95
93.365 93.525 93.67 93.515 95.025
96.555 97.855 98.08 97.925 98.055
97.985 98.005 20.035 31.825 51.02
51.265 53.135 54.375 56.035 55.335
61.64 67.415 74.435 74.29 74.875
75.795 75.885 75.56 79.5 82.39
86.045 85.765 86.045 86.535 86.535
86.95 17.53 24.73 34.695 34.14
35.605 36.01 37.2 36.995 41.565
45.035 49.605 50.12 51.1 52.185
52.19 52.525 55.705 58.355 61.755
61.79 62.035 62.065 62.93 63.24
