24.795 49.06 97.135 97.245 97.27
97.6 97.795 98.355 98.575 99.175
99.15 99.23 99.17 99.12 99.395
99.685 99.985 99.98 99.97 99.985
99.98 23.52 45.04 85.655 85.555
86.83 88.76 88.595 90.645 92.775
95.17 95.055 95.405 95.195 95.335
96.56 98.09 99.25 99.185 99.22
99.145 99.3 22.365 40.57 72.39
72.515 74.605 77.605 77.895 80.725
84.805 87.71 87.73 88.525 88.47
88.585 91.425 93.61 96.355 96.46
96.175 96.5 96.325 19.895 31.89
50.975 51.03 52.285 55.925 55.845
59.845 64.13 68.65 68.54 69.545
70.23 70.495 74.095 78.01 82.37
82.795 82.685 82.63 83.055 17.56
24.455 34.655 34.09 34.59 37.08
37.25 39.935 43.74 45.865 46.17
47.1 48.195 48.03 51.85 55.685
57.595 58.69 58.86 59.835 59.065
